0 0.2867517605633803 0.2966549295774648 0.050616197183098594 0.13321596244131456 
0 0.11949823943661972 0.6390845070422535 0.03917253521126761 0.12323943661971831 
0 0.160431338028169 0.46742957746478875 0.02772887323943662 0.10974178403755869 
0 0.863556338028169 0.13438967136150234 0.035211267605633804 0.06690140845070422 
0 0.023987676056338027 0.46625586854460094 0.04181338028169014 0.12617370892018778 
0 0.7143485915492958 0.1857394366197183 0.05017605633802817 0.09096244131455399 
0 0.6139964788732394 0.38761737089201875 0.051056338028169015 0.08744131455399061 
0 0.33692781690140844 0.4680164319248826 0.03653169014084507 0.11326291079812206 
0 0.06998239436619719 0.6402582159624414 0.04401408450704225 0.13380281690140844 
0 0.684419014084507 0.7165492957746479 0.04753521126760563 0.07863849765258216 
0 0.3232834507042254 0.1255868544600939 0.047975352112676055 0.12793427230046947 
0 0.6571302816901409 0.18045774647887325 0.04753521126760563 0.0886150234741784 
0 0.7691461267605634 0.1936619718309859 0.050616197183098594 0.08098591549295775 
0 0.8096390845070423 0.6434859154929577 0.0409330985915493 0.05927230046948357 
0 0.909330985915493 0.13879107981220656 0.03873239436619718 0.06514084507042253 
0 0.870818661971831 0.5428403755868545 0.05413732394366197 0.045774647887323945 
0 0.07350352112676056 0.4668427230046948 0.043133802816901406 0.12147887323943662 
0 0.24977992957746478 0.8928990610328639 0.042693661971830985 0.14847417840375587 
0 0.2970950704225352 0.8902582159624414 0.03873239436619718 0.1596244131455399 
0 0.2007042253521127 0.8958333333333334 0.045774647887323945 0.15199530516431925 
0 0.543794014084507 0.8471244131455399 0.0409330985915493 0.06866197183098592 
0 0.7209507042253521 0.9231220657276995 0.0448943661971831 0.0880281690140845 
0 0.7766285211267606 0.9181338028169014 0.0409330985915493 0.0897887323943662 
0 0.013644366197183098 0.8641431924882629 0.02640845070422535 0.1789906103286385 
0 0.858274647887324 0.8342136150234741 0.02640845070422535 0.06514084507042253 
0 0.8926056338028169 0.8301056338028169 0.03433098591549296 0.06748826291079812 
0 0.8901848591549296 0.9134389671361502 0.03477112676056338 0.06279342723004695 
0 0.5330105633802817 0.9357394366197183 0.03697183098591549 0.06748826291079812 
0 0.5081426056338029 0.7232981220657277 0.03389084507042254 0.0733568075117371 
0 0.4630281690140845 0.7180164319248826 0.03433098591549296 0.0733568075117371 
0 0.21390845070422534 0.29577464788732394 0.05017605633802817 0.12910798122065728 
0 0.1952024647887324 0.46449530516431925 0.032130281690140844 0.11795774647887323 
0 0.1624119718309859 0.2960680751173709 0.04929577464788732 0.1238262910798122 
0 0.08670774647887323 0.11971830985915492 0.04753521126760563 0.13028169014084506 
0 0.21808978873239437 0.6540492957746479 0.04533450704225352 0.13791079812206572 
0 0.2913732394366197 0.6505281690140845 0.04841549295774648 0.1426056338028169 
0 0.2929137323943662 0.465962441314554 0.04621478873239437 0.11502347417840375 
0 0.8158010563380281 0.13028169014084506 0.037411971830985914 0.0715962441314554 
0 0.33670774647887325 0.6522887323943662 0.037852112676056336 0.1449530516431925 
0 0.5464348591549296 0.7227112676056338 0.03301056338028169 0.06279342723004695 
0 0.47975352112676056 0.642018779342723 0.04137323943661972 0.06572769953051644 
0 0.860475352112676 0.2056924882629108 0.037852112676056336 0.06396713615023474 
0 0.12830105633802816 0.4580399061032864 0.03653169014084507 0.10856807511737089 
0 0.554137323943662 0.3914319248826291 0.04841549295774648 0.07981220657276995 
0 0.9099911971830986 0.38438967136150237 0.05413732394366197 0.1056338028169014 
0 0.7154489436619719 0.09477699530516431 0.04973591549295775 0.08626760563380281 
0 0.6571302816901409 0.09066901408450705 0.051056338028169015 0.0886150234741784 
0 0.5356514084507042 0.6396713615023474 0.037852112676056336 0.06572769953051644 
0 0.42715669014084506 0.7256455399061033 0.04005281690140845 0.07805164319248827 
0 0.6267605633802817 0.7121478873239436 0.037852112676056336 0.05927230046948357 
0 0.7975352112676056 0.3970070422535211 0.03873239436619718 0.07570422535211267 
0 0.6619718309859155 0.3993544600938967 0.03609154929577465 0.0710093896713615 
0 0.44454225352112675 0.6405516431924883 0.03345070422535211 0.0710093896713615 
0 0.706205985915493 0.3289319248826291 0.0409330985915493 0.06631455399061033 
0 0.7691461267605634 0.10328638497652583 0.05237676056338028 0.08215962441314555 
0 0.8142605633802817 0.1977699530516432 0.03697183098591549 0.07042253521126761 
0 0.2207306338028169 0.12411971830985916 0.05149647887323944 0.13086854460093897 
0 0.2704665492957746 0.12646713615023475 0.047975352112676055 0.13204225352112675 
0 0.8871038732394366 0.6995305164319249 0.04005281690140845 0.09976525821596244 
0 0.9286971830985915 0.698943661971831 0.03433098591549296 0.1056338028169014 
0 0.5820862676056338 0.7227112676056338 0.03477112676056338 0.0710093896713615 
0 0.14018485915492956 0.12206572769953052 0.05413732394366197 0.12793427230046947 
0 0.17209507042253522 0.6528755868544601 0.043133802816901406 0.14612676056338028 
0 0.9584066901408451 0.38615023474178406 0.035651408450704226 0.11032863849765258 
0 0.9306778169014085 0.8303990610328639 0.0409330985915493 0.06103286384976526 
0 0.38600352112676056 0.7294600938967136 0.03609154929577465 0.08098591549295775 
0 0.3439700704225352 0.89231220657277 0.04005281690140845 0.14964788732394366 
0 0.6155369718309859 0.642018779342723 0.03917253521126761 0.07042253521126761 
0 0.433318661971831 0.09184272300469483 0.0409330985915493 0.07805164319248827 
0 0.4456426056338028 0.17987089201877934 0.04181338028169014 0.08744131455399061 
0 0.4900968309859155 0.17928403755868544 0.042693661971830985 0.09096244131455399 
0 0.5398327464788732 0.09213615023474178 0.04709507042253521 0.09624413145539906 
0 0.5374119718309859 0.1813380281690141 0.03609154929577465 0.08215962441314555 
0 0.596830985915493 0.08656103286384977 0.05457746478873239 0.09683098591549295 
0 0.3840228873239437 0.176056338028169 0.04357394366197183 0.0880281690140845 
0 0.5996919014084507 0.18163145539906103 0.050616197183098594 0.0886150234741784 
0 0.9482834507042254 0.13937793427230047 0.03389084507042254 0.06631455399061033 
0 0.9482834507042254 0.20862676056338028 0.030369718309859156 0.06396713615023474 
0 0.985475352112676 0.13615023474178403 0.028169014084507043 0.06807511737089202 
0 0.985475352112676 0.2106807511737089 0.028169014084507043 0.07042253521126761 
0 0.40999119718309857 0.3078051643192488 0.03917253521126761 0.05927230046948357 
0 0.40735035211267606 0.3873239436619718 0.04181338028169014 0.08450704225352113 
0 0.9077904929577465 0.20862676056338028 0.037411971830985914 0.06396713615023474 
0 0.47007042253521125 0.30076291079812206 0.040492957746478875 0.0886150234741784 
0 0.38600352112676056 0.08157276995305164 0.045774647887323945 0.09859154929577464 
0 0.3360475352112676 0.3045774647887324 0.03829225352112676 0.12793427230046947 
0 0.03301056338028169 0.10064553990610328 0.05369718309859155 0.16725352112676056 
0 0.7508802816901409 0.3937793427230047 0.05017605633802817 0.07511737089201878 
0 0.4861355633802817 0.09096244131455399 0.05149647887323944 0.08450704225352113 
0 0.9661091549295775 0.6945422535211268 0.037852112676056336 0.10622065727699531 
0 0.6441461267605634 0.9245892018779343 0.04621478873239437 0.09330985915492958 
0 0.8556338028169014 0.9181338028169014 0.035211267605633804 0.05575117370892019 
0 0.02618838028169014 0.29518779342723006 0.04973591549295775 0.13028169014084506 
0 0.5022007042253521 0.8424295774647887 0.03433098591549296 0.06396713615023474 
0 0.8067781690140845 0.7180164319248826 0.035211267605633804 0.06514084507042253 
0 0.4628080985915493 0.8348004694835681 0.03653169014084507 0.06044600938967136 
0 0.39502640845070425 0.9407276995305164 0.04005281690140845 0.07276995305164319 
0 0.4925176056338028 0.9328051643192489 0.037852112676056336 0.07922535211267606 
0 0.9821742957746479 0.8761737089201878 0.035651408450704226 0.15845070422535212 
0 0.9212147887323944 0.9119718309859155 0.03345070422535211 0.057511737089201875 
0 0.45422535211267606 0.9240023474178404 0.035211267605633804 0.06866197183098592 
0 0.4685299295774648 0.3855633802816901 0.037411971830985914 0.08333333333333333 
0 0.23305457746478872 0.4665492957746479 0.03829225352112676 0.11971830985915492 
0 0.5094630281690141 0.3899647887323944 0.03917253521126761 0.08744131455399061 
0 0.7502200704225352 0.5490023474178404 0.04533450704225352 0.040492957746478875 
0 0.8732394366197183 0.4923708920187793 0.05193661971830986 0.04929577464788732 
0 0.9753521126760564 0.5190727699530516 0.0448943661971831 0.040492957746478875 
0 0.40096830985915494 0.636443661971831 0.0448943661971831 0.061619718309859156 
0 0.5132042253521126 0.301056338028169 0.03609154929577465 0.08215962441314555 
0 0.5746038732394366 0.6382042253521126 0.03829225352112676 0.06514084507042253 
0 0.7495598591549296 0.5014671361502347 0.04401408450704225 0.04636150234741784 
0 0.9746919014084507 0.5542840375586855 0.04621478873239437 0.02171361502347418 
0 0.6932218309859155 0.4961854460093897 0.05369718309859155 0.04988262910798122 
0 0.8397887323943662 0.3993544600938967 0.03961267605633803 0.07687793427230047 
0 0.7053257042253521 0.4005281690140845 0.035651408450704226 0.06631455399061033 
0 0.6621919014084507 0.3259976525821596 0.0409330985915493 0.06631455399061033 
0 0.6150968309859155 0.2992957746478873 0.0488556338028169 0.08333333333333333 
0 0.5580985915492958 0.29694835680751175 0.04753521126760563 0.08098591549295775 
0 0.6954225352112676 0.5446009389671361 0.051056338028169015 0.04460093896713615 
0 0.2867517605633803 0.2966549295774648 0.050616197183098594 0.13321596244131456 
0 0.11949823943661972 0.6390845070422535 0.03917253521126761 0.12323943661971831 
0 0.160431338028169 0.46742957746478875 0.02772887323943662 0.10974178403755869 
0 0.863556338028169 0.13438967136150234 0.035211267605633804 0.06690140845070422 
0 0.023987676056338027 0.46625586854460094 0.04181338028169014 0.12617370892018778 
0 0.7143485915492958 0.1857394366197183 0.05017605633802817 0.09096244131455399 
0 0.6139964788732394 0.38761737089201875 0.051056338028169015 0.08744131455399061 
0 0.33692781690140844 0.4680164319248826 0.03653169014084507 0.11326291079812206 
0 0.06998239436619719 0.6402582159624414 0.04401408450704225 0.13380281690140844 
0 0.684419014084507 0.7165492957746479 0.04753521126760563 0.07863849765258216 
0 0.3232834507042254 0.1255868544600939 0.047975352112676055 0.12793427230046947 
0 0.6571302816901409 0.18045774647887325 0.04753521126760563 0.0886150234741784 
0 0.7691461267605634 0.1936619718309859 0.050616197183098594 0.08098591549295775 
0 0.8096390845070423 0.6434859154929577 0.0409330985915493 0.05927230046948357 
0 0.909330985915493 0.13879107981220656 0.03873239436619718 0.06514084507042253 
0 0.870818661971831 0.5428403755868545 0.05413732394366197 0.045774647887323945 
0 0.07350352112676056 0.4668427230046948 0.043133802816901406 0.12147887323943662 
0 0.24977992957746478 0.8928990610328639 0.042693661971830985 0.14847417840375587 
0 0.2970950704225352 0.8902582159624414 0.03873239436619718 0.1596244131455399 
0 0.2007042253521127 0.8958333333333334 0.045774647887323945 0.15199530516431925 
0 0.543794014084507 0.8471244131455399 0.0409330985915493 0.06866197183098592 
0 0.7209507042253521 0.9231220657276995 0.0448943661971831 0.0880281690140845 
0 0.7766285211267606 0.9181338028169014 0.0409330985915493 0.0897887323943662 
0 0.013644366197183098 0.8641431924882629 0.02640845070422535 0.1789906103286385 
0 0.858274647887324 0.8342136150234741 0.02640845070422535 0.06514084507042253 
0 0.8926056338028169 0.8301056338028169 0.03433098591549296 0.06748826291079812 
0 0.8901848591549296 0.9134389671361502 0.03477112676056338 0.06279342723004695 
0 0.5330105633802817 0.9357394366197183 0.03697183098591549 0.06748826291079812 
0 0.5081426056338029 0.7232981220657277 0.03389084507042254 0.0733568075117371 
0 0.4630281690140845 0.7180164319248826 0.03433098591549296 0.0733568075117371 
0 0.21390845070422534 0.29577464788732394 0.05017605633802817 0.12910798122065728 
0 0.1952024647887324 0.46449530516431925 0.032130281690140844 0.11795774647887323 
0 0.1624119718309859 0.2960680751173709 0.04929577464788732 0.1238262910798122 
0 0.08670774647887323 0.11971830985915492 0.04753521126760563 0.13028169014084506 
0 0.21808978873239437 0.6540492957746479 0.04533450704225352 0.13791079812206572 
0 0.2913732394366197 0.6505281690140845 0.04841549295774648 0.1426056338028169 
0 0.2929137323943662 0.465962441314554 0.04621478873239437 0.11502347417840375 
0 0.8158010563380281 0.13028169014084506 0.037411971830985914 0.0715962441314554 
0 0.33670774647887325 0.6522887323943662 0.037852112676056336 0.1449530516431925 
0 0.5464348591549296 0.7227112676056338 0.03301056338028169 0.06279342723004695 
0 0.47975352112676056 0.642018779342723 0.04137323943661972 0.06572769953051644 
0 0.860475352112676 0.2056924882629108 0.037852112676056336 0.06396713615023474 
0 0.12830105633802816 0.4580399061032864 0.03653169014084507 0.10856807511737089 
0 0.554137323943662 0.3914319248826291 0.04841549295774648 0.07981220657276995 
0 0.9099911971830986 0.38438967136150237 0.05413732394366197 0.1056338028169014 
0 0.7154489436619719 0.09477699530516431 0.04973591549295775 0.08626760563380281 
0 0.6571302816901409 0.09066901408450705 0.051056338028169015 0.0886150234741784 
0 0.5356514084507042 0.6396713615023474 0.037852112676056336 0.06572769953051644 
0 0.42715669014084506 0.7256455399061033 0.04005281690140845 0.07805164319248827 
0 0.6267605633802817 0.7121478873239436 0.037852112676056336 0.05927230046948357 
0 0.7975352112676056 0.3970070422535211 0.03873239436619718 0.07570422535211267 
0 0.6619718309859155 0.3993544600938967 0.03609154929577465 0.0710093896713615 
0 0.44454225352112675 0.6405516431924883 0.03345070422535211 0.0710093896713615 
0 0.706205985915493 0.3289319248826291 0.0409330985915493 0.06631455399061033 
0 0.7691461267605634 0.10328638497652583 0.05237676056338028 0.08215962441314555 
0 0.8142605633802817 0.1977699530516432 0.03697183098591549 0.07042253521126761 
0 0.2207306338028169 0.12411971830985916 0.05149647887323944 0.13086854460093897 
0 0.2704665492957746 0.12646713615023475 0.047975352112676055 0.13204225352112675 
0 0.8871038732394366 0.6995305164319249 0.04005281690140845 0.09976525821596244 
0 0.9286971830985915 0.698943661971831 0.03433098591549296 0.1056338028169014 
0 0.5820862676056338 0.7227112676056338 0.03477112676056338 0.0710093896713615 
0 0.14018485915492956 0.12206572769953052 0.05413732394366197 0.12793427230046947 
0 0.17209507042253522 0.6528755868544601 0.043133802816901406 0.14612676056338028 
0 0.9584066901408451 0.38615023474178406 0.035651408450704226 0.11032863849765258 
0 0.9306778169014085 0.8303990610328639 0.0409330985915493 0.06103286384976526 
0 0.38600352112676056 0.7294600938967136 0.03609154929577465 0.08098591549295775 
0 0.3439700704225352 0.89231220657277 0.04005281690140845 0.14964788732394366 
0 0.6155369718309859 0.642018779342723 0.03917253521126761 0.07042253521126761 
0 0.433318661971831 0.09184272300469483 0.0409330985915493 0.07805164319248827 
0 0.4456426056338028 0.17987089201877934 0.04181338028169014 0.08744131455399061 
0 0.4900968309859155 0.17928403755868544 0.042693661971830985 0.09096244131455399 
0 0.5398327464788732 0.09213615023474178 0.04709507042253521 0.09624413145539906 
0 0.5374119718309859 0.1813380281690141 0.03609154929577465 0.08215962441314555 
0 0.596830985915493 0.08656103286384977 0.05457746478873239 0.09683098591549295 
0 0.3840228873239437 0.176056338028169 0.04357394366197183 0.0880281690140845 
0 0.5996919014084507 0.18163145539906103 0.050616197183098594 0.0886150234741784 
0 0.9482834507042254 0.13937793427230047 0.03389084507042254 0.06631455399061033 
0 0.9482834507042254 0.20862676056338028 0.030369718309859156 0.06396713615023474 
0 0.985475352112676 0.13615023474178403 0.028169014084507043 0.06807511737089202 
0 0.985475352112676 0.2106807511737089 0.028169014084507043 0.07042253521126761 
0 0.40999119718309857 0.3078051643192488 0.03917253521126761 0.05927230046948357 
0 0.40735035211267606 0.3873239436619718 0.04181338028169014 0.08450704225352113 
0 0.9077904929577465 0.20862676056338028 0.037411971830985914 0.06396713615023474 
0 0.47007042253521125 0.30076291079812206 0.040492957746478875 0.0886150234741784 
0 0.38600352112676056 0.08157276995305164 0.045774647887323945 0.09859154929577464 
0 0.3360475352112676 0.3045774647887324 0.03829225352112676 0.12793427230046947 
0 0.03301056338028169 0.10064553990610328 0.05369718309859155 0.16725352112676056 
0 0.7508802816901409 0.3937793427230047 0.05017605633802817 0.07511737089201878 
0 0.4861355633802817 0.09096244131455399 0.05149647887323944 0.08450704225352113 
0 0.9661091549295775 0.6945422535211268 0.037852112676056336 0.10622065727699531 
0 0.6441461267605634 0.9245892018779343 0.04621478873239437 0.09330985915492958 
0 0.8556338028169014 0.9181338028169014 0.035211267605633804 0.05575117370892019 
0 0.02618838028169014 0.29518779342723006 0.04973591549295775 0.13028169014084506 
0 0.5022007042253521 0.8424295774647887 0.03433098591549296 0.06396713615023474 
0 0.8067781690140845 0.7180164319248826 0.035211267605633804 0.06514084507042253 
0 0.4628080985915493 0.8348004694835681 0.03653169014084507 0.06044600938967136 
0 0.39502640845070425 0.9407276995305164 0.04005281690140845 0.07276995305164319 
0 0.4925176056338028 0.9328051643192489 0.037852112676056336 0.07922535211267606 
0 0.9821742957746479 0.8761737089201878 0.035651408450704226 0.15845070422535212 
0 0.9212147887323944 0.9119718309859155 0.03345070422535211 0.057511737089201875 
0 0.45422535211267606 0.9240023474178404 0.035211267605633804 0.06866197183098592 
0 0.4685299295774648 0.3855633802816901 0.037411971830985914 0.08333333333333333 
0 0.23305457746478872 0.4665492957746479 0.03829225352112676 0.11971830985915492 
0 0.5094630281690141 0.3899647887323944 0.03917253521126761 0.08744131455399061 
0 0.7502200704225352 0.5490023474178404 0.04533450704225352 0.040492957746478875 
0 0.8732394366197183 0.4923708920187793 0.05193661971830986 0.04929577464788732 
0 0.9753521126760564 0.5190727699530516 0.0448943661971831 0.040492957746478875 
0 0.40096830985915494 0.636443661971831 0.0448943661971831 0.061619718309859156 
0 0.5132042253521126 0.301056338028169 0.03609154929577465 0.08215962441314555 
0 0.5746038732394366 0.6382042253521126 0.03829225352112676 0.06514084507042253 
0 0.7495598591549296 0.5014671361502347 0.04401408450704225 0.04636150234741784 
0 0.9746919014084507 0.5542840375586855 0.04621478873239437 0.02171361502347418 
0 0.6932218309859155 0.4961854460093897 0.05369718309859155 0.04988262910798122 
0 0.8397887323943662 0.3993544600938967 0.03961267605633803 0.07687793427230047 
0 0.7053257042253521 0.4005281690140845 0.035651408450704226 0.06631455399061033 
0 0.6621919014084507 0.3259976525821596 0.0409330985915493 0.06631455399061033 
0 0.6150968309859155 0.2992957746478873 0.0488556338028169 0.08333333333333333 
0 0.5580985915492958 0.29694835680751175 0.04753521126760563 0.08098591549295775 
0 0.6954225352112676 0.5446009389671361 0.051056338028169015 0.04460093896713615 
0 0.2867517605633803 0.2966549295774648 0.050616197183098594 0.13321596244131456 
0 0.11949823943661972 0.6390845070422535 0.03917253521126761 0.12323943661971831 
0 0.160431338028169 0.46742957746478875 0.02772887323943662 0.10974178403755869 
0 0.863556338028169 0.13438967136150234 0.035211267605633804 0.06690140845070422 
0 0.023987676056338027 0.46625586854460094 0.04181338028169014 0.12617370892018778 
0 0.7143485915492958 0.1857394366197183 0.05017605633802817 0.09096244131455399 
0 0.6139964788732394 0.38761737089201875 0.051056338028169015 0.08744131455399061 
0 0.33692781690140844 0.4680164319248826 0.03653169014084507 0.11326291079812206 
0 0.06998239436619719 0.6402582159624414 0.04401408450704225 0.13380281690140844 
0 0.684419014084507 0.7165492957746479 0.04753521126760563 0.07863849765258216 
0 0.3232834507042254 0.1255868544600939 0.047975352112676055 0.12793427230046947 
0 0.6571302816901409 0.18045774647887325 0.04753521126760563 0.0886150234741784 
0 0.7691461267605634 0.1936619718309859 0.050616197183098594 0.08098591549295775 
0 0.8096390845070423 0.6434859154929577 0.0409330985915493 0.05927230046948357 
0 0.909330985915493 0.13879107981220656 0.03873239436619718 0.06514084507042253 
0 0.870818661971831 0.5428403755868545 0.05413732394366197 0.045774647887323945 
0 0.07350352112676056 0.4668427230046948 0.043133802816901406 0.12147887323943662 
0 0.24977992957746478 0.8928990610328639 0.042693661971830985 0.14847417840375587 
0 0.2970950704225352 0.8902582159624414 0.03873239436619718 0.1596244131455399 
0 0.2007042253521127 0.8958333333333334 0.045774647887323945 0.15199530516431925 
0 0.543794014084507 0.8471244131455399 0.0409330985915493 0.06866197183098592 
0 0.7209507042253521 0.9231220657276995 0.0448943661971831 0.0880281690140845 
0 0.7766285211267606 0.9181338028169014 0.0409330985915493 0.0897887323943662 
0 0.013644366197183098 0.8641431924882629 0.02640845070422535 0.1789906103286385 
0 0.858274647887324 0.8342136150234741 0.02640845070422535 0.06514084507042253 
0 0.8926056338028169 0.8301056338028169 0.03433098591549296 0.06748826291079812 
0 0.8901848591549296 0.9134389671361502 0.03477112676056338 0.06279342723004695 
0 0.5330105633802817 0.9357394366197183 0.03697183098591549 0.06748826291079812 
0 0.5081426056338029 0.7232981220657277 0.03389084507042254 0.0733568075117371 
0 0.4630281690140845 0.7180164319248826 0.03433098591549296 0.0733568075117371 
0 0.21390845070422534 0.29577464788732394 0.05017605633802817 0.12910798122065728 
0 0.1952024647887324 0.46449530516431925 0.032130281690140844 0.11795774647887323 
0 0.1624119718309859 0.2960680751173709 0.04929577464788732 0.1238262910798122 
0 0.08670774647887323 0.11971830985915492 0.04753521126760563 0.13028169014084506 
0 0.21808978873239437 0.6540492957746479 0.04533450704225352 0.13791079812206572 
0 0.2913732394366197 0.6505281690140845 0.04841549295774648 0.1426056338028169 
0 0.2929137323943662 0.465962441314554 0.04621478873239437 0.11502347417840375 
0 0.8158010563380281 0.13028169014084506 0.037411971830985914 0.0715962441314554 
0 0.33670774647887325 0.6522887323943662 0.037852112676056336 0.1449530516431925 
0 0.5464348591549296 0.7227112676056338 0.03301056338028169 0.06279342723004695 
0 0.47975352112676056 0.642018779342723 0.04137323943661972 0.06572769953051644 
0 0.860475352112676 0.2056924882629108 0.037852112676056336 0.06396713615023474 
0 0.12830105633802816 0.4580399061032864 0.03653169014084507 0.10856807511737089 
0 0.554137323943662 0.3914319248826291 0.04841549295774648 0.07981220657276995 
0 0.9099911971830986 0.38438967136150237 0.05413732394366197 0.1056338028169014 
0 0.7154489436619719 0.09477699530516431 0.04973591549295775 0.08626760563380281 
0 0.6571302816901409 0.09066901408450705 0.051056338028169015 0.0886150234741784 
0 0.5356514084507042 0.6396713615023474 0.037852112676056336 0.06572769953051644 
0 0.42715669014084506 0.7256455399061033 0.04005281690140845 0.07805164319248827 
0 0.6267605633802817 0.7121478873239436 0.037852112676056336 0.05927230046948357 
0 0.7975352112676056 0.3970070422535211 0.03873239436619718 0.07570422535211267 
0 0.6619718309859155 0.3993544600938967 0.03609154929577465 0.0710093896713615 
0 0.44454225352112675 0.6405516431924883 0.03345070422535211 0.0710093896713615 
0 0.706205985915493 0.3289319248826291 0.0409330985915493 0.06631455399061033 
0 0.7691461267605634 0.10328638497652583 0.05237676056338028 0.08215962441314555 
0 0.8142605633802817 0.1977699530516432 0.03697183098591549 0.07042253521126761 
0 0.2207306338028169 0.12411971830985916 0.05149647887323944 0.13086854460093897 
0 0.2704665492957746 0.12646713615023475 0.047975352112676055 0.13204225352112675 
0 0.8871038732394366 0.6995305164319249 0.04005281690140845 0.09976525821596244 
0 0.9286971830985915 0.698943661971831 0.03433098591549296 0.1056338028169014 
0 0.5820862676056338 0.7227112676056338 0.03477112676056338 0.0710093896713615 
0 0.14018485915492956 0.12206572769953052 0.05413732394366197 0.12793427230046947 
0 0.17209507042253522 0.6528755868544601 0.043133802816901406 0.14612676056338028 
0 0.9584066901408451 0.38615023474178406 0.035651408450704226 0.11032863849765258 
0 0.9306778169014085 0.8303990610328639 0.0409330985915493 0.06103286384976526 
0 0.38600352112676056 0.7294600938967136 0.03609154929577465 0.08098591549295775 
0 0.3439700704225352 0.89231220657277 0.04005281690140845 0.14964788732394366 
0 0.6155369718309859 0.642018779342723 0.03917253521126761 0.07042253521126761 
0 0.433318661971831 0.09184272300469483 0.0409330985915493 0.07805164319248827 
0 0.4456426056338028 0.17987089201877934 0.04181338028169014 0.08744131455399061 
0 0.4900968309859155 0.17928403755868544 0.042693661971830985 0.09096244131455399 
0 0.5398327464788732 0.09213615023474178 0.04709507042253521 0.09624413145539906 
0 0.5374119718309859 0.1813380281690141 0.03609154929577465 0.08215962441314555 
0 0.596830985915493 0.08656103286384977 0.05457746478873239 0.09683098591549295 
0 0.3840228873239437 0.176056338028169 0.04357394366197183 0.0880281690140845 
0 0.5996919014084507 0.18163145539906103 0.050616197183098594 0.0886150234741784 
0 0.9482834507042254 0.13937793427230047 0.03389084507042254 0.06631455399061033 
0 0.9482834507042254 0.20862676056338028 0.030369718309859156 0.06396713615023474 
0 0.985475352112676 0.13615023474178403 0.028169014084507043 0.06807511737089202 
0 0.985475352112676 0.2106807511737089 0.028169014084507043 0.07042253521126761 
0 0.40999119718309857 0.3078051643192488 0.03917253521126761 0.05927230046948357 
0 0.40735035211267606 0.3873239436619718 0.04181338028169014 0.08450704225352113 
0 0.9077904929577465 0.20862676056338028 0.037411971830985914 0.06396713615023474 
0 0.47007042253521125 0.30076291079812206 0.040492957746478875 0.0886150234741784 
0 0.38600352112676056 0.08157276995305164 0.045774647887323945 0.09859154929577464 
0 0.3360475352112676 0.3045774647887324 0.03829225352112676 0.12793427230046947 
0 0.03301056338028169 0.10064553990610328 0.05369718309859155 0.16725352112676056 
0 0.7508802816901409 0.3937793427230047 0.05017605633802817 0.07511737089201878 
0 0.4861355633802817 0.09096244131455399 0.05149647887323944 0.08450704225352113 
0 0.9661091549295775 0.6945422535211268 0.037852112676056336 0.10622065727699531 
0 0.6441461267605634 0.9245892018779343 0.04621478873239437 0.09330985915492958 
0 0.8556338028169014 0.9181338028169014 0.035211267605633804 0.05575117370892019 
0 0.02618838028169014 0.29518779342723006 0.04973591549295775 0.13028169014084506 
0 0.5022007042253521 0.8424295774647887 0.03433098591549296 0.06396713615023474 
0 0.8067781690140845 0.7180164319248826 0.035211267605633804 0.06514084507042253 
0 0.4628080985915493 0.8348004694835681 0.03653169014084507 0.06044600938967136 
0 0.39502640845070425 0.9407276995305164 0.04005281690140845 0.07276995305164319 
0 0.4925176056338028 0.9328051643192489 0.037852112676056336 0.07922535211267606 
0 0.9821742957746479 0.8761737089201878 0.035651408450704226 0.15845070422535212 
0 0.9212147887323944 0.9119718309859155 0.03345070422535211 0.057511737089201875 
0 0.45422535211267606 0.9240023474178404 0.035211267605633804 0.06866197183098592 
0 0.4685299295774648 0.3855633802816901 0.037411971830985914 0.08333333333333333 
0 0.23305457746478872 0.4665492957746479 0.03829225352112676 0.11971830985915492 
0 0.5094630281690141 0.3899647887323944 0.03917253521126761 0.08744131455399061 
0 0.7502200704225352 0.5490023474178404 0.04533450704225352 0.040492957746478875 
0 0.8732394366197183 0.4923708920187793 0.05193661971830986 0.04929577464788732 
0 0.9753521126760564 0.5190727699530516 0.0448943661971831 0.040492957746478875 
0 0.40096830985915494 0.636443661971831 0.0448943661971831 0.061619718309859156 
0 0.5132042253521126 0.301056338028169 0.03609154929577465 0.08215962441314555 
0 0.5746038732394366 0.6382042253521126 0.03829225352112676 0.06514084507042253 
0 0.7495598591549296 0.5014671361502347 0.04401408450704225 0.04636150234741784 
0 0.9746919014084507 0.5542840375586855 0.04621478873239437 0.02171361502347418 
0 0.6932218309859155 0.4961854460093897 0.05369718309859155 0.04988262910798122 
0 0.8397887323943662 0.3993544600938967 0.03961267605633803 0.07687793427230047 
0 0.7053257042253521 0.4005281690140845 0.035651408450704226 0.06631455399061033 
0 0.6621919014084507 0.3259976525821596 0.0409330985915493 0.06631455399061033 
0 0.6150968309859155 0.2992957746478873 0.0488556338028169 0.08333333333333333 
0 0.5580985915492958 0.29694835680751175 0.04753521126760563 0.08098591549295775 
0 0.6954225352112676 0.5446009389671361 0.051056338028169015 0.04460093896713615 
