0 0.7378961267605634 0.09683098591549295 0.17121478873239437 0.1431924882629108 
0 0.7396566901408451 0.4011150234741784 0.15272887323943662 0.19072769953051644 
0 0.5622799295774648 0.35534037558685444 0.18970070422535212 0.27875586854460094 
0 0.5044014084507042 0.09448356807511737 0.26672535211267606 0.14553990610328638 
0 0.17495598591549297 0.36238262910798125 0.1800176056338028 0.24354460093896713 
0 0.4667693661971831 0.6845657276995305 0.18794014084507044 0.267018779342723 
0 0.20664612676056338 0.10181924882629108 0.207306338028169 0.11326291079812206 
0 0.2764084507042254 0.7447183098591549 0.18485915492957747 0.11384976525821597 
0 0.3633362676056338 0.37089201877934275 0.18882042253521128 0.23708920187793428 
0 0.46919014084507044 0.9375 0.17869718309859156 0.1238262910798122 
0 0.9566461267605634 0.7347417840375586 0.08582746478873239 0.22300469483568075 
0 0.9716109154929577 0.09565727699530517 0.05677816901408451 0.19014084507042253 
0 0.9643485915492958 0.4084507042253521 0.05721830985915493 0.2335680751173709 
0 0.9634683098591549 0.9507042253521126 0.07306338028169014 0.09741784037558686 
0 0.6509683098591549 0.9468896713615024 0.1813380281690141 0.12147887323943662 
0 0.7018045774647887 0.7112676056338029 0.18265845070422534 0.25 
0 0.2790492957746479 0.6320422535211268 0.1795774647887324 0.13262910798122066 
0 0.2636443661971831 0.9292840375586855 0.20598591549295775 0.1414319248826291 
0 0.7378961267605634 0.09683098591549295 0.17121478873239437 0.1431924882629108 
0 0.7396566901408451 0.4011150234741784 0.15272887323943662 0.19072769953051644 
0 0.5622799295774648 0.35534037558685444 0.18970070422535212 0.27875586854460094 
0 0.5044014084507042 0.09448356807511737 0.26672535211267606 0.14553990610328638 
0 0.17495598591549297 0.36238262910798125 0.1800176056338028 0.24354460093896713 
0 0.4667693661971831 0.6845657276995305 0.18794014084507044 0.267018779342723 
0 0.20664612676056338 0.10181924882629108 0.207306338028169 0.11326291079812206 
0 0.2764084507042254 0.7447183098591549 0.18485915492957747 0.11384976525821597 
0 0.3633362676056338 0.37089201877934275 0.18882042253521128 0.23708920187793428 
0 0.46919014084507044 0.9375 0.17869718309859156 0.1238262910798122 
0 0.9566461267605634 0.7347417840375586 0.08582746478873239 0.22300469483568075 
0 0.9716109154929577 0.09565727699530517 0.05677816901408451 0.19014084507042253 
0 0.9643485915492958 0.4084507042253521 0.05721830985915493 0.2335680751173709 
0 0.9634683098591549 0.9507042253521126 0.07306338028169014 0.09741784037558686 
0 0.6509683098591549 0.9468896713615024 0.1813380281690141 0.12147887323943662 
0 0.7018045774647887 0.7112676056338029 0.18265845070422534 0.25 
0 0.2790492957746479 0.6320422535211268 0.1795774647887324 0.13262910798122066 
0 0.2636443661971831 0.9292840375586855 0.20598591549295775 0.1414319248826291 
0 0.7378961267605634 0.09683098591549295 0.17121478873239437 0.1431924882629108 
0 0.7396566901408451 0.4011150234741784 0.15272887323943662 0.19072769953051644 
0 0.5622799295774648 0.35534037558685444 0.18970070422535212 0.27875586854460094 
0 0.5044014084507042 0.09448356807511737 0.26672535211267606 0.14553990610328638 
0 0.17495598591549297 0.36238262910798125 0.1800176056338028 0.24354460093896713 
0 0.4667693661971831 0.6845657276995305 0.18794014084507044 0.267018779342723 
0 0.20664612676056338 0.10181924882629108 0.207306338028169 0.11326291079812206 
0 0.2764084507042254 0.7447183098591549 0.18485915492957747 0.11384976525821597 
0 0.3633362676056338 0.37089201877934275 0.18882042253521128 0.23708920187793428 
0 0.46919014084507044 0.9375 0.17869718309859156 0.1238262910798122 
0 0.9566461267605634 0.7347417840375586 0.08582746478873239 0.22300469483568075 
0 0.9716109154929577 0.09565727699530517 0.05677816901408451 0.19014084507042253 
0 0.9643485915492958 0.4084507042253521 0.05721830985915493 0.2335680751173709 
0 0.9634683098591549 0.9507042253521126 0.07306338028169014 0.09741784037558686 
0 0.6509683098591549 0.9468896713615024 0.1813380281690141 0.12147887323943662 
0 0.7018045774647887 0.7112676056338029 0.18265845070422534 0.25 
0 0.2790492957746479 0.6320422535211268 0.1795774647887324 0.13262910798122066 
0 0.2636443661971831 0.9292840375586855 0.20598591549295775 0.1414319248826291 
