0 0.02090669014084507 0.2538145539906103 0.0409330985915493 0.06748826291079812 
0 0.8309859154929577 0.21390845070422534 0.04753521126760563 0.05575117370892019 
0 0.22799295774647887 0.25586854460093894 0.04841549295774648 0.0715962441314554 
0 0.3857834507042254 0.25821596244131456 0.04973591549295775 0.06924882629107981 
0 0.2836707746478873 0.2576291079812207 0.04709507042253521 0.07042253521126761 
0 0.023547535211267605 0.04107981220657277 0.0409330985915493 0.07511737089201878 
0 0.9289172535211268 0.2778755868544601 0.04005281690140845 0.051056338028169015 
0 0.06976232394366197 0.042546948356807515 0.05677816901408451 0.0733568075117371 
0 0.4040492957746479 0.05927230046948357 0.07658450704225352 0.03873239436619718 
0 0.1912411971830986 0.04225352112676056 0.05765845070422535 0.08098591549295775 
0 0.39920774647887325 0.01936619718309859 0.06866197183098592 0.03755868544600939 
0 0.555237676056338 0.05252347417840376 0.04973591549295775 0.06514084507042253 
0 0.9524647887323944 0.05134976525821596 0.06954225352112677 0.09683098591549295 
0 0.8061179577464789 0.04812206572769953 0.06470070422535211 0.09272300469483569 
0 0.722931338028169 0.043720657276995305 0.06294014084507042 0.08626760563380281 
0 0.230193661971831 0.9474765258215962 0.05457746478873239 0.10504694835680752 
0 0.12720070422535212 0.9289906103286385 0.0528169014084507 0.10915492957746478 
0 0.13028169014084506 0.03990610328638498 0.05457746478873239 0.07863849765258216 
0 0.4390404929577465 0.17928403755868544 0.0488556338028169 0.07805164319248827 
0 0.503080985915493 0.4621478873239437 0.0528169014084507 0.05457746478873239 
0 0.44630281690140844 0.3970070422535211 0.0528169014084507 0.06514084507042253 
0 0.011883802816901408 0.9401408450704225 0.022887323943661973 0.11971830985915492 
0 0.27090669014084506 0.9028755868544601 0.028609154929577465 0.09565727699530517 
0 0.9797535211267606 0.5630868544600939 0.03961267605633803 0.11443661971830986 
0 0.9808538732394366 0.6804577464788732 0.037411971830985914 0.12030516431924883 
0 0.9284771126760564 0.8802816901408451 0.07174295774647887 0.046948356807511735 
0 0.7436179577464789 0.6828051643192489 0.032130281690140844 0.1073943661971831 
0 0.10101232394366197 0.41343896713615025 0.03389084507042254 0.12030516431924883 
0 0.5466549295774648 0.17869718309859156 0.06954225352112677 0.0733568075117371 
0 0.6122359154929577 0.17987089201877934 0.0528169014084507 0.0721830985915493 
0 0.1850792253521127 0.852112676056338 0.05501760563380282 0.07276995305164319 
0 0.5972711267605634 0.5803990610328639 0.07922535211267606 0.0903755868544601 
0 0.9553257042253521 0.9454225352112676 0.08318661971830986 0.07981220657276995 
0 0.6780369718309859 0.4694835680751174 0.050616197183098594 0.056338028169014086 
0 0.6225792253521126 0.4653755868544601 0.05413732394366197 0.05868544600938967 
0 0.6232394366197183 0.4028755868544601 0.0528169014084507 0.061619718309859156 
0 0.5669014084507042 0.4650821596244131 0.05193661971830986 0.052230046948356805 
0 0.5033010563380281 0.39906103286384975 0.05149647887323944 0.06690140845070422 
0 0.4467429577464789 0.4636150234741784 0.05193661971830986 0.05985915492957746 
0 0.06316021126760564 0.8430164319248826 0.05765845070422535 0.07570422535211267 
0 0.5649207746478874 0.4022887323943662 0.04973591549295775 0.06514084507042253 
0 0.9317781690140845 0.21625586854460094 0.04753521126760563 0.06631455399061033 
0 0.22557218309859156 0.7077464788732394 0.08142605633802817 0.12793427230046947 
0 0.6170774647887324 0.9363262910798122 0.07658450704225352 0.12617370892018778 
0 0.36201584507042256 0.9363262910798122 0.07174295774647887 0.12852112676056338 
0 0.8283450704225352 0.4424882629107981 0.06778169014084508 0.10093896713615023 
0 0.2533010563380282 0.0448943661971831 0.06029929577464789 0.06631455399061033 
0 0.6778169014084507 0.2590962441314554 0.0897887323943662 0.061619718309859156 
0 0.5536971830985915 0.25440140845070425 0.04665492957746479 0.0721830985915493 
0 0.15933098591549297 0.5903755868544601 0.07658450704225352 0.08215962441314555 
0 0.876100352112676 0.0448943661971831 0.06382042253521127 0.0886150234741784 
0 0.07108274647887323 0.9375 0.04709507042253521 0.10856807511737089 
0 0.6815580985915493 0.5868544600938967 0.08318661971830986 0.09507042253521127 
0 0.609375 0.25997652582159625 0.0488556338028169 0.07863849765258216 
0 0.7772887323943662 0.21566901408450703 0.045774647887323945 0.05457746478873239 
0 0.3871038732394366 0.18485915492957747 0.047975352112676055 0.06924882629107981 
0 0.33692781690140844 0.1857394366197183 0.04445422535211268 0.06279342723004695 
0 0.4821742957746479 0.04225352112676056 0.061179577464788734 0.08333333333333333 
0 0.6784771126760564 0.4055164319248826 0.04973591549295775 0.05985915492957746 
0 0.7746478873239436 0.27406103286384975 0.04665492957746479 0.05868544600938967 
0 0.5867077464788732 0.7186032863849765 0.0880281690140845 0.11208920187793427 
0 0.33494718309859156 0.25938967136150237 0.0448943661971831 0.062206572769953054 
0 0.1817781690140845 0.9375 0.04225352112676056 0.10269953051643192 
0 0.879181338028169 0.27523474178403756 0.04005281690140845 0.0539906103286385 
0 0.8670774647887324 0.5892018779342723 0.08714788732394366 0.08685446009389672 
0 0.8296654929577465 0.272593896713615 0.043133802816901406 0.0534037558685446 
0 0.41307218309859156 0.7183098591549296 0.0840669014084507 0.11502347417840375 
0 0.2755281690140845 0.42458920187793425 0.09507042253521127 0.13086854460093897 
0 0.13028169014084506 0.7086267605633803 0.08626760563380281 0.1273474178403756 
0 0.06734154929577464 0.25938967136150237 0.05017605633802817 0.062206572769953054 
0 0.3714788732394366 0.4289906103286385 0.08890845070422536 0.12910798122065728 
0 0.8794014084507042 0.7077464788732394 0.09242957746478873 0.13028169014084506 
0 0.8796214788732394 0.21713615023474178 0.04357394366197183 0.06572769953051644 
0 0.7940140845070423 0.7165492957746479 0.06073943661971831 0.11737089201877934 
0 0.316681338028169 0.7098004694835681 0.08494718309859155 0.11208920187793427 
0 0.4425616197183099 0.2564553990610329 0.05501760563380282 0.07746478873239436 
0 0.49889964788732394 0.2576291079812207 0.04357394366197183 0.07863849765258216 
0 0.7515404929577465 0.4325117370892019 0.04621478873239437 0.10211267605633803 
0 0.4080105633802817 0.5994718309859155 0.08098591549295775 0.07922535211267606 
0 0.03873239436619718 0.70481220657277 0.07306338028169014 0.12793427230046947 
0 0.25528169014084506 0.18485915492957747 0.045774647887323945 0.06338028169014084 
0 0.6764964788732394 0.6904342723004695 0.07922535211267606 0.10387323943661972 
0 0.20158450704225353 0.18661971830985916 0.043133802816901406 0.06338028169014084 
0 0.16725352112676056 0.4240023474178404 0.09419014084507042 0.12147887323943662 
0 0.9007482394366197 0.44923708920187794 0.058538732394366196 0.09448356807511737 
0 0.02090669014084507 0.2538145539906103 0.0409330985915493 0.06748826291079812 
0 0.8309859154929577 0.21390845070422534 0.04753521126760563 0.05575117370892019 
0 0.22799295774647887 0.25586854460093894 0.04841549295774648 0.0715962441314554 
0 0.3857834507042254 0.25821596244131456 0.04973591549295775 0.06924882629107981 
0 0.2836707746478873 0.2576291079812207 0.04709507042253521 0.07042253521126761 
0 0.023547535211267605 0.04107981220657277 0.0409330985915493 0.07511737089201878 
0 0.9289172535211268 0.2778755868544601 0.04005281690140845 0.051056338028169015 
0 0.06976232394366197 0.042546948356807515 0.05677816901408451 0.0733568075117371 
0 0.4040492957746479 0.05927230046948357 0.07658450704225352 0.03873239436619718 
0 0.1912411971830986 0.04225352112676056 0.05765845070422535 0.08098591549295775 
0 0.39920774647887325 0.01936619718309859 0.06866197183098592 0.03755868544600939 
0 0.555237676056338 0.05252347417840376 0.04973591549295775 0.06514084507042253 
0 0.9524647887323944 0.05134976525821596 0.06954225352112677 0.09683098591549295 
0 0.8061179577464789 0.04812206572769953 0.06470070422535211 0.09272300469483569 
0 0.722931338028169 0.043720657276995305 0.06294014084507042 0.08626760563380281 
0 0.230193661971831 0.9474765258215962 0.05457746478873239 0.10504694835680752 
0 0.12720070422535212 0.9289906103286385 0.0528169014084507 0.10915492957746478 
0 0.13028169014084506 0.03990610328638498 0.05457746478873239 0.07863849765258216 
0 0.4390404929577465 0.17928403755868544 0.0488556338028169 0.07805164319248827 
0 0.503080985915493 0.4621478873239437 0.0528169014084507 0.05457746478873239 
0 0.44630281690140844 0.3970070422535211 0.0528169014084507 0.06514084507042253 
0 0.011883802816901408 0.9401408450704225 0.022887323943661973 0.11971830985915492 
0 0.27090669014084506 0.9028755868544601 0.028609154929577465 0.09565727699530517 
0 0.9797535211267606 0.5630868544600939 0.03961267605633803 0.11443661971830986 
0 0.9808538732394366 0.6804577464788732 0.037411971830985914 0.12030516431924883 
0 0.9284771126760564 0.8802816901408451 0.07174295774647887 0.046948356807511735 
0 0.7436179577464789 0.6828051643192489 0.032130281690140844 0.1073943661971831 
0 0.10101232394366197 0.41343896713615025 0.03389084507042254 0.12030516431924883 
0 0.5466549295774648 0.17869718309859156 0.06954225352112677 0.0733568075117371 
0 0.6122359154929577 0.17987089201877934 0.0528169014084507 0.0721830985915493 
0 0.1850792253521127 0.852112676056338 0.05501760563380282 0.07276995305164319 
0 0.5972711267605634 0.5803990610328639 0.07922535211267606 0.0903755868544601 
0 0.9553257042253521 0.9454225352112676 0.08318661971830986 0.07981220657276995 
0 0.6780369718309859 0.4694835680751174 0.050616197183098594 0.056338028169014086 
0 0.6225792253521126 0.4653755868544601 0.05413732394366197 0.05868544600938967 
0 0.6232394366197183 0.4028755868544601 0.0528169014084507 0.061619718309859156 
0 0.5669014084507042 0.4650821596244131 0.05193661971830986 0.052230046948356805 
0 0.5033010563380281 0.39906103286384975 0.05149647887323944 0.06690140845070422 
0 0.4467429577464789 0.4636150234741784 0.05193661971830986 0.05985915492957746 
0 0.06316021126760564 0.8430164319248826 0.05765845070422535 0.07570422535211267 
0 0.5649207746478874 0.4022887323943662 0.04973591549295775 0.06514084507042253 
0 0.9317781690140845 0.21625586854460094 0.04753521126760563 0.06631455399061033 
0 0.22557218309859156 0.7077464788732394 0.08142605633802817 0.12793427230046947 
0 0.6170774647887324 0.9363262910798122 0.07658450704225352 0.12617370892018778 
0 0.36201584507042256 0.9363262910798122 0.07174295774647887 0.12852112676056338 
0 0.8283450704225352 0.4424882629107981 0.06778169014084508 0.10093896713615023 
0 0.2533010563380282 0.0448943661971831 0.06029929577464789 0.06631455399061033 
0 0.6778169014084507 0.2590962441314554 0.0897887323943662 0.061619718309859156 
0 0.5536971830985915 0.25440140845070425 0.04665492957746479 0.0721830985915493 
0 0.15933098591549297 0.5903755868544601 0.07658450704225352 0.08215962441314555 
0 0.876100352112676 0.0448943661971831 0.06382042253521127 0.0886150234741784 
0 0.07108274647887323 0.9375 0.04709507042253521 0.10856807511737089 
0 0.6815580985915493 0.5868544600938967 0.08318661971830986 0.09507042253521127 
0 0.609375 0.25997652582159625 0.0488556338028169 0.07863849765258216 
0 0.7772887323943662 0.21566901408450703 0.045774647887323945 0.05457746478873239 
0 0.3871038732394366 0.18485915492957747 0.047975352112676055 0.06924882629107981 
0 0.33692781690140844 0.1857394366197183 0.04445422535211268 0.06279342723004695 
0 0.4821742957746479 0.04225352112676056 0.061179577464788734 0.08333333333333333 
0 0.6784771126760564 0.4055164319248826 0.04973591549295775 0.05985915492957746 
0 0.7746478873239436 0.27406103286384975 0.04665492957746479 0.05868544600938967 
0 0.5867077464788732 0.7186032863849765 0.0880281690140845 0.11208920187793427 
0 0.33494718309859156 0.25938967136150237 0.0448943661971831 0.062206572769953054 
0 0.1817781690140845 0.9375 0.04225352112676056 0.10269953051643192 
0 0.879181338028169 0.27523474178403756 0.04005281690140845 0.0539906103286385 
0 0.8670774647887324 0.5892018779342723 0.08714788732394366 0.08685446009389672 
0 0.8296654929577465 0.272593896713615 0.043133802816901406 0.0534037558685446 
0 0.41307218309859156 0.7183098591549296 0.0840669014084507 0.11502347417840375 
0 0.2755281690140845 0.42458920187793425 0.09507042253521127 0.13086854460093897 
0 0.13028169014084506 0.7086267605633803 0.08626760563380281 0.1273474178403756 
0 0.06734154929577464 0.25938967136150237 0.05017605633802817 0.062206572769953054 
0 0.3714788732394366 0.4289906103286385 0.08890845070422536 0.12910798122065728 
0 0.8794014084507042 0.7077464788732394 0.09242957746478873 0.13028169014084506 
0 0.8796214788732394 0.21713615023474178 0.04357394366197183 0.06572769953051644 
0 0.7940140845070423 0.7165492957746479 0.06073943661971831 0.11737089201877934 
0 0.316681338028169 0.7098004694835681 0.08494718309859155 0.11208920187793427 
0 0.4425616197183099 0.2564553990610329 0.05501760563380282 0.07746478873239436 
0 0.49889964788732394 0.2576291079812207 0.04357394366197183 0.07863849765258216 
0 0.7515404929577465 0.4325117370892019 0.04621478873239437 0.10211267605633803 
0 0.4080105633802817 0.5994718309859155 0.08098591549295775 0.07922535211267606 
0 0.03873239436619718 0.70481220657277 0.07306338028169014 0.12793427230046947 
0 0.25528169014084506 0.18485915492957747 0.045774647887323945 0.06338028169014084 
0 0.6764964788732394 0.6904342723004695 0.07922535211267606 0.10387323943661972 
0 0.20158450704225353 0.18661971830985916 0.043133802816901406 0.06338028169014084 
0 0.16725352112676056 0.4240023474178404 0.09419014084507042 0.12147887323943662 
0 0.9007482394366197 0.44923708920187794 0.058538732394366196 0.09448356807511737 
0 0.02090669014084507 0.2538145539906103 0.0409330985915493 0.06748826291079812 
0 0.8309859154929577 0.21390845070422534 0.04753521126760563 0.05575117370892019 
0 0.22799295774647887 0.25586854460093894 0.04841549295774648 0.0715962441314554 
0 0.3857834507042254 0.25821596244131456 0.04973591549295775 0.06924882629107981 
0 0.2836707746478873 0.2576291079812207 0.04709507042253521 0.07042253521126761 
0 0.023547535211267605 0.04107981220657277 0.0409330985915493 0.07511737089201878 
0 0.9289172535211268 0.2778755868544601 0.04005281690140845 0.051056338028169015 
0 0.06976232394366197 0.042546948356807515 0.05677816901408451 0.0733568075117371 
0 0.4040492957746479 0.05927230046948357 0.07658450704225352 0.03873239436619718 
0 0.1912411971830986 0.04225352112676056 0.05765845070422535 0.08098591549295775 
0 0.39920774647887325 0.01936619718309859 0.06866197183098592 0.03755868544600939 
0 0.555237676056338 0.05252347417840376 0.04973591549295775 0.06514084507042253 
0 0.9524647887323944 0.05134976525821596 0.06954225352112677 0.09683098591549295 
0 0.8061179577464789 0.04812206572769953 0.06470070422535211 0.09272300469483569 
0 0.722931338028169 0.043720657276995305 0.06294014084507042 0.08626760563380281 
0 0.230193661971831 0.9474765258215962 0.05457746478873239 0.10504694835680752 
0 0.12720070422535212 0.9289906103286385 0.0528169014084507 0.10915492957746478 
0 0.13028169014084506 0.03990610328638498 0.05457746478873239 0.07863849765258216 
0 0.4390404929577465 0.17928403755868544 0.0488556338028169 0.07805164319248827 
0 0.503080985915493 0.4621478873239437 0.0528169014084507 0.05457746478873239 
0 0.44630281690140844 0.3970070422535211 0.0528169014084507 0.06514084507042253 
0 0.011883802816901408 0.9401408450704225 0.022887323943661973 0.11971830985915492 
0 0.27090669014084506 0.9028755868544601 0.028609154929577465 0.09565727699530517 
0 0.9797535211267606 0.5630868544600939 0.03961267605633803 0.11443661971830986 
0 0.9808538732394366 0.6804577464788732 0.037411971830985914 0.12030516431924883 
0 0.9284771126760564 0.8802816901408451 0.07174295774647887 0.046948356807511735 
0 0.7436179577464789 0.6828051643192489 0.032130281690140844 0.1073943661971831 
0 0.10101232394366197 0.41343896713615025 0.03389084507042254 0.12030516431924883 
0 0.5466549295774648 0.17869718309859156 0.06954225352112677 0.0733568075117371 
0 0.6122359154929577 0.17987089201877934 0.0528169014084507 0.0721830985915493 
0 0.1850792253521127 0.852112676056338 0.05501760563380282 0.07276995305164319 
0 0.5972711267605634 0.5803990610328639 0.07922535211267606 0.0903755868544601 
0 0.9553257042253521 0.9454225352112676 0.08318661971830986 0.07981220657276995 
0 0.6780369718309859 0.4694835680751174 0.050616197183098594 0.056338028169014086 
0 0.6225792253521126 0.4653755868544601 0.05413732394366197 0.05868544600938967 
0 0.6232394366197183 0.4028755868544601 0.0528169014084507 0.061619718309859156 
0 0.5669014084507042 0.4650821596244131 0.05193661971830986 0.052230046948356805 
0 0.5033010563380281 0.39906103286384975 0.05149647887323944 0.06690140845070422 
0 0.4467429577464789 0.4636150234741784 0.05193661971830986 0.05985915492957746 
0 0.06316021126760564 0.8430164319248826 0.05765845070422535 0.07570422535211267 
0 0.5649207746478874 0.4022887323943662 0.04973591549295775 0.06514084507042253 
0 0.9317781690140845 0.21625586854460094 0.04753521126760563 0.06631455399061033 
0 0.22557218309859156 0.7077464788732394 0.08142605633802817 0.12793427230046947 
0 0.6170774647887324 0.9363262910798122 0.07658450704225352 0.12617370892018778 
0 0.36201584507042256 0.9363262910798122 0.07174295774647887 0.12852112676056338 
0 0.8283450704225352 0.4424882629107981 0.06778169014084508 0.10093896713615023 
0 0.2533010563380282 0.0448943661971831 0.06029929577464789 0.06631455399061033 
0 0.6778169014084507 0.2590962441314554 0.0897887323943662 0.061619718309859156 
0 0.5536971830985915 0.25440140845070425 0.04665492957746479 0.0721830985915493 
0 0.15933098591549297 0.5903755868544601 0.07658450704225352 0.08215962441314555 
0 0.876100352112676 0.0448943661971831 0.06382042253521127 0.0886150234741784 
0 0.07108274647887323 0.9375 0.04709507042253521 0.10856807511737089 
0 0.6815580985915493 0.5868544600938967 0.08318661971830986 0.09507042253521127 
0 0.609375 0.25997652582159625 0.0488556338028169 0.07863849765258216 
0 0.7772887323943662 0.21566901408450703 0.045774647887323945 0.05457746478873239 
0 0.3871038732394366 0.18485915492957747 0.047975352112676055 0.06924882629107981 
0 0.33692781690140844 0.1857394366197183 0.04445422535211268 0.06279342723004695 
0 0.4821742957746479 0.04225352112676056 0.061179577464788734 0.08333333333333333 
0 0.6784771126760564 0.4055164319248826 0.04973591549295775 0.05985915492957746 
0 0.7746478873239436 0.27406103286384975 0.04665492957746479 0.05868544600938967 
0 0.5867077464788732 0.7186032863849765 0.0880281690140845 0.11208920187793427 
0 0.33494718309859156 0.25938967136150237 0.0448943661971831 0.062206572769953054 
0 0.1817781690140845 0.9375 0.04225352112676056 0.10269953051643192 
0 0.879181338028169 0.27523474178403756 0.04005281690140845 0.0539906103286385 
0 0.8670774647887324 0.5892018779342723 0.08714788732394366 0.08685446009389672 
0 0.8296654929577465 0.272593896713615 0.043133802816901406 0.0534037558685446 
0 0.41307218309859156 0.7183098591549296 0.0840669014084507 0.11502347417840375 
0 0.2755281690140845 0.42458920187793425 0.09507042253521127 0.13086854460093897 
0 0.13028169014084506 0.7086267605633803 0.08626760563380281 0.1273474178403756 
0 0.06734154929577464 0.25938967136150237 0.05017605633802817 0.062206572769953054 
0 0.3714788732394366 0.4289906103286385 0.08890845070422536 0.12910798122065728 
0 0.8794014084507042 0.7077464788732394 0.09242957746478873 0.13028169014084506 
0 0.8796214788732394 0.21713615023474178 0.04357394366197183 0.06572769953051644 
0 0.7940140845070423 0.7165492957746479 0.06073943661971831 0.11737089201877934 
0 0.316681338028169 0.7098004694835681 0.08494718309859155 0.11208920187793427 
0 0.4425616197183099 0.2564553990610329 0.05501760563380282 0.07746478873239436 
0 0.49889964788732394 0.2576291079812207 0.04357394366197183 0.07863849765258216 
0 0.7515404929577465 0.4325117370892019 0.04621478873239437 0.10211267605633803 
0 0.4080105633802817 0.5994718309859155 0.08098591549295775 0.07922535211267606 
0 0.03873239436619718 0.70481220657277 0.07306338028169014 0.12793427230046947 
0 0.25528169014084506 0.18485915492957747 0.045774647887323945 0.06338028169014084 
0 0.6764964788732394 0.6904342723004695 0.07922535211267606 0.10387323943661972 
0 0.20158450704225353 0.18661971830985916 0.043133802816901406 0.06338028169014084 
0 0.16725352112676056 0.4240023474178404 0.09419014084507042 0.12147887323943662 
0 0.9007482394366197 0.44923708920187794 0.058538732394366196 0.09448356807511737 
