0 0.8699383802816901 0.3227699530516432 0.04357394366197183 0.13732394366197184 
0 0.7295334507042254 0.5134976525821596 0.06734154929577464 0.2007042253521127 
0 0.02464788732394366 0.5008802816901409 0.0448943661971831 0.17781690140845072 
0 0.7973151408450704 0.5161384976525821 0.0682218309859155 0.1977699530516432 
0 0.026628521126760563 0.23796948356807512 0.05237676056338028 0.21185446009389672 
0 0.9130721830985915 0.6449530516431925 0.03653169014084507 0.13615023474178403 
0 0.8703785211267606 0.17987089201877934 0.04005281690140845 0.1414319248826291 
0 0.7913732394366197 0.7608568075117371 0.04841549295774648 0.17312206572769953 
0 0.9702904929577465 0.3283450704225352 0.05941901408450704 0.13438967136150234 
0 0.5257482394366197 0.7626173708920188 0.05149647887323944 0.1813380281690141 
0 0.7856514084507042 0.2535211267605634 0.07394366197183098 0.20305164319248825 
0 0.9705105633802817 0.5067488262910798 0.0528169014084507 0.12265258215962441 
0 0.9190140845070423 0.5164319248826291 0.035211267605633804 0.11150234741784038 
0 0.4482834507042254 0.9577464788732394 0.05941901408450704 0.08450704225352113 
0 0.3824823943661972 0.9583333333333334 0.0625 0.08333333333333333 
0 0.030149647887323945 0.7678990610328639 0.05765845070422535 0.14730046948356806 
0 0.06756161971830986 0.5020539906103286 0.03477112676056338 0.18955399061032863 
0 0.2574823943661972 0.5041079812206573 0.06778169014084508 0.19248826291079812 
0 0.10585387323943662 0.7714201877934272 0.0840669014084507 0.14847417840375587 
0 0.15184859154929578 0.23327464788732394 0.05985915492957746 0.2177230046948357 
0 0.5061619718309859 0.25029342723004694 0.07570422535211267 0.18955399061032863 
0 0.6305017605633803 0.2538145539906103 0.07086267605633803 0.18485915492957747 
0 0.7275528169014085 0.7752347417840375 0.05457746478873239 0.1772300469483568 
0 0.3331866197183099 0.5090962441314554 0.07922535211267606 0.20833333333333334 
0 0.5805457746478874 0.7655516431924883 0.05193661971830986 0.1766431924882629 
0 0.29159330985915494 0.232981220657277 0.058538732394366196 0.22652582159624413 
0 0.7086267605633803 0.25322769953051644 0.07306338028169014 0.19190140845070422 
0 0.22095070422535212 0.23386150234741784 0.06690140845070422 0.22476525821596244 
0 0.08626760563380281 0.2323943661971831 0.058098591549295774 0.21948356807511737 
0 0.4784330985915493 0.7538145539906104 0.043133802816901406 0.17546948356807512 
0 0.39326584507042256 0.7561619718309859 0.05237676056338028 0.1637323943661972 
0 0.639524647887324 0.7664319248826291 0.06073943661971831 0.18192488262910797 
0 0.18816021126760563 0.5061619718309859 0.06558098591549295 0.198943661971831 
0 0.5404929577464789 0.5108568075117371 0.06954225352112677 0.20246478873239437 
0 0.32900528169014087 0.7634976525821596 0.053257042253521125 0.14906103286384975 
0 0.4317781690140845 0.25410798122065725 0.06954225352112677 0.19483568075117372 
0 0.613556338028169 0.5099765258215962 0.07570422535211267 0.20657276995305165 
0 0.967649647887324 0.6370305164319249 0.0488556338028169 0.12265258215962441 
0 0.36025528169014087 0.2282863849765258 0.06205985915492958 0.2335680751173709 
0 0.11883802816901408 0.505868544600939 0.05985915492957746 0.19248826291079812 
0 0.8699383802816901 0.3227699530516432 0.04357394366197183 0.13732394366197184 
0 0.7295334507042254 0.5134976525821596 0.06734154929577464 0.2007042253521127 
0 0.02464788732394366 0.5008802816901409 0.0448943661971831 0.17781690140845072 
0 0.7973151408450704 0.5161384976525821 0.0682218309859155 0.1977699530516432 
0 0.026628521126760563 0.23796948356807512 0.05237676056338028 0.21185446009389672 
0 0.9130721830985915 0.6449530516431925 0.03653169014084507 0.13615023474178403 
0 0.8703785211267606 0.17987089201877934 0.04005281690140845 0.1414319248826291 
0 0.7913732394366197 0.7608568075117371 0.04841549295774648 0.17312206572769953 
0 0.9702904929577465 0.3283450704225352 0.05941901408450704 0.13438967136150234 
0 0.5257482394366197 0.7626173708920188 0.05149647887323944 0.1813380281690141 
0 0.7856514084507042 0.2535211267605634 0.07394366197183098 0.20305164319248825 
0 0.9705105633802817 0.5067488262910798 0.0528169014084507 0.12265258215962441 
0 0.9190140845070423 0.5164319248826291 0.035211267605633804 0.11150234741784038 
0 0.4482834507042254 0.9577464788732394 0.05941901408450704 0.08450704225352113 
0 0.3824823943661972 0.9583333333333334 0.0625 0.08333333333333333 
0 0.030149647887323945 0.7678990610328639 0.05765845070422535 0.14730046948356806 
0 0.06756161971830986 0.5020539906103286 0.03477112676056338 0.18955399061032863 
0 0.2574823943661972 0.5041079812206573 0.06778169014084508 0.19248826291079812 
0 0.10585387323943662 0.7714201877934272 0.0840669014084507 0.14847417840375587 
0 0.15184859154929578 0.23327464788732394 0.05985915492957746 0.2177230046948357 
0 0.5061619718309859 0.25029342723004694 0.07570422535211267 0.18955399061032863 
0 0.6305017605633803 0.2538145539906103 0.07086267605633803 0.18485915492957747 
0 0.7275528169014085 0.7752347417840375 0.05457746478873239 0.1772300469483568 
0 0.3331866197183099 0.5090962441314554 0.07922535211267606 0.20833333333333334 
0 0.5805457746478874 0.7655516431924883 0.05193661971830986 0.1766431924882629 
0 0.29159330985915494 0.232981220657277 0.058538732394366196 0.22652582159624413 
0 0.7086267605633803 0.25322769953051644 0.07306338028169014 0.19190140845070422 
0 0.22095070422535212 0.23386150234741784 0.06690140845070422 0.22476525821596244 
0 0.08626760563380281 0.2323943661971831 0.058098591549295774 0.21948356807511737 
0 0.4784330985915493 0.7538145539906104 0.043133802816901406 0.17546948356807512 
0 0.39326584507042256 0.7561619718309859 0.05237676056338028 0.1637323943661972 
0 0.639524647887324 0.7664319248826291 0.06073943661971831 0.18192488262910797 
0 0.18816021126760563 0.5061619718309859 0.06558098591549295 0.198943661971831 
0 0.5404929577464789 0.5108568075117371 0.06954225352112677 0.20246478873239437 
0 0.32900528169014087 0.7634976525821596 0.053257042253521125 0.14906103286384975 
0 0.4317781690140845 0.25410798122065725 0.06954225352112677 0.19483568075117372 
0 0.613556338028169 0.5099765258215962 0.07570422535211267 0.20657276995305165 
0 0.967649647887324 0.6370305164319249 0.0488556338028169 0.12265258215962441 
0 0.36025528169014087 0.2282863849765258 0.06205985915492958 0.2335680751173709 
0 0.11883802816901408 0.505868544600939 0.05985915492957746 0.19248826291079812 
0 0.8699383802816901 0.3227699530516432 0.04357394366197183 0.13732394366197184 
0 0.7295334507042254 0.5134976525821596 0.06734154929577464 0.2007042253521127 
0 0.02464788732394366 0.5008802816901409 0.0448943661971831 0.17781690140845072 
0 0.7973151408450704 0.5161384976525821 0.0682218309859155 0.1977699530516432 
0 0.026628521126760563 0.23796948356807512 0.05237676056338028 0.21185446009389672 
0 0.9130721830985915 0.6449530516431925 0.03653169014084507 0.13615023474178403 
0 0.8703785211267606 0.17987089201877934 0.04005281690140845 0.1414319248826291 
0 0.7913732394366197 0.7608568075117371 0.04841549295774648 0.17312206572769953 
0 0.9702904929577465 0.3283450704225352 0.05941901408450704 0.13438967136150234 
0 0.5257482394366197 0.7626173708920188 0.05149647887323944 0.1813380281690141 
0 0.7856514084507042 0.2535211267605634 0.07394366197183098 0.20305164319248825 
0 0.9705105633802817 0.5067488262910798 0.0528169014084507 0.12265258215962441 
0 0.9190140845070423 0.5164319248826291 0.035211267605633804 0.11150234741784038 
0 0.4482834507042254 0.9577464788732394 0.05941901408450704 0.08450704225352113 
0 0.3824823943661972 0.9583333333333334 0.0625 0.08333333333333333 
0 0.030149647887323945 0.7678990610328639 0.05765845070422535 0.14730046948356806 
0 0.06756161971830986 0.5020539906103286 0.03477112676056338 0.18955399061032863 
0 0.2574823943661972 0.5041079812206573 0.06778169014084508 0.19248826291079812 
0 0.10585387323943662 0.7714201877934272 0.0840669014084507 0.14847417840375587 
0 0.15184859154929578 0.23327464788732394 0.05985915492957746 0.2177230046948357 
0 0.5061619718309859 0.25029342723004694 0.07570422535211267 0.18955399061032863 
0 0.6305017605633803 0.2538145539906103 0.07086267605633803 0.18485915492957747 
0 0.7275528169014085 0.7752347417840375 0.05457746478873239 0.1772300469483568 
0 0.3331866197183099 0.5090962441314554 0.07922535211267606 0.20833333333333334 
0 0.5805457746478874 0.7655516431924883 0.05193661971830986 0.1766431924882629 
0 0.29159330985915494 0.232981220657277 0.058538732394366196 0.22652582159624413 
0 0.7086267605633803 0.25322769953051644 0.07306338028169014 0.19190140845070422 
0 0.22095070422535212 0.23386150234741784 0.06690140845070422 0.22476525821596244 
0 0.08626760563380281 0.2323943661971831 0.058098591549295774 0.21948356807511737 
0 0.4784330985915493 0.7538145539906104 0.043133802816901406 0.17546948356807512 
0 0.39326584507042256 0.7561619718309859 0.05237676056338028 0.1637323943661972 
0 0.639524647887324 0.7664319248826291 0.06073943661971831 0.18192488262910797 
0 0.18816021126760563 0.5061619718309859 0.06558098591549295 0.198943661971831 
0 0.5404929577464789 0.5108568075117371 0.06954225352112677 0.20246478873239437 
0 0.32900528169014087 0.7634976525821596 0.053257042253521125 0.14906103286384975 
0 0.4317781690140845 0.25410798122065725 0.06954225352112677 0.19483568075117372 
0 0.613556338028169 0.5099765258215962 0.07570422535211267 0.20657276995305165 
0 0.967649647887324 0.6370305164319249 0.0488556338028169 0.12265258215962441 
0 0.36025528169014087 0.2282863849765258 0.06205985915492958 0.2335680751173709 
0 0.11883802816901408 0.505868544600939 0.05985915492957746 0.19248826291079812 
