0 0.9401408450704225 0.3078051643192488 0.05457746478873239 0.09213615023474178 
0 0.9128521126760564 0.5448943661971831 0.11883802816901408 0.1602112676056338 
0 0.644806338028169 0.2904929577464789 0.06073943661971831 0.10328638497652583 
0 0.9018485915492958 0.20598591549295775 0.0528169014084507 0.1056338028169014 
0 0.03169014084507042 0.2643779342723005 0.0625 0.10856807511737089 
0 0.5728433098591549 0.2846244131455399 0.06558098591549295 0.1056338028169014 
0 0.9579665492957746 0.744424882629108 0.08318661971830986 0.125 
0 0.9077904929577465 0.9084507042253521 0.1131161971830986 0.16901408450704225 
0 0.785431338028169 0.9049295774647887 0.1131161971830986 0.17370892018779344 
0 0.6584507042253521 0.9122652582159625 0.125 0.16960093896713616 
0 0.5275088028169014 0.9116784037558685 0.1192781690140845 0.17546948356807512 
0 0.3882042253521127 0.9301643192488263 0.12764084507042253 0.1255868544600939 
0 0.38776408450704225 0.4533450704225352 0.061619718309859156 0.11208920187793427 
0 0.6232394366197183 0.5146713615023474 0.11355633802816902 0.13028169014084506 
0 0.035431338028169015 0.1481807511737089 0.06470070422535211 0.10974178403755869 
0 0.3457306338028169 0.2746478873239437 0.06205985915492958 0.1068075117370892 
0 0.9586267605633803 0.21156103286384975 0.0528169014084507 0.08744131455399061 
0 0.866637323943662 0.30839201877934275 0.06602112676056338 0.08274647887323944 
0 0.3158010563380282 0.4527582159624413 0.0664612676056338 0.11091549295774648 
0 0.273987676056338 0.15023474178403756 0.0664612676056338 0.11267605633802817 
0 0.4944982394366197 0.2831572769953052 0.06998239436619719 0.10504694835680752 
0 0.30963908450704225 0.5707159624413145 0.06470070422535211 0.09330985915492958 
0 0.7651848591549296 0.5425469483568075 0.12632042253521128 0.1602112676056338 
0 0.18794014084507044 0.2705399061032864 0.06866197183098592 0.10915492957746478 
0 0.38974471830985913 0.7767018779342723 0.12632042253521128 0.15669014084507044 
0 0.11157570422535211 0.2676056338028169 0.06998239436619719 0.11854460093896714 
0 0.26936619718309857 0.2764084507042254 0.061619718309859156 0.09624413145539906 
0 0.4183538732394366 0.2802230046948357 0.0682218309859155 0.09917840375586855 
0 0.18287852112676056 0.1449530516431925 0.0682218309859155 0.11854460093896714 
0 0.10585387323943662 0.1426056338028169 0.0743838028169014 0.1255868544600939 
0 0.8375880281690141 0.2021713615023474 0.06426056338028169 0.10035211267605634 
0 0.3485915492957746 0.15669014084507044 0.06954225352112677 0.11619718309859155 
0 0.23459507042253522 0.45129107981220656 0.06514084507042253 0.11384976525821597 
0 0.2363556338028169 0.568368544600939 0.06514084507042253 0.10152582159624413 
0 0.6560299295774648 0.7467723004694836 0.10431338028169014 0.13204225352112675 
0 0.15602992957746478 0.4509976525821596 0.06998239436619719 0.11326291079812206 
0 0.38446302816901406 0.5677816901408451 0.06029929577464789 0.10152582159624413 
0 0.16109154929577466 0.5642605633802817 0.06778169014084508 0.10152582159624413 
0 0.9401408450704225 0.3078051643192488 0.05457746478873239 0.09213615023474178 
0 0.9128521126760564 0.5448943661971831 0.11883802816901408 0.1602112676056338 
0 0.644806338028169 0.2904929577464789 0.06073943661971831 0.10328638497652583 
0 0.9018485915492958 0.20598591549295775 0.0528169014084507 0.1056338028169014 
0 0.03169014084507042 0.2643779342723005 0.0625 0.10856807511737089 
0 0.5728433098591549 0.2846244131455399 0.06558098591549295 0.1056338028169014 
0 0.9579665492957746 0.744424882629108 0.08318661971830986 0.125 
0 0.9077904929577465 0.9084507042253521 0.1131161971830986 0.16901408450704225 
0 0.785431338028169 0.9049295774647887 0.1131161971830986 0.17370892018779344 
0 0.6584507042253521 0.9122652582159625 0.125 0.16960093896713616 
0 0.5275088028169014 0.9116784037558685 0.1192781690140845 0.17546948356807512 
0 0.3882042253521127 0.9301643192488263 0.12764084507042253 0.1255868544600939 
0 0.38776408450704225 0.4533450704225352 0.061619718309859156 0.11208920187793427 
0 0.6232394366197183 0.5146713615023474 0.11355633802816902 0.13028169014084506 
0 0.035431338028169015 0.1481807511737089 0.06470070422535211 0.10974178403755869 
0 0.3457306338028169 0.2746478873239437 0.06205985915492958 0.1068075117370892 
0 0.9586267605633803 0.21156103286384975 0.0528169014084507 0.08744131455399061 
0 0.866637323943662 0.30839201877934275 0.06602112676056338 0.08274647887323944 
0 0.3158010563380282 0.4527582159624413 0.0664612676056338 0.11091549295774648 
0 0.273987676056338 0.15023474178403756 0.0664612676056338 0.11267605633802817 
0 0.4944982394366197 0.2831572769953052 0.06998239436619719 0.10504694835680752 
0 0.30963908450704225 0.5707159624413145 0.06470070422535211 0.09330985915492958 
0 0.7651848591549296 0.5425469483568075 0.12632042253521128 0.1602112676056338 
0 0.18794014084507044 0.2705399061032864 0.06866197183098592 0.10915492957746478 
0 0.38974471830985913 0.7767018779342723 0.12632042253521128 0.15669014084507044 
0 0.11157570422535211 0.2676056338028169 0.06998239436619719 0.11854460093896714 
0 0.26936619718309857 0.2764084507042254 0.061619718309859156 0.09624413145539906 
0 0.4183538732394366 0.2802230046948357 0.0682218309859155 0.09917840375586855 
0 0.18287852112676056 0.1449530516431925 0.0682218309859155 0.11854460093896714 
0 0.10585387323943662 0.1426056338028169 0.0743838028169014 0.1255868544600939 
0 0.8375880281690141 0.2021713615023474 0.06426056338028169 0.10035211267605634 
0 0.3485915492957746 0.15669014084507044 0.06954225352112677 0.11619718309859155 
0 0.23459507042253522 0.45129107981220656 0.06514084507042253 0.11384976525821597 
0 0.2363556338028169 0.568368544600939 0.06514084507042253 0.10152582159624413 
0 0.6560299295774648 0.7467723004694836 0.10431338028169014 0.13204225352112675 
0 0.15602992957746478 0.4509976525821596 0.06998239436619719 0.11326291079812206 
0 0.38446302816901406 0.5677816901408451 0.06029929577464789 0.10152582159624413 
0 0.16109154929577466 0.5642605633802817 0.06778169014084508 0.10152582159624413 
0 0.9401408450704225 0.3078051643192488 0.05457746478873239 0.09213615023474178 
0 0.9128521126760564 0.5448943661971831 0.11883802816901408 0.1602112676056338 
0 0.644806338028169 0.2904929577464789 0.06073943661971831 0.10328638497652583 
0 0.9018485915492958 0.20598591549295775 0.0528169014084507 0.1056338028169014 
0 0.03169014084507042 0.2643779342723005 0.0625 0.10856807511737089 
0 0.5728433098591549 0.2846244131455399 0.06558098591549295 0.1056338028169014 
0 0.9579665492957746 0.744424882629108 0.08318661971830986 0.125 
0 0.9077904929577465 0.9084507042253521 0.1131161971830986 0.16901408450704225 
0 0.785431338028169 0.9049295774647887 0.1131161971830986 0.17370892018779344 
0 0.6584507042253521 0.9122652582159625 0.125 0.16960093896713616 
0 0.5275088028169014 0.9116784037558685 0.1192781690140845 0.17546948356807512 
0 0.3882042253521127 0.9301643192488263 0.12764084507042253 0.1255868544600939 
0 0.38776408450704225 0.4533450704225352 0.061619718309859156 0.11208920187793427 
0 0.6232394366197183 0.5146713615023474 0.11355633802816902 0.13028169014084506 
0 0.035431338028169015 0.1481807511737089 0.06470070422535211 0.10974178403755869 
0 0.3457306338028169 0.2746478873239437 0.06205985915492958 0.1068075117370892 
0 0.9586267605633803 0.21156103286384975 0.0528169014084507 0.08744131455399061 
0 0.866637323943662 0.30839201877934275 0.06602112676056338 0.08274647887323944 
0 0.3158010563380282 0.4527582159624413 0.0664612676056338 0.11091549295774648 
0 0.273987676056338 0.15023474178403756 0.0664612676056338 0.11267605633802817 
0 0.4944982394366197 0.2831572769953052 0.06998239436619719 0.10504694835680752 
0 0.30963908450704225 0.5707159624413145 0.06470070422535211 0.09330985915492958 
0 0.7651848591549296 0.5425469483568075 0.12632042253521128 0.1602112676056338 
0 0.18794014084507044 0.2705399061032864 0.06866197183098592 0.10915492957746478 
0 0.38974471830985913 0.7767018779342723 0.12632042253521128 0.15669014084507044 
0 0.11157570422535211 0.2676056338028169 0.06998239436619719 0.11854460093896714 
0 0.26936619718309857 0.2764084507042254 0.061619718309859156 0.09624413145539906 
0 0.4183538732394366 0.2802230046948357 0.0682218309859155 0.09917840375586855 
0 0.18287852112676056 0.1449530516431925 0.0682218309859155 0.11854460093896714 
0 0.10585387323943662 0.1426056338028169 0.0743838028169014 0.1255868544600939 
0 0.8375880281690141 0.2021713615023474 0.06426056338028169 0.10035211267605634 
0 0.3485915492957746 0.15669014084507044 0.06954225352112677 0.11619718309859155 
0 0.23459507042253522 0.45129107981220656 0.06514084507042253 0.11384976525821597 
0 0.2363556338028169 0.568368544600939 0.06514084507042253 0.10152582159624413 
0 0.6560299295774648 0.7467723004694836 0.10431338028169014 0.13204225352112675 
0 0.15602992957746478 0.4509976525821596 0.06998239436619719 0.11326291079812206 
0 0.38446302816901406 0.5677816901408451 0.06029929577464789 0.10152582159624413 
0 0.16109154929577466 0.5642605633802817 0.06778169014084508 0.10152582159624413 
