0 0.04225352112676056 0.1238262910798122 0.06426056338028169 0.12441314553990611 
0 0.832306338028169 0.9559859154929577 0.09242957746478873 0.08685446009389672 
0 0.7119278169014085 0.8990610328638498 0.053257042253521125 0.0892018779342723 
0 0.8477112676056338 0.7646713615023474 0.10475352112676056 0.046948356807511735 
0 0.03411091549295775 0.892018779342723 0.050616197183098594 0.1396713615023474 
0 0.5332306338028169 0.9151995305164319 0.04445422535211268 0.13086854460093897 
0 0.4828345070422535 0.9140258215962441 0.04929577464788732 0.12147887323943662 
0 0.5288292253521126 0.659330985915493 0.10695422535211267 0.20833333333333334 
0 0.24317781690140844 0.9278169014084507 0.053257042253521125 0.1443661971830986 
0 0.18794014084507044 0.9137323943661971 0.051056338028169015 0.1607981220657277 
0 0.778169014084507 0.20334507042253522 0.11883802816901408 0.06396713615023474 
0 0.13754401408450703 0.9014084507042254 0.047975352112676055 0.15492957746478872 
0 0.29819542253521125 0.9322183098591549 0.053257042253521125 0.13556338028169015 
0 0.9667693661971831 0.3826291079812207 0.07086267605633803 0.06103286384976526 
0 0.08736795774647887 0.897887323943662 0.050616197183098594 0.15140845070422534 
0 0.14128521126760563 0.44278169014084506 0.061619718309859156 0.08039906103286384 
0 0.9223151408450704 0.8999413145539906 0.08142605633802817 0.051056338028169015 
0 0.0684419014084507 0.37059859154929575 0.0761443661971831 0.06396713615023474 
0 0.8710387323943662 0.4413145539906103 0.10035211267605634 0.08333333333333333 
0 0.8567341549295775 0.6684272300469484 0.10167253521126761 0.06572769953051644 
0 0.9643485915492958 0.45129107981220656 0.06866197183098592 0.07394366197183098 
0 0.8474911971830986 0.7238849765258216 0.09463028169014084 0.03814553990610329 
0 0.8734595070422535 0.3562206572769953 0.09991197183098592 0.06455399061032864 
0 0.7671654929577465 0.36384976525821594 0.09683098591549295 0.06455399061032864 
0 0.7629841549295775 0.4369131455399061 0.1034330985915493 0.06748826291079812 
0 0.7486795774647887 0.6675469483568075 0.1056338028169014 0.05575117370892019 
0 0.7484595070422535 0.7174295774647887 0.09463028169014084 0.03814553990610329 
0 0.7475792253521126 0.7599765258215962 0.09022887323943662 0.04107981220657277 
0 0.7616637323943662 0.960093896713615 0.04181338028169014 0.0715962441314554 
0 0.7117077464788732 0.971244131455399 0.056338028169014086 0.0528169014084507 
0 0.6456866197183099 0.9181338028169014 0.051056338028169015 0.08274647887323944 
0 0.5917693661971831 0.914906103286385 0.04533450704225352 0.07863849765258216 
0 0.3397887323943662 0.13937793427230047 0.05369718309859155 0.08509389671361503 
0 0.13952464788732394 0.37177230046948356 0.061619718309859156 0.061619718309859156 
0 0.9091109154929577 0.2106807511737089 0.11839788732394366 0.06690140845070422 
0 0.214568661971831 0.24031690140845072 0.05413732394366197 0.12265258215962441 
0 0.04511443661971831 0.2409037558685446 0.06294014084507042 0.10856807511737089 
0 0.2605633802816901 0.6578638497652582 0.05017605633802817 0.14906103286384975 
0 0.15625 0.2367957746478873 0.05721830985915493 0.11913145539906103 
0 0.10211267605633803 0.6437793427230047 0.04841549295774648 0.14084507042253522 
0 0.6494278169014085 0.9806338028169014 0.050616197183098594 0.03403755868544601 
0 0.6527288732394366 0.4448356807511737 0.10475352112676056 0.1596244131455399 
0 0.20356514084507044 0.4328051643192488 0.0664612676056338 0.10622065727699531 
0 0.680237676056338 0.1273474178403756 0.05765845070422535 0.12441314553990611 
0 0.5477552816901409 0.12177230046948356 0.058538732394366196 0.11795774647887323 
0 0.20598591549295775 0.6555164319248826 0.05193661971830986 0.15023474178403756 
0 0.4410211267605634 0.43045774647887325 0.09595070422535211 0.14730046948356806 
0 0.9097711267605634 0.13086854460093897 0.11883802816901408 0.07394366197183098 
0 0.5455545774647887 0.4386737089201878 0.09639084507042253 0.159037558685446 
0 0.5473151408450704 0.2511737089201878 0.05149647887323944 0.12793427230046947 
0 0.05215669014084507 0.636443661971831 0.047975352112676055 0.1449530516431925 
0 0.27838908450704225 0.24178403755868544 0.055897887323943664 0.12793427230046947 
0 0.41879401408450706 0.24501173708920188 0.05677816901408451 0.1273474178403756 
0 0.48151408450704225 0.24794600938967137 0.056338028169014086 0.1238262910798122 
0 0.6764964788732394 0.255575117370892 0.05545774647887324 0.11913145539906103 
0 0.36245598591549294 0.6464201877934272 0.04005281690140845 0.18016431924882628 
0 0.35057218309859156 0.4386737089201878 0.06382042253521127 0.11208920187793427 
0 0.4837147887323944 0.12441314553990611 0.05545774647887324 0.11971830985915492 
0 0.6747359154929577 0.7505868544600939 0.05017605633802817 0.0715962441314554 
0 0.6106954225352113 0.12294600938967136 0.058538732394366196 0.12265258215962441 
0 0.6142165492957746 0.7420774647887324 0.04621478873239437 0.0698356807511737 
0 0.07306338028169014 0.443075117370892 0.06954225352112677 0.06924882629107981 
0 0.2797095070422535 0.43515258215962443 0.07086267605633803 0.10856807511737089 
0 0.3109595070422535 0.6437793427230047 0.04357394366197183 0.18779342723004694 
0 0.44938380281690143 0.6631455399061033 0.045774647887323945 0.18192488262910797 
0 0.33846830985915494 0.24442488262910797 0.05721830985915493 0.11795774647887323 
0 0.6100352112676056 0.255575117370892 0.05369718309859155 0.1238262910798122 
0 0.41901408450704225 0.12147887323943662 0.058098591549295774 0.11619718309859155 
0 0.15272887323943662 0.6467136150234741 0.04841549295774648 0.14553990610328638 
0 0.40184859154929575 0.6517018779342723 0.03961267605633803 0.19190140845070422 
0 0.7772887323943662 0.12852112676056338 0.12411971830985916 0.07276995305164319 
0 0.590669014084507 0.9756455399061033 0.04753521126760563 0.04401408450704225 
0 0.9350792253521126 0.965669014084507 0.1034330985915493 0.06279342723004695 
0 0.04225352112676056 0.1238262910798122 0.06426056338028169 0.12441314553990611 
0 0.832306338028169 0.9559859154929577 0.09242957746478873 0.08685446009389672 
0 0.7119278169014085 0.8990610328638498 0.053257042253521125 0.0892018779342723 
0 0.8477112676056338 0.7646713615023474 0.10475352112676056 0.046948356807511735 
0 0.03411091549295775 0.892018779342723 0.050616197183098594 0.1396713615023474 
0 0.5332306338028169 0.9151995305164319 0.04445422535211268 0.13086854460093897 
0 0.4828345070422535 0.9140258215962441 0.04929577464788732 0.12147887323943662 
0 0.5288292253521126 0.659330985915493 0.10695422535211267 0.20833333333333334 
0 0.24317781690140844 0.9278169014084507 0.053257042253521125 0.1443661971830986 
0 0.18794014084507044 0.9137323943661971 0.051056338028169015 0.1607981220657277 
0 0.778169014084507 0.20334507042253522 0.11883802816901408 0.06396713615023474 
0 0.13754401408450703 0.9014084507042254 0.047975352112676055 0.15492957746478872 
0 0.29819542253521125 0.9322183098591549 0.053257042253521125 0.13556338028169015 
0 0.9667693661971831 0.3826291079812207 0.07086267605633803 0.06103286384976526 
0 0.08736795774647887 0.897887323943662 0.050616197183098594 0.15140845070422534 
0 0.14128521126760563 0.44278169014084506 0.061619718309859156 0.08039906103286384 
0 0.9223151408450704 0.8999413145539906 0.08142605633802817 0.051056338028169015 
0 0.0684419014084507 0.37059859154929575 0.0761443661971831 0.06396713615023474 
0 0.8710387323943662 0.4413145539906103 0.10035211267605634 0.08333333333333333 
0 0.8567341549295775 0.6684272300469484 0.10167253521126761 0.06572769953051644 
0 0.9643485915492958 0.45129107981220656 0.06866197183098592 0.07394366197183098 
0 0.8474911971830986 0.7238849765258216 0.09463028169014084 0.03814553990610329 
0 0.8734595070422535 0.3562206572769953 0.09991197183098592 0.06455399061032864 
0 0.7671654929577465 0.36384976525821594 0.09683098591549295 0.06455399061032864 
0 0.7629841549295775 0.4369131455399061 0.1034330985915493 0.06748826291079812 
0 0.7486795774647887 0.6675469483568075 0.1056338028169014 0.05575117370892019 
0 0.7484595070422535 0.7174295774647887 0.09463028169014084 0.03814553990610329 
0 0.7475792253521126 0.7599765258215962 0.09022887323943662 0.04107981220657277 
0 0.7616637323943662 0.960093896713615 0.04181338028169014 0.0715962441314554 
0 0.7117077464788732 0.971244131455399 0.056338028169014086 0.0528169014084507 
0 0.6456866197183099 0.9181338028169014 0.051056338028169015 0.08274647887323944 
0 0.5917693661971831 0.914906103286385 0.04533450704225352 0.07863849765258216 
0 0.3397887323943662 0.13937793427230047 0.05369718309859155 0.08509389671361503 
0 0.13952464788732394 0.37177230046948356 0.061619718309859156 0.061619718309859156 
0 0.9091109154929577 0.2106807511737089 0.11839788732394366 0.06690140845070422 
0 0.214568661971831 0.24031690140845072 0.05413732394366197 0.12265258215962441 
0 0.04511443661971831 0.2409037558685446 0.06294014084507042 0.10856807511737089 
0 0.2605633802816901 0.6578638497652582 0.05017605633802817 0.14906103286384975 
0 0.15625 0.2367957746478873 0.05721830985915493 0.11913145539906103 
0 0.10211267605633803 0.6437793427230047 0.04841549295774648 0.14084507042253522 
0 0.6494278169014085 0.9806338028169014 0.050616197183098594 0.03403755868544601 
0 0.6527288732394366 0.4448356807511737 0.10475352112676056 0.1596244131455399 
0 0.20356514084507044 0.4328051643192488 0.0664612676056338 0.10622065727699531 
0 0.680237676056338 0.1273474178403756 0.05765845070422535 0.12441314553990611 
0 0.5477552816901409 0.12177230046948356 0.058538732394366196 0.11795774647887323 
0 0.20598591549295775 0.6555164319248826 0.05193661971830986 0.15023474178403756 
0 0.4410211267605634 0.43045774647887325 0.09595070422535211 0.14730046948356806 
0 0.9097711267605634 0.13086854460093897 0.11883802816901408 0.07394366197183098 
0 0.5455545774647887 0.4386737089201878 0.09639084507042253 0.159037558685446 
0 0.5473151408450704 0.2511737089201878 0.05149647887323944 0.12793427230046947 
0 0.05215669014084507 0.636443661971831 0.047975352112676055 0.1449530516431925 
0 0.27838908450704225 0.24178403755868544 0.055897887323943664 0.12793427230046947 
0 0.41879401408450706 0.24501173708920188 0.05677816901408451 0.1273474178403756 
0 0.48151408450704225 0.24794600938967137 0.056338028169014086 0.1238262910798122 
0 0.6764964788732394 0.255575117370892 0.05545774647887324 0.11913145539906103 
0 0.36245598591549294 0.6464201877934272 0.04005281690140845 0.18016431924882628 
0 0.35057218309859156 0.4386737089201878 0.06382042253521127 0.11208920187793427 
0 0.4837147887323944 0.12441314553990611 0.05545774647887324 0.11971830985915492 
0 0.6747359154929577 0.7505868544600939 0.05017605633802817 0.0715962441314554 
0 0.6106954225352113 0.12294600938967136 0.058538732394366196 0.12265258215962441 
0 0.6142165492957746 0.7420774647887324 0.04621478873239437 0.0698356807511737 
0 0.07306338028169014 0.443075117370892 0.06954225352112677 0.06924882629107981 
0 0.2797095070422535 0.43515258215962443 0.07086267605633803 0.10856807511737089 
0 0.3109595070422535 0.6437793427230047 0.04357394366197183 0.18779342723004694 
0 0.44938380281690143 0.6631455399061033 0.045774647887323945 0.18192488262910797 
0 0.33846830985915494 0.24442488262910797 0.05721830985915493 0.11795774647887323 
0 0.6100352112676056 0.255575117370892 0.05369718309859155 0.1238262910798122 
0 0.41901408450704225 0.12147887323943662 0.058098591549295774 0.11619718309859155 
0 0.15272887323943662 0.6467136150234741 0.04841549295774648 0.14553990610328638 
0 0.40184859154929575 0.6517018779342723 0.03961267605633803 0.19190140845070422 
0 0.7772887323943662 0.12852112676056338 0.12411971830985916 0.07276995305164319 
0 0.590669014084507 0.9756455399061033 0.04753521126760563 0.04401408450704225 
0 0.9350792253521126 0.965669014084507 0.1034330985915493 0.06279342723004695 
0 0.04225352112676056 0.1238262910798122 0.06426056338028169 0.12441314553990611 
0 0.832306338028169 0.9559859154929577 0.09242957746478873 0.08685446009389672 
0 0.7119278169014085 0.8990610328638498 0.053257042253521125 0.0892018779342723 
0 0.8477112676056338 0.7646713615023474 0.10475352112676056 0.046948356807511735 
0 0.03411091549295775 0.892018779342723 0.050616197183098594 0.1396713615023474 
0 0.5332306338028169 0.9151995305164319 0.04445422535211268 0.13086854460093897 
0 0.4828345070422535 0.9140258215962441 0.04929577464788732 0.12147887323943662 
0 0.5288292253521126 0.659330985915493 0.10695422535211267 0.20833333333333334 
0 0.24317781690140844 0.9278169014084507 0.053257042253521125 0.1443661971830986 
0 0.18794014084507044 0.9137323943661971 0.051056338028169015 0.1607981220657277 
0 0.778169014084507 0.20334507042253522 0.11883802816901408 0.06396713615023474 
0 0.13754401408450703 0.9014084507042254 0.047975352112676055 0.15492957746478872 
0 0.29819542253521125 0.9322183098591549 0.053257042253521125 0.13556338028169015 
0 0.9667693661971831 0.3826291079812207 0.07086267605633803 0.06103286384976526 
0 0.08736795774647887 0.897887323943662 0.050616197183098594 0.15140845070422534 
0 0.14128521126760563 0.44278169014084506 0.061619718309859156 0.08039906103286384 
0 0.9223151408450704 0.8999413145539906 0.08142605633802817 0.051056338028169015 
0 0.0684419014084507 0.37059859154929575 0.0761443661971831 0.06396713615023474 
0 0.8710387323943662 0.4413145539906103 0.10035211267605634 0.08333333333333333 
0 0.8567341549295775 0.6684272300469484 0.10167253521126761 0.06572769953051644 
0 0.9643485915492958 0.45129107981220656 0.06866197183098592 0.07394366197183098 
0 0.8474911971830986 0.7238849765258216 0.09463028169014084 0.03814553990610329 
0 0.8734595070422535 0.3562206572769953 0.09991197183098592 0.06455399061032864 
0 0.7671654929577465 0.36384976525821594 0.09683098591549295 0.06455399061032864 
0 0.7629841549295775 0.4369131455399061 0.1034330985915493 0.06748826291079812 
0 0.7486795774647887 0.6675469483568075 0.1056338028169014 0.05575117370892019 
0 0.7484595070422535 0.7174295774647887 0.09463028169014084 0.03814553990610329 
0 0.7475792253521126 0.7599765258215962 0.09022887323943662 0.04107981220657277 
0 0.7616637323943662 0.960093896713615 0.04181338028169014 0.0715962441314554 
0 0.7117077464788732 0.971244131455399 0.056338028169014086 0.0528169014084507 
0 0.6456866197183099 0.9181338028169014 0.051056338028169015 0.08274647887323944 
0 0.5917693661971831 0.914906103286385 0.04533450704225352 0.07863849765258216 
0 0.3397887323943662 0.13937793427230047 0.05369718309859155 0.08509389671361503 
0 0.13952464788732394 0.37177230046948356 0.061619718309859156 0.061619718309859156 
0 0.9091109154929577 0.2106807511737089 0.11839788732394366 0.06690140845070422 
0 0.214568661971831 0.24031690140845072 0.05413732394366197 0.12265258215962441 
0 0.04511443661971831 0.2409037558685446 0.06294014084507042 0.10856807511737089 
0 0.2605633802816901 0.6578638497652582 0.05017605633802817 0.14906103286384975 
0 0.15625 0.2367957746478873 0.05721830985915493 0.11913145539906103 
0 0.10211267605633803 0.6437793427230047 0.04841549295774648 0.14084507042253522 
0 0.6494278169014085 0.9806338028169014 0.050616197183098594 0.03403755868544601 
0 0.6527288732394366 0.4448356807511737 0.10475352112676056 0.1596244131455399 
0 0.20356514084507044 0.4328051643192488 0.0664612676056338 0.10622065727699531 
0 0.680237676056338 0.1273474178403756 0.05765845070422535 0.12441314553990611 
0 0.5477552816901409 0.12177230046948356 0.058538732394366196 0.11795774647887323 
0 0.20598591549295775 0.6555164319248826 0.05193661971830986 0.15023474178403756 
0 0.4410211267605634 0.43045774647887325 0.09595070422535211 0.14730046948356806 
0 0.9097711267605634 0.13086854460093897 0.11883802816901408 0.07394366197183098 
0 0.5455545774647887 0.4386737089201878 0.09639084507042253 0.159037558685446 
0 0.5473151408450704 0.2511737089201878 0.05149647887323944 0.12793427230046947 
0 0.05215669014084507 0.636443661971831 0.047975352112676055 0.1449530516431925 
0 0.27838908450704225 0.24178403755868544 0.055897887323943664 0.12793427230046947 
0 0.41879401408450706 0.24501173708920188 0.05677816901408451 0.1273474178403756 
0 0.48151408450704225 0.24794600938967137 0.056338028169014086 0.1238262910798122 
0 0.6764964788732394 0.255575117370892 0.05545774647887324 0.11913145539906103 
0 0.36245598591549294 0.6464201877934272 0.04005281690140845 0.18016431924882628 
0 0.35057218309859156 0.4386737089201878 0.06382042253521127 0.11208920187793427 
0 0.4837147887323944 0.12441314553990611 0.05545774647887324 0.11971830985915492 
0 0.6747359154929577 0.7505868544600939 0.05017605633802817 0.0715962441314554 
0 0.6106954225352113 0.12294600938967136 0.058538732394366196 0.12265258215962441 
0 0.6142165492957746 0.7420774647887324 0.04621478873239437 0.0698356807511737 
0 0.07306338028169014 0.443075117370892 0.06954225352112677 0.06924882629107981 
0 0.2797095070422535 0.43515258215962443 0.07086267605633803 0.10856807511737089 
0 0.3109595070422535 0.6437793427230047 0.04357394366197183 0.18779342723004694 
0 0.44938380281690143 0.6631455399061033 0.045774647887323945 0.18192488262910797 
0 0.33846830985915494 0.24442488262910797 0.05721830985915493 0.11795774647887323 
0 0.6100352112676056 0.255575117370892 0.05369718309859155 0.1238262910798122 
0 0.41901408450704225 0.12147887323943662 0.058098591549295774 0.11619718309859155 
0 0.15272887323943662 0.6467136150234741 0.04841549295774648 0.14553990610328638 
0 0.40184859154929575 0.6517018779342723 0.03961267605633803 0.19190140845070422 
0 0.7772887323943662 0.12852112676056338 0.12411971830985916 0.07276995305164319 
0 0.590669014084507 0.9756455399061033 0.04753521126760563 0.04401408450704225 
0 0.9350792253521126 0.965669014084507 0.1034330985915493 0.06279342723004695 
