0 0.8987676056338029 0.6299882629107981 0.1329225352112676 0.14847417840375587 
0 0.9612676056338029 0.8080985915492958 0.07746478873239436 0.15492957746478872 
0 0.8505721830985915 0.2420774647887324 0.061179577464788734 0.26115023474178406 
0 0.17715669014084506 0.8403755868544601 0.12720070422535212 0.1960093896713615 
0 0.8578345070422535 0.8057511737089202 0.1267605633802817 0.13145539906103287 
0 0.40184859154929575 0.857981220657277 0.10827464788732394 0.19248826291079812 
0 0.6302816901408451 0.869131455399061 0.11619718309859155 0.1983568075117371 
0 0.5147447183098591 0.8661971830985915 0.10959507042253522 0.18896713615023475 
0 0.40008802816901406 0.6326291079812206 0.11179577464788733 0.18661971830985916 
0 0.42627640845070425 0.397593896713615 0.11047535211267606 0.16490610328638497 
0 0.6632922535211268 0.4040492957746479 0.11355633802816902 0.16842723004694835 
0 0.3389084507042254 0.13703051643192488 0.11267605633802817 0.15786384976525822 
0 0.2244718309859155 0.1426056338028169 0.11443661971830986 0.1643192488262911 
0 0.4597271126760563 0.14348591549295775 0.1192781690140845 0.17546948356807512 
0 0.7024647887323944 0.1402582159624413 0.1153169014084507 0.17253521126760563 
0 0.5794454225352113 0.13937793427230047 0.11751760563380281 0.16842723004694835 
0 0.5440140845070423 0.3999413145539906 0.11355633802816902 0.16960093896713616 
0 0.2007042253521127 0.39172535211267606 0.1073943661971831 0.16607981220657278 
0 0.288512323943662 0.6367370892018779 0.10959507042253522 0.1643192488262911 
0 0.5206866197183099 0.6382042253521126 0.11443661971830986 0.18485915492957747 
0 0.17495598591549297 0.6346830985915493 0.10959507042253522 0.1602112676056338 
0 0.3125 0.39436619718309857 0.11003521126760564 0.16901408450704225 
0 0.6421654929577465 0.6408450704225352 0.11443661971830986 0.18544600938967137 
0 0.8987676056338029 0.6299882629107981 0.1329225352112676 0.14847417840375587 
0 0.9612676056338029 0.8080985915492958 0.07746478873239436 0.15492957746478872 
0 0.8505721830985915 0.2420774647887324 0.061179577464788734 0.26115023474178406 
0 0.17715669014084506 0.8403755868544601 0.12720070422535212 0.1960093896713615 
0 0.8578345070422535 0.8057511737089202 0.1267605633802817 0.13145539906103287 
0 0.40184859154929575 0.857981220657277 0.10827464788732394 0.19248826291079812 
0 0.6302816901408451 0.869131455399061 0.11619718309859155 0.1983568075117371 
0 0.5147447183098591 0.8661971830985915 0.10959507042253522 0.18896713615023475 
0 0.40008802816901406 0.6326291079812206 0.11179577464788733 0.18661971830985916 
0 0.42627640845070425 0.397593896713615 0.11047535211267606 0.16490610328638497 
0 0.6632922535211268 0.4040492957746479 0.11355633802816902 0.16842723004694835 
0 0.3389084507042254 0.13703051643192488 0.11267605633802817 0.15786384976525822 
0 0.2244718309859155 0.1426056338028169 0.11443661971830986 0.1643192488262911 
0 0.4597271126760563 0.14348591549295775 0.1192781690140845 0.17546948356807512 
0 0.7024647887323944 0.1402582159624413 0.1153169014084507 0.17253521126760563 
0 0.5794454225352113 0.13937793427230047 0.11751760563380281 0.16842723004694835 
0 0.5440140845070423 0.3999413145539906 0.11355633802816902 0.16960093896713616 
0 0.2007042253521127 0.39172535211267606 0.1073943661971831 0.16607981220657278 
0 0.288512323943662 0.6367370892018779 0.10959507042253522 0.1643192488262911 
0 0.5206866197183099 0.6382042253521126 0.11443661971830986 0.18485915492957747 
0 0.17495598591549297 0.6346830985915493 0.10959507042253522 0.1602112676056338 
0 0.3125 0.39436619718309857 0.11003521126760564 0.16901408450704225 
0 0.6421654929577465 0.6408450704225352 0.11443661971830986 0.18544600938967137 
0 0.8987676056338029 0.6299882629107981 0.1329225352112676 0.14847417840375587 
0 0.9612676056338029 0.8080985915492958 0.07746478873239436 0.15492957746478872 
0 0.8505721830985915 0.2420774647887324 0.061179577464788734 0.26115023474178406 
0 0.17715669014084506 0.8403755868544601 0.12720070422535212 0.1960093896713615 
0 0.8578345070422535 0.8057511737089202 0.1267605633802817 0.13145539906103287 
0 0.40184859154929575 0.857981220657277 0.10827464788732394 0.19248826291079812 
0 0.6302816901408451 0.869131455399061 0.11619718309859155 0.1983568075117371 
0 0.5147447183098591 0.8661971830985915 0.10959507042253522 0.18896713615023475 
0 0.40008802816901406 0.6326291079812206 0.11179577464788733 0.18661971830985916 
0 0.42627640845070425 0.397593896713615 0.11047535211267606 0.16490610328638497 
0 0.6632922535211268 0.4040492957746479 0.11355633802816902 0.16842723004694835 
0 0.3389084507042254 0.13703051643192488 0.11267605633802817 0.15786384976525822 
0 0.2244718309859155 0.1426056338028169 0.11443661971830986 0.1643192488262911 
0 0.4597271126760563 0.14348591549295775 0.1192781690140845 0.17546948356807512 
0 0.7024647887323944 0.1402582159624413 0.1153169014084507 0.17253521126760563 
0 0.5794454225352113 0.13937793427230047 0.11751760563380281 0.16842723004694835 
0 0.5440140845070423 0.3999413145539906 0.11355633802816902 0.16960093896713616 
0 0.2007042253521127 0.39172535211267606 0.1073943661971831 0.16607981220657278 
0 0.288512323943662 0.6367370892018779 0.10959507042253522 0.1643192488262911 
0 0.5206866197183099 0.6382042253521126 0.11443661971830986 0.18485915492957747 
0 0.17495598591549297 0.6346830985915493 0.10959507042253522 0.1602112676056338 
0 0.3125 0.39436619718309857 0.11003521126760564 0.16901408450704225 
0 0.6421654929577465 0.6408450704225352 0.11443661971830986 0.18544600938967137 
