0 0.5706426056338029 0.3389084507042254 0.10959507042253522 0.06748826291079812 
0 0.42055457746478875 0.1722417840375587 0.1192781690140845 0.058098591549295774 
0 0.9231954225352113 0.3559272300469484 0.09991197183098592 0.05927230046948357 
0 0.3287852112676056 0.3999413145539906 0.11091549295774648 0.06866197183098592 
0 0.2951144366197183 0.0971244131455399 0.11839788732394366 0.06748826291079812 
0 0.19762323943661972 0.39172535211267606 0.14084507042253522 0.05575117370892019 
0 0.6412852112676056 0.7136150234741784 0.051056338028169015 0.07629107981220658 
0 0.06294014084507042 0.07453051643192488 0.125 0.07981220657276995 
0 0.5182658450704225 0.7068661971830986 0.04973591549295775 0.07922535211267606 
0 0.18639964788732394 0.3215962441314554 0.14392605633802816 0.06455399061032864 
0 0.847931338028169 0.7197769953051644 0.06294014084507042 0.07687793427230047 
0 0.04863556338028169 0.3283450704225352 0.09463028169014084 0.05927230046948357 
0 0.2125880281690141 0.6886737089201878 0.056338028169014086 0.09213615023474178 
0 0.5519366197183099 0.04196009389671362 0.10915492957746478 0.058098591549295774 
0 0.5246478873239436 0.6115023474178404 0.051056338028169015 0.0892018779342723 
0 0.45598591549295775 0.7004107981220657 0.05017605633802817 0.08157276995305164 
0 0.7746478873239436 0.7174295774647887 0.06426056338028169 0.07453051643192488 
0 0.6974031690140845 0.710387323943662 0.055897887323943664 0.06748826291079812 
0 0.1487676056338028 0.6781103286384976 0.05721830985915493 0.10504694835680752 
0 0.6509683098591549 0.619131455399061 0.045774647887323945 0.0903755868544601 
0 0.7618838028169014 0.19248826291079812 0.056338028169014086 0.04460093896713615 
0 0.6714348591549296 0.11267605633802817 0.10695422535211267 0.07629107981220658 
0 0.769806338028169 0.08274647887323944 0.0625 0.0528169014084507 
0 0.05985915492957746 0.15639671361502347 0.11883802816901408 0.07453051643192488 
0 0.39524647887323944 0.5809859154929577 0.05457746478873239 0.0880281690140845 
0 0.33186619718309857 0.329518779342723 0.11619718309859155 0.06279342723004695 
0 0.5543573943661971 0.11062206572769953 0.11751760563380281 0.0721830985915493 
0 0.6703345070422535 0.18104460093896713 0.11267605633802817 0.06396713615023474 
0 0.6835387323943662 0.3456572769953052 0.11003521126760564 0.0539906103286385 
0 0.4555457746478873 0.3380281690140845 0.11971830985915492 0.06572769953051644 
0 0.4267165492957746 0.10093896713615023 0.12455985915492958 0.057511737089201875 
0 0.5440140845070423 0.1784037558685446 0.11707746478873239 0.05868544600938967 
0 0.686399647887324 0.40757042253521125 0.1113556338028169 0.061619718309859156 
0 0.4551056338028169 0.4102112676056338 0.11619718309859155 0.05985915492957746 
0 0.9216549295774648 0.42018779342723006 0.10299295774647887 0.06338028169014084 
0 0.8019366197183099 0.3515258215962441 0.11355633802816902 0.0539906103286385 
0 0.5702024647887324 0.40874413145539906 0.11223591549295775 0.05927230046948357 
0 0.8028169014084507 0.414612676056338 0.1073943661971831 0.06514084507042253 
0 0.38798415492957744 0.6883802816901409 0.04973591549295775 0.09859154929577464 
0 0.4837147887323944 0.9407276995305164 0.06778169014084508 0.11150234741784038 
0 0.7790492957746479 0.6358568075117371 0.06778169014084508 0.0886150234741784 
0 0.930237676056338 0.6440727699530516 0.0743838028169014 0.08157276995305164 
0 0.29819542253521125 0.16725352112676056 0.11575704225352113 0.062206572769953054 
0 0.1793573943661972 0.9286971830985915 0.10167253521126761 0.06631455399061033 
0 0.7649647887323944 0.14084507042253522 0.056338028169014086 0.04812206572769953 
0 0.2830105633802817 0.9407276995305164 0.1056338028169014 0.07863849765258216 
0 0.6536091549295775 0.9330985915492958 0.07570422535211267 0.09976525821596244 
0 0.1780369718309859 0.98268779342723 0.09991197183098592 0.034624413145539906 
0 0.06910211267605634 0.9835680751173709 0.1153169014084507 0.03051643192488263 
0 0.9834947183098591 0.6836854460093896 0.032130281690140844 0.1643192488262911 
0 0.3591549295774648 0.977406103286385 0.043133802816901406 0.03697183098591549 
0 0.922975352112676 0.9592136150234741 0.10299295774647887 0.0733568075117371 
0 0.8158010563380281 0.9612676056338029 0.1034330985915493 0.06924882629107981 
0 0.561399647887324 0.9213615023474179 0.0682218309859155 0.09389671361502347 
0 0.4168133802816901 0.9225352112676056 0.051056338028169015 0.057511737089201875 
0 0.9190140845070423 0.7230046948356808 0.06338028169014084 0.06807511737089202 
0 0.8534330985915493 0.6355633802816901 0.06778169014084508 0.08333333333333333 
0 0.706205985915493 0.6302816901408451 0.058538732394366196 0.08098591549295775 
0 0.5783450704225352 0.7112676056338029 0.0448943661971831 0.08098591549295775 
0 0.5869278169014085 0.6123826291079812 0.0488556338028169 0.09917840375586855 
0 0.46016725352112675 0.6065140845070423 0.047975352112676055 0.09213615023474178 
0 0.40999119718309857 0.977406103286385 0.0488556338028169 0.04518779342723005 
0 0.3160211267605634 0.6916079812206573 0.05457746478873239 0.09917840375586855 
0 0.3199823943661972 0.579225352112676 0.05457746478873239 0.09272300469483569 
0 0.3611355633802817 0.9222417840375586 0.04621478873239437 0.061619718309859156 
0 0.8417693661971831 0.08333333333333333 0.06382042253521127 0.05868544600938967 
0 0.8314260563380281 0.14612676056338028 0.056338028169014086 0.0539906103286385 
0 0.8263644366197183 0.19982394366197184 0.05677816901408451 0.040492957746478875 
0 0.4269366197183099 0.03667840375586855 0.12235915492957747 0.0534037558685446 
0 0.07130281690140845 0.9286971830985915 0.11179577464788733 0.0733568075117371 
0 0.05215669014084507 0.39055164319248825 0.10167253521126761 0.05457746478873239 
0 0.029269366197183098 0.676056338028169 0.05677816901408451 0.09154929577464789 
0 0.08516725352112677 0.6795774647887324 0.0488556338028169 0.09741784037558686 
0 0.2108274647887324 0.596537558685446 0.05985915492957746 0.08039906103286384 
0 0.08318661971830986 0.5695422535211268 0.05897887323943662 0.09917840375586855 
0 0.3028169014084507 0.027875586854460094 0.10827464788732394 0.052230046948356805 
0 0.5706426056338029 0.3389084507042254 0.10959507042253522 0.06748826291079812 
0 0.42055457746478875 0.1722417840375587 0.1192781690140845 0.058098591549295774 
0 0.9231954225352113 0.3559272300469484 0.09991197183098592 0.05927230046948357 
0 0.3287852112676056 0.3999413145539906 0.11091549295774648 0.06866197183098592 
0 0.2951144366197183 0.0971244131455399 0.11839788732394366 0.06748826291079812 
0 0.19762323943661972 0.39172535211267606 0.14084507042253522 0.05575117370892019 
0 0.6412852112676056 0.7136150234741784 0.051056338028169015 0.07629107981220658 
0 0.06294014084507042 0.07453051643192488 0.125 0.07981220657276995 
0 0.5182658450704225 0.7068661971830986 0.04973591549295775 0.07922535211267606 
0 0.18639964788732394 0.3215962441314554 0.14392605633802816 0.06455399061032864 
0 0.847931338028169 0.7197769953051644 0.06294014084507042 0.07687793427230047 
0 0.04863556338028169 0.3283450704225352 0.09463028169014084 0.05927230046948357 
0 0.2125880281690141 0.6886737089201878 0.056338028169014086 0.09213615023474178 
0 0.5519366197183099 0.04196009389671362 0.10915492957746478 0.058098591549295774 
0 0.5246478873239436 0.6115023474178404 0.051056338028169015 0.0892018779342723 
0 0.45598591549295775 0.7004107981220657 0.05017605633802817 0.08157276995305164 
0 0.7746478873239436 0.7174295774647887 0.06426056338028169 0.07453051643192488 
0 0.6974031690140845 0.710387323943662 0.055897887323943664 0.06748826291079812 
0 0.1487676056338028 0.6781103286384976 0.05721830985915493 0.10504694835680752 
0 0.6509683098591549 0.619131455399061 0.045774647887323945 0.0903755868544601 
0 0.7618838028169014 0.19248826291079812 0.056338028169014086 0.04460093896713615 
0 0.6714348591549296 0.11267605633802817 0.10695422535211267 0.07629107981220658 
0 0.769806338028169 0.08274647887323944 0.0625 0.0528169014084507 
0 0.05985915492957746 0.15639671361502347 0.11883802816901408 0.07453051643192488 
0 0.39524647887323944 0.5809859154929577 0.05457746478873239 0.0880281690140845 
0 0.33186619718309857 0.329518779342723 0.11619718309859155 0.06279342723004695 
0 0.5543573943661971 0.11062206572769953 0.11751760563380281 0.0721830985915493 
0 0.6703345070422535 0.18104460093896713 0.11267605633802817 0.06396713615023474 
0 0.6835387323943662 0.3456572769953052 0.11003521126760564 0.0539906103286385 
0 0.4555457746478873 0.3380281690140845 0.11971830985915492 0.06572769953051644 
0 0.4267165492957746 0.10093896713615023 0.12455985915492958 0.057511737089201875 
0 0.5440140845070423 0.1784037558685446 0.11707746478873239 0.05868544600938967 
0 0.686399647887324 0.40757042253521125 0.1113556338028169 0.061619718309859156 
0 0.4551056338028169 0.4102112676056338 0.11619718309859155 0.05985915492957746 
0 0.9216549295774648 0.42018779342723006 0.10299295774647887 0.06338028169014084 
0 0.8019366197183099 0.3515258215962441 0.11355633802816902 0.0539906103286385 
0 0.5702024647887324 0.40874413145539906 0.11223591549295775 0.05927230046948357 
0 0.8028169014084507 0.414612676056338 0.1073943661971831 0.06514084507042253 
0 0.38798415492957744 0.6883802816901409 0.04973591549295775 0.09859154929577464 
0 0.4837147887323944 0.9407276995305164 0.06778169014084508 0.11150234741784038 
0 0.7790492957746479 0.6358568075117371 0.06778169014084508 0.0886150234741784 
0 0.930237676056338 0.6440727699530516 0.0743838028169014 0.08157276995305164 
0 0.29819542253521125 0.16725352112676056 0.11575704225352113 0.062206572769953054 
0 0.1793573943661972 0.9286971830985915 0.10167253521126761 0.06631455399061033 
0 0.7649647887323944 0.14084507042253522 0.056338028169014086 0.04812206572769953 
0 0.2830105633802817 0.9407276995305164 0.1056338028169014 0.07863849765258216 
0 0.6536091549295775 0.9330985915492958 0.07570422535211267 0.09976525821596244 
0 0.1780369718309859 0.98268779342723 0.09991197183098592 0.034624413145539906 
0 0.06910211267605634 0.9835680751173709 0.1153169014084507 0.03051643192488263 
0 0.9834947183098591 0.6836854460093896 0.032130281690140844 0.1643192488262911 
0 0.3591549295774648 0.977406103286385 0.043133802816901406 0.03697183098591549 
0 0.922975352112676 0.9592136150234741 0.10299295774647887 0.0733568075117371 
0 0.8158010563380281 0.9612676056338029 0.1034330985915493 0.06924882629107981 
0 0.561399647887324 0.9213615023474179 0.0682218309859155 0.09389671361502347 
0 0.4168133802816901 0.9225352112676056 0.051056338028169015 0.057511737089201875 
0 0.9190140845070423 0.7230046948356808 0.06338028169014084 0.06807511737089202 
0 0.8534330985915493 0.6355633802816901 0.06778169014084508 0.08333333333333333 
0 0.706205985915493 0.6302816901408451 0.058538732394366196 0.08098591549295775 
0 0.5783450704225352 0.7112676056338029 0.0448943661971831 0.08098591549295775 
0 0.5869278169014085 0.6123826291079812 0.0488556338028169 0.09917840375586855 
0 0.46016725352112675 0.6065140845070423 0.047975352112676055 0.09213615023474178 
0 0.40999119718309857 0.977406103286385 0.0488556338028169 0.04518779342723005 
0 0.3160211267605634 0.6916079812206573 0.05457746478873239 0.09917840375586855 
0 0.3199823943661972 0.579225352112676 0.05457746478873239 0.09272300469483569 
0 0.3611355633802817 0.9222417840375586 0.04621478873239437 0.061619718309859156 
0 0.8417693661971831 0.08333333333333333 0.06382042253521127 0.05868544600938967 
0 0.8314260563380281 0.14612676056338028 0.056338028169014086 0.0539906103286385 
0 0.8263644366197183 0.19982394366197184 0.05677816901408451 0.040492957746478875 
0 0.4269366197183099 0.03667840375586855 0.12235915492957747 0.0534037558685446 
0 0.07130281690140845 0.9286971830985915 0.11179577464788733 0.0733568075117371 
0 0.05215669014084507 0.39055164319248825 0.10167253521126761 0.05457746478873239 
0 0.029269366197183098 0.676056338028169 0.05677816901408451 0.09154929577464789 
0 0.08516725352112677 0.6795774647887324 0.0488556338028169 0.09741784037558686 
0 0.2108274647887324 0.596537558685446 0.05985915492957746 0.08039906103286384 
0 0.08318661971830986 0.5695422535211268 0.05897887323943662 0.09917840375586855 
0 0.3028169014084507 0.027875586854460094 0.10827464788732394 0.052230046948356805 
0 0.5706426056338029 0.3389084507042254 0.10959507042253522 0.06748826291079812 
0 0.42055457746478875 0.1722417840375587 0.1192781690140845 0.058098591549295774 
0 0.9231954225352113 0.3559272300469484 0.09991197183098592 0.05927230046948357 
0 0.3287852112676056 0.3999413145539906 0.11091549295774648 0.06866197183098592 
0 0.2951144366197183 0.0971244131455399 0.11839788732394366 0.06748826291079812 
0 0.19762323943661972 0.39172535211267606 0.14084507042253522 0.05575117370892019 
0 0.6412852112676056 0.7136150234741784 0.051056338028169015 0.07629107981220658 
0 0.06294014084507042 0.07453051643192488 0.125 0.07981220657276995 
0 0.5182658450704225 0.7068661971830986 0.04973591549295775 0.07922535211267606 
0 0.18639964788732394 0.3215962441314554 0.14392605633802816 0.06455399061032864 
0 0.847931338028169 0.7197769953051644 0.06294014084507042 0.07687793427230047 
0 0.04863556338028169 0.3283450704225352 0.09463028169014084 0.05927230046948357 
0 0.2125880281690141 0.6886737089201878 0.056338028169014086 0.09213615023474178 
0 0.5519366197183099 0.04196009389671362 0.10915492957746478 0.058098591549295774 
0 0.5246478873239436 0.6115023474178404 0.051056338028169015 0.0892018779342723 
0 0.45598591549295775 0.7004107981220657 0.05017605633802817 0.08157276995305164 
0 0.7746478873239436 0.7174295774647887 0.06426056338028169 0.07453051643192488 
0 0.6974031690140845 0.710387323943662 0.055897887323943664 0.06748826291079812 
0 0.1487676056338028 0.6781103286384976 0.05721830985915493 0.10504694835680752 
0 0.6509683098591549 0.619131455399061 0.045774647887323945 0.0903755868544601 
0 0.7618838028169014 0.19248826291079812 0.056338028169014086 0.04460093896713615 
0 0.6714348591549296 0.11267605633802817 0.10695422535211267 0.07629107981220658 
0 0.769806338028169 0.08274647887323944 0.0625 0.0528169014084507 
0 0.05985915492957746 0.15639671361502347 0.11883802816901408 0.07453051643192488 
0 0.39524647887323944 0.5809859154929577 0.05457746478873239 0.0880281690140845 
0 0.33186619718309857 0.329518779342723 0.11619718309859155 0.06279342723004695 
0 0.5543573943661971 0.11062206572769953 0.11751760563380281 0.0721830985915493 
0 0.6703345070422535 0.18104460093896713 0.11267605633802817 0.06396713615023474 
0 0.6835387323943662 0.3456572769953052 0.11003521126760564 0.0539906103286385 
0 0.4555457746478873 0.3380281690140845 0.11971830985915492 0.06572769953051644 
0 0.4267165492957746 0.10093896713615023 0.12455985915492958 0.057511737089201875 
0 0.5440140845070423 0.1784037558685446 0.11707746478873239 0.05868544600938967 
0 0.686399647887324 0.40757042253521125 0.1113556338028169 0.061619718309859156 
0 0.4551056338028169 0.4102112676056338 0.11619718309859155 0.05985915492957746 
0 0.9216549295774648 0.42018779342723006 0.10299295774647887 0.06338028169014084 
0 0.8019366197183099 0.3515258215962441 0.11355633802816902 0.0539906103286385 
0 0.5702024647887324 0.40874413145539906 0.11223591549295775 0.05927230046948357 
0 0.8028169014084507 0.414612676056338 0.1073943661971831 0.06514084507042253 
0 0.38798415492957744 0.6883802816901409 0.04973591549295775 0.09859154929577464 
0 0.4837147887323944 0.9407276995305164 0.06778169014084508 0.11150234741784038 
0 0.7790492957746479 0.6358568075117371 0.06778169014084508 0.0886150234741784 
0 0.930237676056338 0.6440727699530516 0.0743838028169014 0.08157276995305164 
0 0.29819542253521125 0.16725352112676056 0.11575704225352113 0.062206572769953054 
0 0.1793573943661972 0.9286971830985915 0.10167253521126761 0.06631455399061033 
0 0.7649647887323944 0.14084507042253522 0.056338028169014086 0.04812206572769953 
0 0.2830105633802817 0.9407276995305164 0.1056338028169014 0.07863849765258216 
0 0.6536091549295775 0.9330985915492958 0.07570422535211267 0.09976525821596244 
0 0.1780369718309859 0.98268779342723 0.09991197183098592 0.034624413145539906 
0 0.06910211267605634 0.9835680751173709 0.1153169014084507 0.03051643192488263 
0 0.9834947183098591 0.6836854460093896 0.032130281690140844 0.1643192488262911 
0 0.3591549295774648 0.977406103286385 0.043133802816901406 0.03697183098591549 
0 0.922975352112676 0.9592136150234741 0.10299295774647887 0.0733568075117371 
0 0.8158010563380281 0.9612676056338029 0.1034330985915493 0.06924882629107981 
0 0.561399647887324 0.9213615023474179 0.0682218309859155 0.09389671361502347 
0 0.4168133802816901 0.9225352112676056 0.051056338028169015 0.057511737089201875 
0 0.9190140845070423 0.7230046948356808 0.06338028169014084 0.06807511737089202 
0 0.8534330985915493 0.6355633802816901 0.06778169014084508 0.08333333333333333 
0 0.706205985915493 0.6302816901408451 0.058538732394366196 0.08098591549295775 
0 0.5783450704225352 0.7112676056338029 0.0448943661971831 0.08098591549295775 
0 0.5869278169014085 0.6123826291079812 0.0488556338028169 0.09917840375586855 
0 0.46016725352112675 0.6065140845070423 0.047975352112676055 0.09213615023474178 
0 0.40999119718309857 0.977406103286385 0.0488556338028169 0.04518779342723005 
0 0.3160211267605634 0.6916079812206573 0.05457746478873239 0.09917840375586855 
0 0.3199823943661972 0.579225352112676 0.05457746478873239 0.09272300469483569 
0 0.3611355633802817 0.9222417840375586 0.04621478873239437 0.061619718309859156 
0 0.8417693661971831 0.08333333333333333 0.06382042253521127 0.05868544600938967 
0 0.8314260563380281 0.14612676056338028 0.056338028169014086 0.0539906103286385 
0 0.8263644366197183 0.19982394366197184 0.05677816901408451 0.040492957746478875 
0 0.4269366197183099 0.03667840375586855 0.12235915492957747 0.0534037558685446 
0 0.07130281690140845 0.9286971830985915 0.11179577464788733 0.0733568075117371 
0 0.05215669014084507 0.39055164319248825 0.10167253521126761 0.05457746478873239 
0 0.029269366197183098 0.676056338028169 0.05677816901408451 0.09154929577464789 
0 0.08516725352112677 0.6795774647887324 0.0488556338028169 0.09741784037558686 
0 0.2108274647887324 0.596537558685446 0.05985915492957746 0.08039906103286384 
0 0.08318661971830986 0.5695422535211268 0.05897887323943662 0.09917840375586855 
0 0.3028169014084507 0.027875586854460094 0.10827464788732394 0.052230046948356805 
