0 0.9749119718309859 0.6100352112676056 0.05017605633802817 0.1414319248826291 
0 0.44124119718309857 0.23738262910798122 0.0743838028169014 0.1238262910798122 
0 0.8320862676056338 0.7834507042253521 0.05941901408450704 0.1255868544600939 
0 0.8943661971830986 0.7825704225352113 0.06073943661971831 0.11913145539906103 
0 0.9566461267605634 0.7825704225352113 0.0664612676056338 0.12147887323943662 
0 0.8525528169014085 0.6103286384976526 0.05369718309859155 0.13732394366197184 
0 0.6245598591549296 0.789612676056338 0.07306338028169014 0.125 
0 0.6272007042253521 0.9480633802816901 0.05457746478873239 0.09213615023474178 
0 0.5191461267605634 0.948650234741784 0.047975352112676055 0.10152582159624413 
0 0.4610475352112676 0.9436619718309859 0.0488556338028169 0.09272300469483569 
0 0.5757042253521126 0.9460093896713615 0.04841549295774648 0.09389671361502347 
0 0.9126320422535211 0.9448356807511737 0.07086267605633803 0.09624413145539906 
0 0.7026848591549296 0.9551056338028169 0.06558098591549295 0.0897887323943662 
0 0.7007042253521126 0.7884389671361502 0.06602112676056338 0.12265258215962441 
0 0.7693661971830986 0.7863849765258216 0.061619718309859156 0.1267605633802817 
0 0.19102112676056338 0.9401408450704225 0.04841549295774648 0.1056338028169014 
0 0.4029489436619718 0.9457159624413145 0.058538732394366196 0.09800469483568075 
0 0.9775528169014085 0.9460093896713615 0.051056338028169015 0.09741784037558686 
0 0.2400968309859155 0.9442488262910798 0.04005281690140845 0.11032863849765258 
0 0.8056778169014085 0.23415492957746478 0.08318661971830986 0.13615023474178403 
0 0.4240757042253521 0.05985915492957746 0.055897887323943664 0.10328638497652583 
0 0.48481514084507044 0.05868544600938967 0.05941901408450704 0.11032863849765258 
0 0.4198943661971831 0.4225352112676056 0.07834507042253522 0.15023474178403756 
0 0.3215228873239437 0.05985915492957746 0.13776408450704225 0.09272300469483569 
0 0.2268926056338028 0.7699530516431925 0.0664612676056338 0.1068075117370892 
0 0.7370158450704225 0.0721830985915493 0.058538732394366196 0.07629107981220658 
0 0.5455545774647887 0.0715962441314554 0.055897887323943664 0.07394366197183098 
0 0.7295334507042254 0.22799295774647887 0.07702464788732394 0.12969483568075119 
0 0.37455985915492956 0.2039319248826291 0.06073943661971831 0.09683098591549295 
0 0.7808098591549296 0.41519953051643194 0.058098591549295774 0.14612676056338028 
0 0.7924735915492958 0.6117957746478874 0.058538732394366196 0.13204225352112675 
0 0.5028609154929577 0.4184272300469484 0.07790492957746478 0.15492957746478872 
0 0.8492517605633803 0.41784037558685444 0.0761443661971831 0.14906103286384975 
0 0.7090669014084507 0.4213615023474178 0.08538732394366197 0.1443661971830986 
0 0.4240757042253521 0.7869718309859155 0.06558098591549295 0.1255868544600939 
0 0.32372359154929575 0.4336854460093897 0.1034330985915493 0.12793427230046947 
0 0.3444102112676056 0.784037558685446 0.0840669014084507 0.11971830985915492 
0 0.914612676056338 0.6062206572769953 0.06866197183098592 0.142018779342723 
0 0.5435739436619719 0.7872652582159625 0.07746478873239436 0.12265258215962441 
0 0.21808978873239437 0.6088615023474179 0.11663732394366197 0.12617370892018778 
0 0.14392605633802816 0.23591549295774647 0.07834507042253522 0.1056338028169014 
0 0.7128080985915493 0.6120892018779343 0.09110915492957747 0.13028169014084506 
0 0.18838028169014084 0.43515258215962443 0.10651408450704225 0.125 
0 0.5486355633802817 0.6120892018779343 0.0761443661971831 0.14084507042253522 
0 0.2163292253521127 0.2335680751173709 0.05677816901408451 0.10915492957746478 
0 0.6225792253521126 0.24853286384976525 0.06734154929577464 0.1073943661971831 
0 0.6283010563380281 0.06602112676056338 0.10431338028169014 0.07687793427230047 
0 0.18772007042253522 0.06484741784037559 0.12279929577464789 0.0886150234741784 
0 0.2970950704225352 0.22711267605633803 0.08714788732394366 0.13145539906103287 
0 0.9749119718309859 0.6100352112676056 0.05017605633802817 0.1414319248826291 
0 0.44124119718309857 0.23738262910798122 0.0743838028169014 0.1238262910798122 
0 0.8320862676056338 0.7834507042253521 0.05941901408450704 0.1255868544600939 
0 0.8943661971830986 0.7825704225352113 0.06073943661971831 0.11913145539906103 
0 0.9566461267605634 0.7825704225352113 0.0664612676056338 0.12147887323943662 
0 0.8525528169014085 0.6103286384976526 0.05369718309859155 0.13732394366197184 
0 0.6245598591549296 0.789612676056338 0.07306338028169014 0.125 
0 0.6272007042253521 0.9480633802816901 0.05457746478873239 0.09213615023474178 
0 0.5191461267605634 0.948650234741784 0.047975352112676055 0.10152582159624413 
0 0.4610475352112676 0.9436619718309859 0.0488556338028169 0.09272300469483569 
0 0.5757042253521126 0.9460093896713615 0.04841549295774648 0.09389671361502347 
0 0.9126320422535211 0.9448356807511737 0.07086267605633803 0.09624413145539906 
0 0.7026848591549296 0.9551056338028169 0.06558098591549295 0.0897887323943662 
0 0.7007042253521126 0.7884389671361502 0.06602112676056338 0.12265258215962441 
0 0.7693661971830986 0.7863849765258216 0.061619718309859156 0.1267605633802817 
0 0.19102112676056338 0.9401408450704225 0.04841549295774648 0.1056338028169014 
0 0.4029489436619718 0.9457159624413145 0.058538732394366196 0.09800469483568075 
0 0.9775528169014085 0.9460093896713615 0.051056338028169015 0.09741784037558686 
0 0.2400968309859155 0.9442488262910798 0.04005281690140845 0.11032863849765258 
0 0.8056778169014085 0.23415492957746478 0.08318661971830986 0.13615023474178403 
0 0.4240757042253521 0.05985915492957746 0.055897887323943664 0.10328638497652583 
0 0.48481514084507044 0.05868544600938967 0.05941901408450704 0.11032863849765258 
0 0.4198943661971831 0.4225352112676056 0.07834507042253522 0.15023474178403756 
0 0.3215228873239437 0.05985915492957746 0.13776408450704225 0.09272300469483569 
0 0.2268926056338028 0.7699530516431925 0.0664612676056338 0.1068075117370892 
0 0.7370158450704225 0.0721830985915493 0.058538732394366196 0.07629107981220658 
0 0.5455545774647887 0.0715962441314554 0.055897887323943664 0.07394366197183098 
0 0.7295334507042254 0.22799295774647887 0.07702464788732394 0.12969483568075119 
0 0.37455985915492956 0.2039319248826291 0.06073943661971831 0.09683098591549295 
0 0.7808098591549296 0.41519953051643194 0.058098591549295774 0.14612676056338028 
0 0.7924735915492958 0.6117957746478874 0.058538732394366196 0.13204225352112675 
0 0.5028609154929577 0.4184272300469484 0.07790492957746478 0.15492957746478872 
0 0.8492517605633803 0.41784037558685444 0.0761443661971831 0.14906103286384975 
0 0.7090669014084507 0.4213615023474178 0.08538732394366197 0.1443661971830986 
0 0.4240757042253521 0.7869718309859155 0.06558098591549295 0.1255868544600939 
0 0.32372359154929575 0.4336854460093897 0.1034330985915493 0.12793427230046947 
0 0.3444102112676056 0.784037558685446 0.0840669014084507 0.11971830985915492 
0 0.914612676056338 0.6062206572769953 0.06866197183098592 0.142018779342723 
0 0.5435739436619719 0.7872652582159625 0.07746478873239436 0.12265258215962441 
0 0.21808978873239437 0.6088615023474179 0.11663732394366197 0.12617370892018778 
0 0.14392605633802816 0.23591549295774647 0.07834507042253522 0.1056338028169014 
0 0.7128080985915493 0.6120892018779343 0.09110915492957747 0.13028169014084506 
0 0.18838028169014084 0.43515258215962443 0.10651408450704225 0.125 
0 0.5486355633802817 0.6120892018779343 0.0761443661971831 0.14084507042253522 
0 0.2163292253521127 0.2335680751173709 0.05677816901408451 0.10915492957746478 
0 0.6225792253521126 0.24853286384976525 0.06734154929577464 0.1073943661971831 
0 0.6283010563380281 0.06602112676056338 0.10431338028169014 0.07687793427230047 
0 0.18772007042253522 0.06484741784037559 0.12279929577464789 0.0886150234741784 
0 0.2970950704225352 0.22711267605633803 0.08714788732394366 0.13145539906103287 
0 0.9749119718309859 0.6100352112676056 0.05017605633802817 0.1414319248826291 
0 0.44124119718309857 0.23738262910798122 0.0743838028169014 0.1238262910798122 
0 0.8320862676056338 0.7834507042253521 0.05941901408450704 0.1255868544600939 
0 0.8943661971830986 0.7825704225352113 0.06073943661971831 0.11913145539906103 
0 0.9566461267605634 0.7825704225352113 0.0664612676056338 0.12147887323943662 
0 0.8525528169014085 0.6103286384976526 0.05369718309859155 0.13732394366197184 
0 0.6245598591549296 0.789612676056338 0.07306338028169014 0.125 
0 0.6272007042253521 0.9480633802816901 0.05457746478873239 0.09213615023474178 
0 0.5191461267605634 0.948650234741784 0.047975352112676055 0.10152582159624413 
0 0.4610475352112676 0.9436619718309859 0.0488556338028169 0.09272300469483569 
0 0.5757042253521126 0.9460093896713615 0.04841549295774648 0.09389671361502347 
0 0.9126320422535211 0.9448356807511737 0.07086267605633803 0.09624413145539906 
0 0.7026848591549296 0.9551056338028169 0.06558098591549295 0.0897887323943662 
0 0.7007042253521126 0.7884389671361502 0.06602112676056338 0.12265258215962441 
0 0.7693661971830986 0.7863849765258216 0.061619718309859156 0.1267605633802817 
0 0.19102112676056338 0.9401408450704225 0.04841549295774648 0.1056338028169014 
0 0.4029489436619718 0.9457159624413145 0.058538732394366196 0.09800469483568075 
0 0.9775528169014085 0.9460093896713615 0.051056338028169015 0.09741784037558686 
0 0.2400968309859155 0.9442488262910798 0.04005281690140845 0.11032863849765258 
0 0.8056778169014085 0.23415492957746478 0.08318661971830986 0.13615023474178403 
0 0.4240757042253521 0.05985915492957746 0.055897887323943664 0.10328638497652583 
0 0.48481514084507044 0.05868544600938967 0.05941901408450704 0.11032863849765258 
0 0.4198943661971831 0.4225352112676056 0.07834507042253522 0.15023474178403756 
0 0.3215228873239437 0.05985915492957746 0.13776408450704225 0.09272300469483569 
0 0.2268926056338028 0.7699530516431925 0.0664612676056338 0.1068075117370892 
0 0.7370158450704225 0.0721830985915493 0.058538732394366196 0.07629107981220658 
0 0.5455545774647887 0.0715962441314554 0.055897887323943664 0.07394366197183098 
0 0.7295334507042254 0.22799295774647887 0.07702464788732394 0.12969483568075119 
0 0.37455985915492956 0.2039319248826291 0.06073943661971831 0.09683098591549295 
0 0.7808098591549296 0.41519953051643194 0.058098591549295774 0.14612676056338028 
0 0.7924735915492958 0.6117957746478874 0.058538732394366196 0.13204225352112675 
0 0.5028609154929577 0.4184272300469484 0.07790492957746478 0.15492957746478872 
0 0.8492517605633803 0.41784037558685444 0.0761443661971831 0.14906103286384975 
0 0.7090669014084507 0.4213615023474178 0.08538732394366197 0.1443661971830986 
0 0.4240757042253521 0.7869718309859155 0.06558098591549295 0.1255868544600939 
0 0.32372359154929575 0.4336854460093897 0.1034330985915493 0.12793427230046947 
0 0.3444102112676056 0.784037558685446 0.0840669014084507 0.11971830985915492 
0 0.914612676056338 0.6062206572769953 0.06866197183098592 0.142018779342723 
0 0.5435739436619719 0.7872652582159625 0.07746478873239436 0.12265258215962441 
0 0.21808978873239437 0.6088615023474179 0.11663732394366197 0.12617370892018778 
0 0.14392605633802816 0.23591549295774647 0.07834507042253522 0.1056338028169014 
0 0.7128080985915493 0.6120892018779343 0.09110915492957747 0.13028169014084506 
0 0.18838028169014084 0.43515258215962443 0.10651408450704225 0.125 
0 0.5486355633802817 0.6120892018779343 0.0761443661971831 0.14084507042253522 
0 0.2163292253521127 0.2335680751173709 0.05677816901408451 0.10915492957746478 
0 0.6225792253521126 0.24853286384976525 0.06734154929577464 0.1073943661971831 
0 0.6283010563380281 0.06602112676056338 0.10431338028169014 0.07687793427230047 
0 0.18772007042253522 0.06484741784037559 0.12279929577464789 0.0886150234741784 
0 0.2970950704225352 0.22711267605633803 0.08714788732394366 0.13145539906103287 
