0 0.022887323943661973 0.19865023474178403 0.03609154929577465 0.09565727699530517 
0 0.014084507042253521 0.09242957746478873 0.027288732394366196 0.10269953051643192 
0 0.04533450704225352 0.09008215962441314 0.03961267605633803 0.10387323943661972 
0 0.03102992957746479 0.295481220657277 0.03301056338028169 0.09565727699530517 
0 0.9366197183098591 0.26173708920187794 0.05721830985915493 0.19483568075117372 
0 0.05985915492957746 0.19630281690140844 0.030809859154929578 0.10856807511737089 
0 0.22315140845070422 0.18456572769953053 0.027288732394366196 0.08509389671361503 
0 0.22359154929577466 0.2860915492957746 0.035211267605633804 0.09683098591549295 
0 0.2605633802816901 0.2846244131455399 0.02992957746478873 0.0880281690140845 
0 0.2599031690140845 0.19483568075117372 0.03301056338028169 0.09976525821596244 
0 0.6808978873239436 0.528169014084507 0.03873239436619718 0.2112676056338028 
0 0.7319542253521126 0.539906103286385 0.061619718309859156 0.22887323943661972 
0 0.8470510563380281 0.585387323943662 0.03389084507042254 0.25528169014084506 
0 0.8008362676056338 0.5985915492957746 0.058538732394366196 0.2699530516431925 
0 0.620818661971831 0.630575117370892 0.06205985915492958 0.23767605633802816 
0 0.5580985915492958 0.6382042253521126 0.061619718309859156 0.22593896713615025 
0 0.5037411971830986 0.551349765258216 0.0409330985915493 0.1965962441314554 
0 0.4498239436619718 0.6094483568075117 0.06690140845070422 0.22711267605633803 
0 0.3871038732394366 0.5859741784037559 0.04973591549295775 0.20950704225352113 
0 0.323943661971831 0.6255868544600939 0.07482394366197183 0.21244131455399062 
0 0.24317781690140844 0.596537558685446 0.07790492957746478 0.28931924882629106 
0 0.16483274647887325 0.6035798122065728 0.07790492957746478 0.2975352112676056 
0 0.06073943661971831 0.60768779342723 0.09242957746478873 0.31279342723004694 
0 0.9817341549295775 0.2535211267605634 0.03301056338028169 0.1936619718309859 
0 0.8173415492957746 0.2529342723004695 0.06514084507042253 0.24178403755868544 
0 0.7453785211267606 0.2529342723004695 0.07262323943661972 0.23943661971830985 
0 0.5702024647887324 0.24853286384976525 0.07262323943661972 0.23650234741784038 
0 0.4788732394366197 0.23826291079812206 0.07482394366197183 0.25938967136150237 
0 0.4029489436619718 0.23444835680751175 0.0682218309859155 0.2494131455399061 
0 0.31382042253521125 0.22799295774647887 0.06602112676056338 0.22124413145539906 
0 0.06910211267605634 0.29694835680751175 0.03873239436619718 0.08685446009389672 
0 0.11971830985915492 0.28726525821596244 0.03609154929577465 0.09096244131455399 
0 0.2605633802816901 0.0886150234741784 0.022887323943661973 0.10446009389671361 
0 0.12455985915492958 0.1898474178403756 0.030809859154929578 0.09213615023474178 
0 0.2110475352112676 0.09096244131455399 0.018926056338028168 0.0880281690140845 
0 0.2367957746478873 0.09154929577464789 0.02640845070422535 0.0892018779342723 
0 0.022887323943661973 0.19865023474178403 0.03609154929577465 0.09565727699530517 
0 0.014084507042253521 0.09242957746478873 0.027288732394366196 0.10269953051643192 
0 0.04533450704225352 0.09008215962441314 0.03961267605633803 0.10387323943661972 
0 0.03102992957746479 0.295481220657277 0.03301056338028169 0.09565727699530517 
0 0.9366197183098591 0.26173708920187794 0.05721830985915493 0.19483568075117372 
0 0.05985915492957746 0.19630281690140844 0.030809859154929578 0.10856807511737089 
0 0.22315140845070422 0.18456572769953053 0.027288732394366196 0.08509389671361503 
0 0.22359154929577466 0.2860915492957746 0.035211267605633804 0.09683098591549295 
0 0.2605633802816901 0.2846244131455399 0.02992957746478873 0.0880281690140845 
0 0.2599031690140845 0.19483568075117372 0.03301056338028169 0.09976525821596244 
0 0.6808978873239436 0.528169014084507 0.03873239436619718 0.2112676056338028 
0 0.7319542253521126 0.539906103286385 0.061619718309859156 0.22887323943661972 
0 0.8470510563380281 0.585387323943662 0.03389084507042254 0.25528169014084506 
0 0.8008362676056338 0.5985915492957746 0.058538732394366196 0.2699530516431925 
0 0.620818661971831 0.630575117370892 0.06205985915492958 0.23767605633802816 
0 0.5580985915492958 0.6382042253521126 0.061619718309859156 0.22593896713615025 
0 0.5037411971830986 0.551349765258216 0.0409330985915493 0.1965962441314554 
0 0.4498239436619718 0.6094483568075117 0.06690140845070422 0.22711267605633803 
0 0.3871038732394366 0.5859741784037559 0.04973591549295775 0.20950704225352113 
0 0.323943661971831 0.6255868544600939 0.07482394366197183 0.21244131455399062 
0 0.24317781690140844 0.596537558685446 0.07790492957746478 0.28931924882629106 
0 0.16483274647887325 0.6035798122065728 0.07790492957746478 0.2975352112676056 
0 0.06073943661971831 0.60768779342723 0.09242957746478873 0.31279342723004694 
0 0.9817341549295775 0.2535211267605634 0.03301056338028169 0.1936619718309859 
0 0.8173415492957746 0.2529342723004695 0.06514084507042253 0.24178403755868544 
0 0.7453785211267606 0.2529342723004695 0.07262323943661972 0.23943661971830985 
0 0.5702024647887324 0.24853286384976525 0.07262323943661972 0.23650234741784038 
0 0.4788732394366197 0.23826291079812206 0.07482394366197183 0.25938967136150237 
0 0.4029489436619718 0.23444835680751175 0.0682218309859155 0.2494131455399061 
0 0.31382042253521125 0.22799295774647887 0.06602112676056338 0.22124413145539906 
0 0.06910211267605634 0.29694835680751175 0.03873239436619718 0.08685446009389672 
0 0.11971830985915492 0.28726525821596244 0.03609154929577465 0.09096244131455399 
0 0.2605633802816901 0.0886150234741784 0.022887323943661973 0.10446009389671361 
0 0.12455985915492958 0.1898474178403756 0.030809859154929578 0.09213615023474178 
0 0.2110475352112676 0.09096244131455399 0.018926056338028168 0.0880281690140845 
0 0.2367957746478873 0.09154929577464789 0.02640845070422535 0.0892018779342723 
0 0.022887323943661973 0.19865023474178403 0.03609154929577465 0.09565727699530517 
0 0.014084507042253521 0.09242957746478873 0.027288732394366196 0.10269953051643192 
0 0.04533450704225352 0.09008215962441314 0.03961267605633803 0.10387323943661972 
0 0.03102992957746479 0.295481220657277 0.03301056338028169 0.09565727699530517 
0 0.9366197183098591 0.26173708920187794 0.05721830985915493 0.19483568075117372 
0 0.05985915492957746 0.19630281690140844 0.030809859154929578 0.10856807511737089 
0 0.22315140845070422 0.18456572769953053 0.027288732394366196 0.08509389671361503 
0 0.22359154929577466 0.2860915492957746 0.035211267605633804 0.09683098591549295 
0 0.2605633802816901 0.2846244131455399 0.02992957746478873 0.0880281690140845 
0 0.2599031690140845 0.19483568075117372 0.03301056338028169 0.09976525821596244 
0 0.6808978873239436 0.528169014084507 0.03873239436619718 0.2112676056338028 
0 0.7319542253521126 0.539906103286385 0.061619718309859156 0.22887323943661972 
0 0.8470510563380281 0.585387323943662 0.03389084507042254 0.25528169014084506 
0 0.8008362676056338 0.5985915492957746 0.058538732394366196 0.2699530516431925 
0 0.620818661971831 0.630575117370892 0.06205985915492958 0.23767605633802816 
0 0.5580985915492958 0.6382042253521126 0.061619718309859156 0.22593896713615025 
0 0.5037411971830986 0.551349765258216 0.0409330985915493 0.1965962441314554 
0 0.4498239436619718 0.6094483568075117 0.06690140845070422 0.22711267605633803 
0 0.3871038732394366 0.5859741784037559 0.04973591549295775 0.20950704225352113 
0 0.323943661971831 0.6255868544600939 0.07482394366197183 0.21244131455399062 
0 0.24317781690140844 0.596537558685446 0.07790492957746478 0.28931924882629106 
0 0.16483274647887325 0.6035798122065728 0.07790492957746478 0.2975352112676056 
0 0.06073943661971831 0.60768779342723 0.09242957746478873 0.31279342723004694 
0 0.9817341549295775 0.2535211267605634 0.03301056338028169 0.1936619718309859 
0 0.8173415492957746 0.2529342723004695 0.06514084507042253 0.24178403755868544 
0 0.7453785211267606 0.2529342723004695 0.07262323943661972 0.23943661971830985 
0 0.5702024647887324 0.24853286384976525 0.07262323943661972 0.23650234741784038 
0 0.4788732394366197 0.23826291079812206 0.07482394366197183 0.25938967136150237 
0 0.4029489436619718 0.23444835680751175 0.0682218309859155 0.2494131455399061 
0 0.31382042253521125 0.22799295774647887 0.06602112676056338 0.22124413145539906 
0 0.06910211267605634 0.29694835680751175 0.03873239436619718 0.08685446009389672 
0 0.11971830985915492 0.28726525821596244 0.03609154929577465 0.09096244131455399 
0 0.2605633802816901 0.0886150234741784 0.022887323943661973 0.10446009389671361 
0 0.12455985915492958 0.1898474178403756 0.030809859154929578 0.09213615023474178 
0 0.2110475352112676 0.09096244131455399 0.018926056338028168 0.0880281690140845 
0 0.2367957746478873 0.09154929577464789 0.02640845070422535 0.0892018779342723 
