0 0.9784330985915493 0.6575704225352113 0.04225352112676056 0.3245305164319249 
0 0.71875 0.15757042253521128 0.07746478873239436 0.30927230046948356 
0 0.804137323943662 0.15933098591549297 0.06690140845070422 0.3174882629107981 
0 0.8954665492957746 0.1795774647887324 0.07790492957746478 0.2687793427230047 
0 0.9478433098591549 0.15023474178403756 0.02420774647887324 0.2300469483568075 
0 0.34463028169014087 0.6828051643192489 0.11883802816901408 0.33274647887323944 
0 0.5257482394366197 0.556631455399061 0.08494718309859155 0.2916666666666667 
0 0.7359154929577465 0.6291079812206573 0.10211267605633803 0.3227699530516432 
0 0.5444542253521126 0.13673708920187794 0.06073943661971831 0.27230046948356806 
0 0.027948943661971832 0.12441314553990611 0.05501760563380282 0.24413145539906103 
0 0.898987676056338 0.7356220657276995 0.11751760563380281 0.3503521126760563 
0 0.08890845070422536 0.12353286384976526 0.06073943661971831 0.24589201877934272 
0 0.23591549295774647 0.12852112676056338 0.07482394366197183 0.25586854460093894 
0 0.31778169014084506 0.13703051643192488 0.07834507042253522 0.2681924882629108 
0 0.4410211267605634 0.13908450704225353 0.0801056338028169 0.2699530516431925 
0 0.6236795774647887 0.6161971830985915 0.0977112676056338 0.3227699530516432 
0 0.12235915492957747 0.4157863849765258 0.061619718309859156 0.056924882629107984 
0 0.09441021126760564 0.46919014084507044 0.06910211267605634 0.04988262910798122 
0 0.02948943661971831 0.460387323943662 0.058098591549295774 0.05575117370892019 
0 0.06954225352112677 0.5272887323943662 0.07042253521126761 0.06279342723004695 
0 0.047755281690140844 0.6945422535211268 0.09022887323943662 0.2717136150234742 
0 0.15625 0.12705399061032863 0.07130281690140845 0.2529342723004695 
0 0.053036971830985914 0.4055164319248826 0.0682218309859155 0.0539906103286385 
0 0.6241197183098591 0.15434272300469484 0.08362676056338028 0.3075117370892019 
0 0.9784330985915493 0.6575704225352113 0.04225352112676056 0.3245305164319249 
0 0.71875 0.15757042253521128 0.07746478873239436 0.30927230046948356 
0 0.804137323943662 0.15933098591549297 0.06690140845070422 0.3174882629107981 
0 0.8954665492957746 0.1795774647887324 0.07790492957746478 0.2687793427230047 
0 0.9478433098591549 0.15023474178403756 0.02420774647887324 0.2300469483568075 
0 0.34463028169014087 0.6828051643192489 0.11883802816901408 0.33274647887323944 
0 0.5257482394366197 0.556631455399061 0.08494718309859155 0.2916666666666667 
0 0.7359154929577465 0.6291079812206573 0.10211267605633803 0.3227699530516432 
0 0.5444542253521126 0.13673708920187794 0.06073943661971831 0.27230046948356806 
0 0.027948943661971832 0.12441314553990611 0.05501760563380282 0.24413145539906103 
0 0.898987676056338 0.7356220657276995 0.11751760563380281 0.3503521126760563 
0 0.08890845070422536 0.12353286384976526 0.06073943661971831 0.24589201877934272 
0 0.23591549295774647 0.12852112676056338 0.07482394366197183 0.25586854460093894 
0 0.31778169014084506 0.13703051643192488 0.07834507042253522 0.2681924882629108 
0 0.4410211267605634 0.13908450704225353 0.0801056338028169 0.2699530516431925 
0 0.6236795774647887 0.6161971830985915 0.0977112676056338 0.3227699530516432 
0 0.12235915492957747 0.4157863849765258 0.061619718309859156 0.056924882629107984 
0 0.09441021126760564 0.46919014084507044 0.06910211267605634 0.04988262910798122 
0 0.02948943661971831 0.460387323943662 0.058098591549295774 0.05575117370892019 
0 0.06954225352112677 0.5272887323943662 0.07042253521126761 0.06279342723004695 
0 0.047755281690140844 0.6945422535211268 0.09022887323943662 0.2717136150234742 
0 0.15625 0.12705399061032863 0.07130281690140845 0.2529342723004695 
0 0.053036971830985914 0.4055164319248826 0.0682218309859155 0.0539906103286385 
0 0.6241197183098591 0.15434272300469484 0.08362676056338028 0.3075117370892019 
0 0.9784330985915493 0.6575704225352113 0.04225352112676056 0.3245305164319249 
0 0.71875 0.15757042253521128 0.07746478873239436 0.30927230046948356 
0 0.804137323943662 0.15933098591549297 0.06690140845070422 0.3174882629107981 
0 0.8954665492957746 0.1795774647887324 0.07790492957746478 0.2687793427230047 
0 0.9478433098591549 0.15023474178403756 0.02420774647887324 0.2300469483568075 
0 0.34463028169014087 0.6828051643192489 0.11883802816901408 0.33274647887323944 
0 0.5257482394366197 0.556631455399061 0.08494718309859155 0.2916666666666667 
0 0.7359154929577465 0.6291079812206573 0.10211267605633803 0.3227699530516432 
0 0.5444542253521126 0.13673708920187794 0.06073943661971831 0.27230046948356806 
0 0.027948943661971832 0.12441314553990611 0.05501760563380282 0.24413145539906103 
0 0.898987676056338 0.7356220657276995 0.11751760563380281 0.3503521126760563 
0 0.08890845070422536 0.12353286384976526 0.06073943661971831 0.24589201877934272 
0 0.23591549295774647 0.12852112676056338 0.07482394366197183 0.25586854460093894 
0 0.31778169014084506 0.13703051643192488 0.07834507042253522 0.2681924882629108 
0 0.4410211267605634 0.13908450704225353 0.0801056338028169 0.2699530516431925 
0 0.6236795774647887 0.6161971830985915 0.0977112676056338 0.3227699530516432 
0 0.12235915492957747 0.4157863849765258 0.061619718309859156 0.056924882629107984 
0 0.09441021126760564 0.46919014084507044 0.06910211267605634 0.04988262910798122 
0 0.02948943661971831 0.460387323943662 0.058098591549295774 0.05575117370892019 
0 0.06954225352112677 0.5272887323943662 0.07042253521126761 0.06279342723004695 
0 0.047755281690140844 0.6945422535211268 0.09022887323943662 0.2717136150234742 
0 0.15625 0.12705399061032863 0.07130281690140845 0.2529342723004695 
0 0.053036971830985914 0.4055164319248826 0.0682218309859155 0.0539906103286385 
0 0.6241197183098591 0.15434272300469484 0.08362676056338028 0.3075117370892019 
