0 0.9130721830985915 0.3345070422535211 0.06734154929577464 0.25821596244131456 
0 0.8371478873239436 0.33215962441314556 0.07834507042253522 0.26291079812206575 
0 0.3569542253521127 0.6426056338028169 0.08362676056338028 0.22887323943661972 
0 0.9782130281690141 0.3336267605633803 0.04357394366197183 0.25997652582159625 
0 0.8191021126760564 0.6505281690140845 0.07482394366197183 0.22711267605633803 
0 0.714568661971831 0.6382042253521126 0.0682218309859155 0.22007042253521128 
0 0.7579225352112676 0.32717136150234744 0.06954225352112677 0.26115023474178406 
0 0.8994278169014085 0.6499413145539906 0.07702464788732394 0.23767605633802816 
0 0.9700704225352113 0.647887323943662 0.05985915492957746 0.23591549295774647 
0 0.7731073943661971 0.9333920187793427 0.08670774647887323 0.13321596244131456 
0 0.6877200704225352 0.9357394366197183 0.08054577464788733 0.12852112676056338 
0 0.6067341549295775 0.9348591549295775 0.07702464788732394 0.13028169014084506 
0 0.5180457746478874 0.9366197183098591 0.0801056338028169 0.12441314553990611 
0 0.4341989436619718 0.937793427230047 0.07526408450704225 0.12441314553990611 
0 0.3518926056338028 0.9328051643192489 0.08494718309859155 0.12617370892018778 
0 0.27816901408450706 0.8075117370892019 0.03433098591549296 0.11267605633802817 
0 0.24669894366197184 0.8051643192488263 0.02420774647887324 0.1056338028169014 
0 0.2748679577464789 0.9225352112676056 0.03389084507042254 0.1056338028169014 
0 0.6373239436619719 0.6387910798122066 0.07482394366197183 0.2153755868544601 
0 0.6824383802816901 0.32423708920187794 0.07262323943661972 0.26115023474178406 
0 0.23965669014084506 0.9234154929577465 0.032130281690140844 0.11561032863849766 
0 0.03675176056338028 0.909330985915493 0.04621478873239437 0.1437793427230047 
0 0.11553697183098592 0.5102699530516432 0.03301056338028169 0.11443661971830986 
0 0.04973591549295775 0.5117370892018779 0.04841549295774648 0.11150234741784038 
0 0.012984154929577465 0.5102699530516432 0.025088028169014086 0.10856807511737089 
0 0.01738556338028169 0.3993544600938967 0.03389084507042254 0.10856807511737089 
0 0.05039612676056338 0.39818075117370894 0.03389084507042254 0.10387323943661972 
0 0.2418573943661972 0.5126173708920188 0.03389084507042254 0.11326291079812206 
0 0.04159330985915493 0.7634976525821596 0.04973591549295775 0.13380281690140844 
0 0.15492957746478872 0.5120305164319249 0.03609154929577465 0.10856807511737089 
0 0.10255281690140845 0.9228286384976526 0.03961267605633803 0.12617370892018778 
0 0.14172535211267606 0.9286971830985915 0.03169014084507042 0.12617370892018778 
0 0.15272887323943662 0.8031103286384976 0.027288732394366196 0.1073943661971831 
0 0.3485915492957746 0.3130868544600939 0.07570422535211267 0.27406103286384975 
0 0.4311179577464789 0.31161971830985913 0.08230633802816902 0.2687793427230047 
0 0.5176056338028169 0.31660798122065725 0.07922535211267606 0.267018779342723 
0 0.6034330985915493 0.3248239436619718 0.07482394366197183 0.25997652582159625 
0 0.2830105633802817 0.5155516431924883 0.03961267605633803 0.11326291079812206 
0 0.11465669014084508 0.8054577464788732 0.04181338028169014 0.10269953051643192 
0 0.15558978873239437 0.35269953051643194 0.028609154929577465 0.07511737089201878 
0 0.9130721830985915 0.3345070422535211 0.06734154929577464 0.25821596244131456 
0 0.8371478873239436 0.33215962441314556 0.07834507042253522 0.26291079812206575 
0 0.3569542253521127 0.6426056338028169 0.08362676056338028 0.22887323943661972 
0 0.9782130281690141 0.3336267605633803 0.04357394366197183 0.25997652582159625 
0 0.8191021126760564 0.6505281690140845 0.07482394366197183 0.22711267605633803 
0 0.714568661971831 0.6382042253521126 0.0682218309859155 0.22007042253521128 
0 0.7579225352112676 0.32717136150234744 0.06954225352112677 0.26115023474178406 
0 0.8994278169014085 0.6499413145539906 0.07702464788732394 0.23767605633802816 
0 0.9700704225352113 0.647887323943662 0.05985915492957746 0.23591549295774647 
0 0.7731073943661971 0.9333920187793427 0.08670774647887323 0.13321596244131456 
0 0.6877200704225352 0.9357394366197183 0.08054577464788733 0.12852112676056338 
0 0.6067341549295775 0.9348591549295775 0.07702464788732394 0.13028169014084506 
0 0.5180457746478874 0.9366197183098591 0.0801056338028169 0.12441314553990611 
0 0.4341989436619718 0.937793427230047 0.07526408450704225 0.12441314553990611 
0 0.3518926056338028 0.9328051643192489 0.08494718309859155 0.12617370892018778 
0 0.27816901408450706 0.8075117370892019 0.03433098591549296 0.11267605633802817 
0 0.24669894366197184 0.8051643192488263 0.02420774647887324 0.1056338028169014 
0 0.2748679577464789 0.9225352112676056 0.03389084507042254 0.1056338028169014 
0 0.6373239436619719 0.6387910798122066 0.07482394366197183 0.2153755868544601 
0 0.6824383802816901 0.32423708920187794 0.07262323943661972 0.26115023474178406 
0 0.23965669014084506 0.9234154929577465 0.032130281690140844 0.11561032863849766 
0 0.03675176056338028 0.909330985915493 0.04621478873239437 0.1437793427230047 
0 0.11553697183098592 0.5102699530516432 0.03301056338028169 0.11443661971830986 
0 0.04973591549295775 0.5117370892018779 0.04841549295774648 0.11150234741784038 
0 0.012984154929577465 0.5102699530516432 0.025088028169014086 0.10856807511737089 
0 0.01738556338028169 0.3993544600938967 0.03389084507042254 0.10856807511737089 
0 0.05039612676056338 0.39818075117370894 0.03389084507042254 0.10387323943661972 
0 0.2418573943661972 0.5126173708920188 0.03389084507042254 0.11326291079812206 
0 0.04159330985915493 0.7634976525821596 0.04973591549295775 0.13380281690140844 
0 0.15492957746478872 0.5120305164319249 0.03609154929577465 0.10856807511737089 
0 0.10255281690140845 0.9228286384976526 0.03961267605633803 0.12617370892018778 
0 0.14172535211267606 0.9286971830985915 0.03169014084507042 0.12617370892018778 
0 0.15272887323943662 0.8031103286384976 0.027288732394366196 0.1073943661971831 
0 0.3485915492957746 0.3130868544600939 0.07570422535211267 0.27406103286384975 
0 0.4311179577464789 0.31161971830985913 0.08230633802816902 0.2687793427230047 
0 0.5176056338028169 0.31660798122065725 0.07922535211267606 0.267018779342723 
0 0.6034330985915493 0.3248239436619718 0.07482394366197183 0.25997652582159625 
0 0.2830105633802817 0.5155516431924883 0.03961267605633803 0.11326291079812206 
0 0.11465669014084508 0.8054577464788732 0.04181338028169014 0.10269953051643192 
0 0.15558978873239437 0.35269953051643194 0.028609154929577465 0.07511737089201878 
0 0.9130721830985915 0.3345070422535211 0.06734154929577464 0.25821596244131456 
0 0.8371478873239436 0.33215962441314556 0.07834507042253522 0.26291079812206575 
0 0.3569542253521127 0.6426056338028169 0.08362676056338028 0.22887323943661972 
0 0.9782130281690141 0.3336267605633803 0.04357394366197183 0.25997652582159625 
0 0.8191021126760564 0.6505281690140845 0.07482394366197183 0.22711267605633803 
0 0.714568661971831 0.6382042253521126 0.0682218309859155 0.22007042253521128 
0 0.7579225352112676 0.32717136150234744 0.06954225352112677 0.26115023474178406 
0 0.8994278169014085 0.6499413145539906 0.07702464788732394 0.23767605633802816 
0 0.9700704225352113 0.647887323943662 0.05985915492957746 0.23591549295774647 
0 0.7731073943661971 0.9333920187793427 0.08670774647887323 0.13321596244131456 
0 0.6877200704225352 0.9357394366197183 0.08054577464788733 0.12852112676056338 
0 0.6067341549295775 0.9348591549295775 0.07702464788732394 0.13028169014084506 
0 0.5180457746478874 0.9366197183098591 0.0801056338028169 0.12441314553990611 
0 0.4341989436619718 0.937793427230047 0.07526408450704225 0.12441314553990611 
0 0.3518926056338028 0.9328051643192489 0.08494718309859155 0.12617370892018778 
0 0.27816901408450706 0.8075117370892019 0.03433098591549296 0.11267605633802817 
0 0.24669894366197184 0.8051643192488263 0.02420774647887324 0.1056338028169014 
0 0.2748679577464789 0.9225352112676056 0.03389084507042254 0.1056338028169014 
0 0.6373239436619719 0.6387910798122066 0.07482394366197183 0.2153755868544601 
0 0.6824383802816901 0.32423708920187794 0.07262323943661972 0.26115023474178406 
0 0.23965669014084506 0.9234154929577465 0.032130281690140844 0.11561032863849766 
0 0.03675176056338028 0.909330985915493 0.04621478873239437 0.1437793427230047 
0 0.11553697183098592 0.5102699530516432 0.03301056338028169 0.11443661971830986 
0 0.04973591549295775 0.5117370892018779 0.04841549295774648 0.11150234741784038 
0 0.012984154929577465 0.5102699530516432 0.025088028169014086 0.10856807511737089 
0 0.01738556338028169 0.3993544600938967 0.03389084507042254 0.10856807511737089 
0 0.05039612676056338 0.39818075117370894 0.03389084507042254 0.10387323943661972 
0 0.2418573943661972 0.5126173708920188 0.03389084507042254 0.11326291079812206 
0 0.04159330985915493 0.7634976525821596 0.04973591549295775 0.13380281690140844 
0 0.15492957746478872 0.5120305164319249 0.03609154929577465 0.10856807511737089 
0 0.10255281690140845 0.9228286384976526 0.03961267605633803 0.12617370892018778 
0 0.14172535211267606 0.9286971830985915 0.03169014084507042 0.12617370892018778 
0 0.15272887323943662 0.8031103286384976 0.027288732394366196 0.1073943661971831 
0 0.3485915492957746 0.3130868544600939 0.07570422535211267 0.27406103286384975 
0 0.4311179577464789 0.31161971830985913 0.08230633802816902 0.2687793427230047 
0 0.5176056338028169 0.31660798122065725 0.07922535211267606 0.267018779342723 
0 0.6034330985915493 0.3248239436619718 0.07482394366197183 0.25997652582159625 
0 0.2830105633802817 0.5155516431924883 0.03961267605633803 0.11326291079812206 
0 0.11465669014084508 0.8054577464788732 0.04181338028169014 0.10269953051643192 
0 0.15558978873239437 0.35269953051643194 0.028609154929577465 0.07511737089201878 
