0 0.3578345070422535 0.954225352112676 0.07482394366197183 0.08333333333333333 
0 0.5759242957746479 0.965669014084507 0.037411971830985914 0.06866197183098592 
0 0.14106514084507044 0.3160211267605634 0.05941901408450704 0.23884976525821597 
0 0.08450704225352113 0.3130868544600939 0.05193661971830986 0.23650234741784038 
0 0.8140404929577465 0.21185446009389672 0.03653169014084507 0.22769953051643194 
0 0.02948943661971831 0.3130868544600939 0.058098591549295774 0.22476525821596244 
0 0.7825704225352113 0.22065727699530516 0.02640845070422535 0.1772300469483568 
0 0.9471830985915493 0.8309859154929577 0.06954225352112677 0.18896713615023475 
0 0.871919014084507 0.18544600938967137 0.07922535211267606 0.2887323943661972 
0 0.46412852112676056 0.9650821596244131 0.02948943661971831 0.0698356807511737 
0 0.49713908450704225 0.9650821596244131 0.032130281690140844 0.0698356807511737 
0 0.5341109154929577 0.9671361502347418 0.04005281690140845 0.06572769953051644 
0 0.27816901408450706 0.9562793427230047 0.07130281690140845 0.08744131455399061 
0 0.2011443661971831 0.31690140845070425 0.0625 0.24061032863849766 
0 0.7495598591549296 0.204518779342723 0.03961267605633803 0.1426056338028169 
0 0.04335387323943662 0.9533450704225352 0.08142605633802817 0.09330985915492958 
0 0.06426056338028169 0.6672535211267606 0.09683098591549295 0.3286384976525822 
0 0.14788732394366197 0.9483568075117371 0.061619718309859156 0.10093896713615023 
0 0.7480193661971831 0.6734154929577465 0.042693661971830985 0.11443661971830986 
0 0.7055457746478874 0.6754694835680751 0.03961267605633803 0.11619718309859155 
0 0.6632922535211268 0.6740023474178404 0.043133802816901406 0.10974178403755869 
0 0.6232394366197183 0.6754694835680751 0.03961267605633803 0.1068075117370892 
0 0.5521566901408451 0.7752347417840375 0.04709507042253521 0.1396713615023474 
0 0.4982394366197183 0.7816901408450704 0.056338028169014086 0.14084507042253522 
0 0.39590669014084506 0.7737676056338029 0.04973591549295775 0.13321596244131456 
0 0.3430897887323944 0.7772887323943662 0.04973591549295775 0.13204225352112675 
0 0.1619718309859155 0.6657863849765259 0.10123239436619719 0.3315727699530516 
0 0.2621038732394366 0.6672535211267606 0.09903169014084508 0.3345070422535211 
0 0.9592869718309859 0.1875 0.07790492957746478 0.2904929577464789 
0 0.34419014084507044 0.641725352112676 0.05193661971830986 0.13321596244131456 
0 0.3963468309859155 0.641725352112676 0.050616197183098594 0.13673708920187794 
0 0.2070862676056338 0.9512910798122066 0.05501760563380282 0.09272300469483569 
0 0.45048415492957744 0.6379107981220657 0.050616197183098594 0.14084507042253522 
0 0.5026408450704225 0.6440727699530516 0.05369718309859155 0.13791079812206572 
0 0.5550176056338029 0.6387910798122066 0.0528169014084507 0.13321596244131456 
0 0.7887323943661971 0.6725352112676056 0.03873239436619718 0.11619718309859155 
0 0.6203785211267606 0.7878521126760564 0.0409330985915493 0.12617370892018778 
0 0.4465228873239437 0.7775821596244131 0.04709507042253521 0.13497652582159625 
0 0.706205985915493 0.789906103286385 0.03829225352112676 0.11854460093896714 
0 0.3965669014084507 0.2640845070422535 0.03961267605633803 0.1056338028169014 
0 0.4394806338028169 0.26379107981220656 0.04621478873239437 0.10856807511737089 
0 0.4845950704225352 0.2661384976525822 0.03961267605633803 0.1073943661971831 
0 0.4509242957746479 0.37764084507042256 0.0409330985915493 0.12147887323943662 
0 0.5242077464788732 0.267018779342723 0.03961267605633803 0.1056338028169014 
0 0.4949383802816901 0.37764084507042256 0.03829225352112676 0.11326291079812206 
0 0.5367517605633803 0.3814553990610329 0.0409330985915493 0.11737089201877934 
0 0.6661531690140845 0.7878521126760564 0.04181338028169014 0.12617370892018778 
0 0.578125 0.3785211267605634 0.04181338028169014 0.11737089201877934 
0 0.5631602112676056 0.2661384976525822 0.0409330985915493 0.10387323943661972 
0 0.7601232394366197 0.38791079812206575 0.03609154929577465 0.11032863849765258 
0 0.717649647887324 0.386443661971831 0.04621478873239437 0.10974178403755869 
0 0.6731954225352113 0.386443661971831 0.0409330985915493 0.10974178403755869 
0 0.6318221830985915 0.386443661971831 0.04181338028169014 0.10974178403755869 
0 0.7858714788732394 0.789906103286385 0.04181338028169014 0.11619718309859155 
0 0.746919014084507 0.7904929577464789 0.03609154929577465 0.11737089201877934 
0 0.8001760563380281 0.38438967136150237 0.03961267605633803 0.1056338028169014 
0 0.40580985915492956 0.3767605633802817 0.043133802816901406 0.11150234741784038 
0 0.3578345070422535 0.954225352112676 0.07482394366197183 0.08333333333333333 
0 0.5759242957746479 0.965669014084507 0.037411971830985914 0.06866197183098592 
0 0.14106514084507044 0.3160211267605634 0.05941901408450704 0.23884976525821597 
0 0.08450704225352113 0.3130868544600939 0.05193661971830986 0.23650234741784038 
0 0.8140404929577465 0.21185446009389672 0.03653169014084507 0.22769953051643194 
0 0.02948943661971831 0.3130868544600939 0.058098591549295774 0.22476525821596244 
0 0.7825704225352113 0.22065727699530516 0.02640845070422535 0.1772300469483568 
0 0.9471830985915493 0.8309859154929577 0.06954225352112677 0.18896713615023475 
0 0.871919014084507 0.18544600938967137 0.07922535211267606 0.2887323943661972 
0 0.46412852112676056 0.9650821596244131 0.02948943661971831 0.0698356807511737 
0 0.49713908450704225 0.9650821596244131 0.032130281690140844 0.0698356807511737 
0 0.5341109154929577 0.9671361502347418 0.04005281690140845 0.06572769953051644 
0 0.27816901408450706 0.9562793427230047 0.07130281690140845 0.08744131455399061 
0 0.2011443661971831 0.31690140845070425 0.0625 0.24061032863849766 
0 0.7495598591549296 0.204518779342723 0.03961267605633803 0.1426056338028169 
0 0.04335387323943662 0.9533450704225352 0.08142605633802817 0.09330985915492958 
0 0.06426056338028169 0.6672535211267606 0.09683098591549295 0.3286384976525822 
0 0.14788732394366197 0.9483568075117371 0.061619718309859156 0.10093896713615023 
0 0.7480193661971831 0.6734154929577465 0.042693661971830985 0.11443661971830986 
0 0.7055457746478874 0.6754694835680751 0.03961267605633803 0.11619718309859155 
0 0.6632922535211268 0.6740023474178404 0.043133802816901406 0.10974178403755869 
0 0.6232394366197183 0.6754694835680751 0.03961267605633803 0.1068075117370892 
0 0.5521566901408451 0.7752347417840375 0.04709507042253521 0.1396713615023474 
0 0.4982394366197183 0.7816901408450704 0.056338028169014086 0.14084507042253522 
0 0.39590669014084506 0.7737676056338029 0.04973591549295775 0.13321596244131456 
0 0.3430897887323944 0.7772887323943662 0.04973591549295775 0.13204225352112675 
0 0.1619718309859155 0.6657863849765259 0.10123239436619719 0.3315727699530516 
0 0.2621038732394366 0.6672535211267606 0.09903169014084508 0.3345070422535211 
0 0.9592869718309859 0.1875 0.07790492957746478 0.2904929577464789 
0 0.34419014084507044 0.641725352112676 0.05193661971830986 0.13321596244131456 
0 0.3963468309859155 0.641725352112676 0.050616197183098594 0.13673708920187794 
0 0.2070862676056338 0.9512910798122066 0.05501760563380282 0.09272300469483569 
0 0.45048415492957744 0.6379107981220657 0.050616197183098594 0.14084507042253522 
0 0.5026408450704225 0.6440727699530516 0.05369718309859155 0.13791079812206572 
0 0.5550176056338029 0.6387910798122066 0.0528169014084507 0.13321596244131456 
0 0.7887323943661971 0.6725352112676056 0.03873239436619718 0.11619718309859155 
0 0.6203785211267606 0.7878521126760564 0.0409330985915493 0.12617370892018778 
0 0.4465228873239437 0.7775821596244131 0.04709507042253521 0.13497652582159625 
0 0.706205985915493 0.789906103286385 0.03829225352112676 0.11854460093896714 
0 0.3965669014084507 0.2640845070422535 0.03961267605633803 0.1056338028169014 
0 0.4394806338028169 0.26379107981220656 0.04621478873239437 0.10856807511737089 
0 0.4845950704225352 0.2661384976525822 0.03961267605633803 0.1073943661971831 
0 0.4509242957746479 0.37764084507042256 0.0409330985915493 0.12147887323943662 
0 0.5242077464788732 0.267018779342723 0.03961267605633803 0.1056338028169014 
0 0.4949383802816901 0.37764084507042256 0.03829225352112676 0.11326291079812206 
0 0.5367517605633803 0.3814553990610329 0.0409330985915493 0.11737089201877934 
0 0.6661531690140845 0.7878521126760564 0.04181338028169014 0.12617370892018778 
0 0.578125 0.3785211267605634 0.04181338028169014 0.11737089201877934 
0 0.5631602112676056 0.2661384976525822 0.0409330985915493 0.10387323943661972 
0 0.7601232394366197 0.38791079812206575 0.03609154929577465 0.11032863849765258 
0 0.717649647887324 0.386443661971831 0.04621478873239437 0.10974178403755869 
0 0.6731954225352113 0.386443661971831 0.0409330985915493 0.10974178403755869 
0 0.6318221830985915 0.386443661971831 0.04181338028169014 0.10974178403755869 
0 0.7858714788732394 0.789906103286385 0.04181338028169014 0.11619718309859155 
0 0.746919014084507 0.7904929577464789 0.03609154929577465 0.11737089201877934 
0 0.8001760563380281 0.38438967136150237 0.03961267605633803 0.1056338028169014 
0 0.40580985915492956 0.3767605633802817 0.043133802816901406 0.11150234741784038 
0 0.3578345070422535 0.954225352112676 0.07482394366197183 0.08333333333333333 
0 0.5759242957746479 0.965669014084507 0.037411971830985914 0.06866197183098592 
0 0.14106514084507044 0.3160211267605634 0.05941901408450704 0.23884976525821597 
0 0.08450704225352113 0.3130868544600939 0.05193661971830986 0.23650234741784038 
0 0.8140404929577465 0.21185446009389672 0.03653169014084507 0.22769953051643194 
0 0.02948943661971831 0.3130868544600939 0.058098591549295774 0.22476525821596244 
0 0.7825704225352113 0.22065727699530516 0.02640845070422535 0.1772300469483568 
0 0.9471830985915493 0.8309859154929577 0.06954225352112677 0.18896713615023475 
0 0.871919014084507 0.18544600938967137 0.07922535211267606 0.2887323943661972 
0 0.46412852112676056 0.9650821596244131 0.02948943661971831 0.0698356807511737 
0 0.49713908450704225 0.9650821596244131 0.032130281690140844 0.0698356807511737 
0 0.5341109154929577 0.9671361502347418 0.04005281690140845 0.06572769953051644 
0 0.27816901408450706 0.9562793427230047 0.07130281690140845 0.08744131455399061 
0 0.2011443661971831 0.31690140845070425 0.0625 0.24061032863849766 
0 0.7495598591549296 0.204518779342723 0.03961267605633803 0.1426056338028169 
0 0.04335387323943662 0.9533450704225352 0.08142605633802817 0.09330985915492958 
0 0.06426056338028169 0.6672535211267606 0.09683098591549295 0.3286384976525822 
0 0.14788732394366197 0.9483568075117371 0.061619718309859156 0.10093896713615023 
0 0.7480193661971831 0.6734154929577465 0.042693661971830985 0.11443661971830986 
0 0.7055457746478874 0.6754694835680751 0.03961267605633803 0.11619718309859155 
0 0.6632922535211268 0.6740023474178404 0.043133802816901406 0.10974178403755869 
0 0.6232394366197183 0.6754694835680751 0.03961267605633803 0.1068075117370892 
0 0.5521566901408451 0.7752347417840375 0.04709507042253521 0.1396713615023474 
0 0.4982394366197183 0.7816901408450704 0.056338028169014086 0.14084507042253522 
0 0.39590669014084506 0.7737676056338029 0.04973591549295775 0.13321596244131456 
0 0.3430897887323944 0.7772887323943662 0.04973591549295775 0.13204225352112675 
0 0.1619718309859155 0.6657863849765259 0.10123239436619719 0.3315727699530516 
0 0.2621038732394366 0.6672535211267606 0.09903169014084508 0.3345070422535211 
0 0.9592869718309859 0.1875 0.07790492957746478 0.2904929577464789 
0 0.34419014084507044 0.641725352112676 0.05193661971830986 0.13321596244131456 
0 0.3963468309859155 0.641725352112676 0.050616197183098594 0.13673708920187794 
0 0.2070862676056338 0.9512910798122066 0.05501760563380282 0.09272300469483569 
0 0.45048415492957744 0.6379107981220657 0.050616197183098594 0.14084507042253522 
0 0.5026408450704225 0.6440727699530516 0.05369718309859155 0.13791079812206572 
0 0.5550176056338029 0.6387910798122066 0.0528169014084507 0.13321596244131456 
0 0.7887323943661971 0.6725352112676056 0.03873239436619718 0.11619718309859155 
0 0.6203785211267606 0.7878521126760564 0.0409330985915493 0.12617370892018778 
0 0.4465228873239437 0.7775821596244131 0.04709507042253521 0.13497652582159625 
0 0.706205985915493 0.789906103286385 0.03829225352112676 0.11854460093896714 
0 0.3965669014084507 0.2640845070422535 0.03961267605633803 0.1056338028169014 
0 0.4394806338028169 0.26379107981220656 0.04621478873239437 0.10856807511737089 
0 0.4845950704225352 0.2661384976525822 0.03961267605633803 0.1073943661971831 
0 0.4509242957746479 0.37764084507042256 0.0409330985915493 0.12147887323943662 
0 0.5242077464788732 0.267018779342723 0.03961267605633803 0.1056338028169014 
0 0.4949383802816901 0.37764084507042256 0.03829225352112676 0.11326291079812206 
0 0.5367517605633803 0.3814553990610329 0.0409330985915493 0.11737089201877934 
0 0.6661531690140845 0.7878521126760564 0.04181338028169014 0.12617370892018778 
0 0.578125 0.3785211267605634 0.04181338028169014 0.11737089201877934 
0 0.5631602112676056 0.2661384976525822 0.0409330985915493 0.10387323943661972 
0 0.7601232394366197 0.38791079812206575 0.03609154929577465 0.11032863849765258 
0 0.717649647887324 0.386443661971831 0.04621478873239437 0.10974178403755869 
0 0.6731954225352113 0.386443661971831 0.0409330985915493 0.10974178403755869 
0 0.6318221830985915 0.386443661971831 0.04181338028169014 0.10974178403755869 
0 0.7858714788732394 0.789906103286385 0.04181338028169014 0.11619718309859155 
0 0.746919014084507 0.7904929577464789 0.03609154929577465 0.11737089201877934 
0 0.8001760563380281 0.38438967136150237 0.03961267605633803 0.1056338028169014 
0 0.40580985915492956 0.3767605633802817 0.043133802816901406 0.11150234741784038 
