0 0.2590228873239437 0.9234154929577465 0.0682218309859155 0.15082159624413147 
0 0.11949823943661972 0.909330985915493 0.06470070422535211 0.1813380281690141 
0 0.18683978873239437 0.908744131455399 0.07174295774647887 0.18016431924882628 
0 0.39150528169014087 0.6211854460093896 0.06734154929577464 0.30927230046948356 
0 0.32856514084507044 0.9231220657276995 0.06910211267605634 0.15375586854460094 
0 0.05171654929577465 0.9107981220657277 0.06734154929577464 0.1784037558685446 
0 0.316681338028169 0.6144366197183099 0.06910211267605634 0.31103286384976525 
0 0.03829225352112676 0.5956572769953051 0.07394366197183098 0.2699530516431925 
0 0.19784330985915494 0.5845070422535211 0.06734154929577464 0.2805164319248826 
0 0.1113556338028169 0.5991784037558685 0.07482394366197183 0.2887323943661972 
0 0.30633802816901406 0.21713615023474178 0.09242957746478873 0.3286384976525822 
0 0.21214788732394366 0.2142018779342723 0.08890845070422536 0.3227699530516432 
0 0.11861795774647887 0.21332159624413147 0.09551056338028169 0.31514084507042256 
0 0.03345070422535211 0.2130281690140845 0.06602112676056338 0.31220657276995306 
0 0.4392605633802817 0.9289906103286385 0.06602112676056338 0.142018779342723 
0 0.257262323943662 0.5859741784037559 0.04709507042253521 0.2916666666666667 
0 0.5336707746478874 0.9304577464788732 0.05677816901408451 0.13908450704225353 
0 0.44872359154929575 0.7115610328638498 0.03829225352112676 0.08509389671361503 
0 0.6932218309859155 0.9407276995305164 0.07394366197183098 0.11854460093896714 
0 0.6324823943661971 0.7027582159624414 0.02992957746478873 0.09096244131455399 
0 0.7746478873239436 0.6068075117370892 0.027288732394366196 0.09976525821596244 
0 0.7425176056338029 0.6123826291079812 0.03169014084507042 0.09213615023474178 
0 0.7106073943661971 0.6153169014084507 0.02948943661971831 0.09213615023474178 
0 0.6747359154929577 0.6109154929577465 0.030809859154929578 0.0892018779342723 
0 0.6401848591549296 0.6035798122065728 0.032130281690140844 0.09565727699530517 
0 0.5944102112676056 0.7224178403755869 0.03301056338028169 0.08685446009389672 
0 0.5565580985915493 0.721537558685446 0.03653169014084507 0.08509389671361503 
0 0.5202464788732394 0.7194835680751174 0.03433098591549296 0.08333333333333333 
0 0.4850352112676056 0.7171361502347418 0.03609154929577465 0.0880281690140845 
0 0.597931338028169 0.6373239436619719 0.037411971830985914 0.0892018779342723 
0 0.5576584507042254 0.6358568075117371 0.03609154929577465 0.09565727699530517 
0 0.5213468309859155 0.6299882629107981 0.03389084507042254 0.09800469483568075 
0 0.4850352112676056 0.6291079812206573 0.03609154929577465 0.09389671361502347 
0 0.4498239436619718 0.6241197183098591 0.03873239436619718 0.09565727699530517 
0 0.597931338028169 0.5360915492957746 0.03301056338028169 0.10974178403755869 
0 0.5616197183098591 0.5322769953051644 0.035211267605633804 0.1056338028169014 
0 0.5250880281690141 0.5331572769953051 0.035211267605633804 0.10387323943661972 
0 0.4898767605633803 0.5264084507042254 0.035211267605633804 0.11150234741784038 
0 0.45268485915492956 0.5220070422535211 0.037411971830985914 0.10269953051643192 
0 0.8206426056338029 0.6599178403755869 0.058538732394366196 0.20833333333333334 
0 0.9377200704225352 0.6910211267605634 0.07526408450704225 0.22241784037558684 
0 0.765625 0.9366197183098591 0.07174295774647887 0.11619718309859155 
0 0.6005721830985915 0.9395539906103286 0.0761443661971831 0.11854460093896714 
0 0.6637323943661971 0.7004107981220657 0.02640845070422535 0.09213615023474178 
0 0.7293133802816901 0.49911971830985913 0.03169014084507042 0.10152582159624413 
0 0.7337147887323944 0.7033450704225352 0.03169014084507042 0.0897887323943662 
0 0.5818661971830986 0.3248239436619718 0.0448943661971831 0.125 
0 0.5327904929577465 0.32717136150234744 0.050616197183098594 0.12617370892018778 
0 0.4810739436619718 0.32335680751173707 0.04841549295774648 0.13028169014084506 
0 0.4311179577464789 0.3210093896713615 0.04709507042253521 0.12910798122065728 
0 0.38380281690140844 0.3248239436619718 0.04753521126760563 0.125 
0 0.5319102112676056 0.19278169014084506 0.04621478873239437 0.125 
0 0.4810739436619718 0.19571596244131456 0.04841549295774648 0.125 
0 0.4317781690140845 0.1942488262910798 0.04841549295774648 0.12441314553990611 
0 0.582306338028169 0.19278169014084506 0.0528169014084507 0.125 
0 0.9282570422535211 0.09624413145539906 0.05193661971830986 0.19131455399061034 
0 0.3842429577464789 0.1936619718309859 0.04401408450704225 0.12910798122065728 
0 0.7684859154929577 0.7071596244131455 0.030809859154929578 0.0880281690140845 
0 0.6368838028169014 0.494424882629108 0.027288732394366196 0.09096244131455399 
0 0.6654929577464789 0.4950117370892019 0.025528169014084508 0.09213615023474178 
0 0.6934419014084507 0.7053990610328639 0.03301056338028169 0.0880281690140845 
0 0.7594630281690141 0.5038145539906104 0.028609154929577465 0.09565727699530517 
0 0.9597271126760564 0.39172535211267606 0.07262323943661972 0.1789906103286385 
0 0.6967429577464789 0.49589201877934275 0.02640845070422535 0.10211267605633803 
0 0.2590228873239437 0.9234154929577465 0.0682218309859155 0.15082159624413147 
0 0.11949823943661972 0.909330985915493 0.06470070422535211 0.1813380281690141 
0 0.18683978873239437 0.908744131455399 0.07174295774647887 0.18016431924882628 
0 0.39150528169014087 0.6211854460093896 0.06734154929577464 0.30927230046948356 
0 0.32856514084507044 0.9231220657276995 0.06910211267605634 0.15375586854460094 
0 0.05171654929577465 0.9107981220657277 0.06734154929577464 0.1784037558685446 
0 0.316681338028169 0.6144366197183099 0.06910211267605634 0.31103286384976525 
0 0.03829225352112676 0.5956572769953051 0.07394366197183098 0.2699530516431925 
0 0.19784330985915494 0.5845070422535211 0.06734154929577464 0.2805164319248826 
0 0.1113556338028169 0.5991784037558685 0.07482394366197183 0.2887323943661972 
0 0.30633802816901406 0.21713615023474178 0.09242957746478873 0.3286384976525822 
0 0.21214788732394366 0.2142018779342723 0.08890845070422536 0.3227699530516432 
0 0.11861795774647887 0.21332159624413147 0.09551056338028169 0.31514084507042256 
0 0.03345070422535211 0.2130281690140845 0.06602112676056338 0.31220657276995306 
0 0.4392605633802817 0.9289906103286385 0.06602112676056338 0.142018779342723 
0 0.257262323943662 0.5859741784037559 0.04709507042253521 0.2916666666666667 
0 0.5336707746478874 0.9304577464788732 0.05677816901408451 0.13908450704225353 
0 0.44872359154929575 0.7115610328638498 0.03829225352112676 0.08509389671361503 
0 0.6932218309859155 0.9407276995305164 0.07394366197183098 0.11854460093896714 
0 0.6324823943661971 0.7027582159624414 0.02992957746478873 0.09096244131455399 
0 0.7746478873239436 0.6068075117370892 0.027288732394366196 0.09976525821596244 
0 0.7425176056338029 0.6123826291079812 0.03169014084507042 0.09213615023474178 
0 0.7106073943661971 0.6153169014084507 0.02948943661971831 0.09213615023474178 
0 0.6747359154929577 0.6109154929577465 0.030809859154929578 0.0892018779342723 
0 0.6401848591549296 0.6035798122065728 0.032130281690140844 0.09565727699530517 
0 0.5944102112676056 0.7224178403755869 0.03301056338028169 0.08685446009389672 
0 0.5565580985915493 0.721537558685446 0.03653169014084507 0.08509389671361503 
0 0.5202464788732394 0.7194835680751174 0.03433098591549296 0.08333333333333333 
0 0.4850352112676056 0.7171361502347418 0.03609154929577465 0.0880281690140845 
0 0.597931338028169 0.6373239436619719 0.037411971830985914 0.0892018779342723 
0 0.5576584507042254 0.6358568075117371 0.03609154929577465 0.09565727699530517 
0 0.5213468309859155 0.6299882629107981 0.03389084507042254 0.09800469483568075 
0 0.4850352112676056 0.6291079812206573 0.03609154929577465 0.09389671361502347 
0 0.4498239436619718 0.6241197183098591 0.03873239436619718 0.09565727699530517 
0 0.597931338028169 0.5360915492957746 0.03301056338028169 0.10974178403755869 
0 0.5616197183098591 0.5322769953051644 0.035211267605633804 0.1056338028169014 
0 0.5250880281690141 0.5331572769953051 0.035211267605633804 0.10387323943661972 
0 0.4898767605633803 0.5264084507042254 0.035211267605633804 0.11150234741784038 
0 0.45268485915492956 0.5220070422535211 0.037411971830985914 0.10269953051643192 
0 0.8206426056338029 0.6599178403755869 0.058538732394366196 0.20833333333333334 
0 0.9377200704225352 0.6910211267605634 0.07526408450704225 0.22241784037558684 
0 0.765625 0.9366197183098591 0.07174295774647887 0.11619718309859155 
0 0.6005721830985915 0.9395539906103286 0.0761443661971831 0.11854460093896714 
0 0.6637323943661971 0.7004107981220657 0.02640845070422535 0.09213615023474178 
0 0.7293133802816901 0.49911971830985913 0.03169014084507042 0.10152582159624413 
0 0.7337147887323944 0.7033450704225352 0.03169014084507042 0.0897887323943662 
0 0.5818661971830986 0.3248239436619718 0.0448943661971831 0.125 
0 0.5327904929577465 0.32717136150234744 0.050616197183098594 0.12617370892018778 
0 0.4810739436619718 0.32335680751173707 0.04841549295774648 0.13028169014084506 
0 0.4311179577464789 0.3210093896713615 0.04709507042253521 0.12910798122065728 
0 0.38380281690140844 0.3248239436619718 0.04753521126760563 0.125 
0 0.5319102112676056 0.19278169014084506 0.04621478873239437 0.125 
0 0.4810739436619718 0.19571596244131456 0.04841549295774648 0.125 
0 0.4317781690140845 0.1942488262910798 0.04841549295774648 0.12441314553990611 
0 0.582306338028169 0.19278169014084506 0.0528169014084507 0.125 
0 0.9282570422535211 0.09624413145539906 0.05193661971830986 0.19131455399061034 
0 0.3842429577464789 0.1936619718309859 0.04401408450704225 0.12910798122065728 
0 0.7684859154929577 0.7071596244131455 0.030809859154929578 0.0880281690140845 
0 0.6368838028169014 0.494424882629108 0.027288732394366196 0.09096244131455399 
0 0.6654929577464789 0.4950117370892019 0.025528169014084508 0.09213615023474178 
0 0.6934419014084507 0.7053990610328639 0.03301056338028169 0.0880281690140845 
0 0.7594630281690141 0.5038145539906104 0.028609154929577465 0.09565727699530517 
0 0.9597271126760564 0.39172535211267606 0.07262323943661972 0.1789906103286385 
0 0.6967429577464789 0.49589201877934275 0.02640845070422535 0.10211267605633803 
0 0.2590228873239437 0.9234154929577465 0.0682218309859155 0.15082159624413147 
0 0.11949823943661972 0.909330985915493 0.06470070422535211 0.1813380281690141 
0 0.18683978873239437 0.908744131455399 0.07174295774647887 0.18016431924882628 
0 0.39150528169014087 0.6211854460093896 0.06734154929577464 0.30927230046948356 
0 0.32856514084507044 0.9231220657276995 0.06910211267605634 0.15375586854460094 
0 0.05171654929577465 0.9107981220657277 0.06734154929577464 0.1784037558685446 
0 0.316681338028169 0.6144366197183099 0.06910211267605634 0.31103286384976525 
0 0.03829225352112676 0.5956572769953051 0.07394366197183098 0.2699530516431925 
0 0.19784330985915494 0.5845070422535211 0.06734154929577464 0.2805164319248826 
0 0.1113556338028169 0.5991784037558685 0.07482394366197183 0.2887323943661972 
0 0.30633802816901406 0.21713615023474178 0.09242957746478873 0.3286384976525822 
0 0.21214788732394366 0.2142018779342723 0.08890845070422536 0.3227699530516432 
0 0.11861795774647887 0.21332159624413147 0.09551056338028169 0.31514084507042256 
0 0.03345070422535211 0.2130281690140845 0.06602112676056338 0.31220657276995306 
0 0.4392605633802817 0.9289906103286385 0.06602112676056338 0.142018779342723 
0 0.257262323943662 0.5859741784037559 0.04709507042253521 0.2916666666666667 
0 0.5336707746478874 0.9304577464788732 0.05677816901408451 0.13908450704225353 
0 0.44872359154929575 0.7115610328638498 0.03829225352112676 0.08509389671361503 
0 0.6932218309859155 0.9407276995305164 0.07394366197183098 0.11854460093896714 
0 0.6324823943661971 0.7027582159624414 0.02992957746478873 0.09096244131455399 
0 0.7746478873239436 0.6068075117370892 0.027288732394366196 0.09976525821596244 
0 0.7425176056338029 0.6123826291079812 0.03169014084507042 0.09213615023474178 
0 0.7106073943661971 0.6153169014084507 0.02948943661971831 0.09213615023474178 
0 0.6747359154929577 0.6109154929577465 0.030809859154929578 0.0892018779342723 
0 0.6401848591549296 0.6035798122065728 0.032130281690140844 0.09565727699530517 
0 0.5944102112676056 0.7224178403755869 0.03301056338028169 0.08685446009389672 
0 0.5565580985915493 0.721537558685446 0.03653169014084507 0.08509389671361503 
0 0.5202464788732394 0.7194835680751174 0.03433098591549296 0.08333333333333333 
0 0.4850352112676056 0.7171361502347418 0.03609154929577465 0.0880281690140845 
0 0.597931338028169 0.6373239436619719 0.037411971830985914 0.0892018779342723 
0 0.5576584507042254 0.6358568075117371 0.03609154929577465 0.09565727699530517 
0 0.5213468309859155 0.6299882629107981 0.03389084507042254 0.09800469483568075 
0 0.4850352112676056 0.6291079812206573 0.03609154929577465 0.09389671361502347 
0 0.4498239436619718 0.6241197183098591 0.03873239436619718 0.09565727699530517 
0 0.597931338028169 0.5360915492957746 0.03301056338028169 0.10974178403755869 
0 0.5616197183098591 0.5322769953051644 0.035211267605633804 0.1056338028169014 
0 0.5250880281690141 0.5331572769953051 0.035211267605633804 0.10387323943661972 
0 0.4898767605633803 0.5264084507042254 0.035211267605633804 0.11150234741784038 
0 0.45268485915492956 0.5220070422535211 0.037411971830985914 0.10269953051643192 
0 0.8206426056338029 0.6599178403755869 0.058538732394366196 0.20833333333333334 
0 0.9377200704225352 0.6910211267605634 0.07526408450704225 0.22241784037558684 
0 0.765625 0.9366197183098591 0.07174295774647887 0.11619718309859155 
0 0.6005721830985915 0.9395539906103286 0.0761443661971831 0.11854460093896714 
0 0.6637323943661971 0.7004107981220657 0.02640845070422535 0.09213615023474178 
0 0.7293133802816901 0.49911971830985913 0.03169014084507042 0.10152582159624413 
0 0.7337147887323944 0.7033450704225352 0.03169014084507042 0.0897887323943662 
0 0.5818661971830986 0.3248239436619718 0.0448943661971831 0.125 
0 0.5327904929577465 0.32717136150234744 0.050616197183098594 0.12617370892018778 
0 0.4810739436619718 0.32335680751173707 0.04841549295774648 0.13028169014084506 
0 0.4311179577464789 0.3210093896713615 0.04709507042253521 0.12910798122065728 
0 0.38380281690140844 0.3248239436619718 0.04753521126760563 0.125 
0 0.5319102112676056 0.19278169014084506 0.04621478873239437 0.125 
0 0.4810739436619718 0.19571596244131456 0.04841549295774648 0.125 
0 0.4317781690140845 0.1942488262910798 0.04841549295774648 0.12441314553990611 
0 0.582306338028169 0.19278169014084506 0.0528169014084507 0.125 
0 0.9282570422535211 0.09624413145539906 0.05193661971830986 0.19131455399061034 
0 0.3842429577464789 0.1936619718309859 0.04401408450704225 0.12910798122065728 
0 0.7684859154929577 0.7071596244131455 0.030809859154929578 0.0880281690140845 
0 0.6368838028169014 0.494424882629108 0.027288732394366196 0.09096244131455399 
0 0.6654929577464789 0.4950117370892019 0.025528169014084508 0.09213615023474178 
0 0.6934419014084507 0.7053990610328639 0.03301056338028169 0.0880281690140845 
0 0.7594630281690141 0.5038145539906104 0.028609154929577465 0.09565727699530517 
0 0.9597271126760564 0.39172535211267606 0.07262323943661972 0.1789906103286385 
0 0.6967429577464789 0.49589201877934275 0.02640845070422535 0.10211267605633803 
