0 0.7761883802816901 0.6446596244131455 0.07262323943661972 0.24237089201877934 
0 0.9597271126760564 0.289906103286385 0.07878521126760564 0.20657276995305165 
0 0.8444102112676056 0.6511150234741784 0.05941901408450704 0.2318075117370892 
0 0.5814260563380281 0.5557511737089202 0.030809859154929578 0.1936619718309859 
0 0.08670774647887323 0.18339201877934272 0.040492957746478875 0.20246478873239437 
0 0.050616197183098594 0.1807511737089202 0.02640845070422535 0.22417840375586853 
0 0.6289612676056338 0.6323356807511737 0.06514084507042253 0.23767605633802816 
0 0.19608274647887325 0.5044014084507042 0.028609154929577465 0.17312206572769953 
0 0.16923415492957747 0.5082159624413145 0.02772887323943662 0.18309859154929578 
0 0.14106514084507044 0.5296361502347418 0.028609154929577465 0.20246478873239437 
0 0.10981514084507042 0.545481220657277 0.03389084507042254 0.20833333333333334 
0 0.9251760563380281 0.73268779342723 0.06690140845070422 0.1449530516431925 
0 0.01914612676056338 0.17370892018779344 0.037411971830985914 0.23591549295774647 
0 0.33494718309859156 0.16784037558685447 0.058098591549295774 0.15258215962441316 
0 0.0605193661971831 0.568368544600939 0.06910211267605634 0.22711267605633803 
0 0.49559859154929575 0.22975352112676056 0.061619718309859156 0.16842723004694835 
0 0.2482394366197183 0.5563380281690141 0.06778169014084508 0.27230046948356806 
0 0.3149207746478873 0.5440140845070423 0.05941901408450704 0.2640845070422535 
0 0.2519806338028169 0.20246478873239437 0.05677816901408451 0.20187793427230047 
0 0.013644366197183098 0.5663145539906104 0.02640845070422535 0.22300469483568075 
0 0.8650968309859155 0.2546948356807512 0.07174295774647887 0.2312206572769953 
0 0.18221830985915494 0.1983568075117371 0.06073943661971831 0.18309859154929578 
0 0.7766285211267606 0.2476525821596244 0.09022887323943662 0.2136150234741784 
0 0.5884683098591549 0.2312206572769953 0.06778169014084508 0.1983568075117371 
0 0.6712147887323944 0.24002347417840375 0.061619718309859156 0.21948356807511737 
0 0.702024647887324 0.6379107981220657 0.06690140845070422 0.2347417840375587 
0 0.4201144366197183 0.22535211267605634 0.055897887323943664 0.1795774647887324 
0 0.7761883802816901 0.6446596244131455 0.07262323943661972 0.24237089201877934 
0 0.9597271126760564 0.289906103286385 0.07878521126760564 0.20657276995305165 
0 0.8444102112676056 0.6511150234741784 0.05941901408450704 0.2318075117370892 
0 0.5814260563380281 0.5557511737089202 0.030809859154929578 0.1936619718309859 
0 0.08670774647887323 0.18339201877934272 0.040492957746478875 0.20246478873239437 
0 0.050616197183098594 0.1807511737089202 0.02640845070422535 0.22417840375586853 
0 0.6289612676056338 0.6323356807511737 0.06514084507042253 0.23767605633802816 
0 0.19608274647887325 0.5044014084507042 0.028609154929577465 0.17312206572769953 
0 0.16923415492957747 0.5082159624413145 0.02772887323943662 0.18309859154929578 
0 0.14106514084507044 0.5296361502347418 0.028609154929577465 0.20246478873239437 
0 0.10981514084507042 0.545481220657277 0.03389084507042254 0.20833333333333334 
0 0.9251760563380281 0.73268779342723 0.06690140845070422 0.1449530516431925 
0 0.01914612676056338 0.17370892018779344 0.037411971830985914 0.23591549295774647 
0 0.33494718309859156 0.16784037558685447 0.058098591549295774 0.15258215962441316 
0 0.0605193661971831 0.568368544600939 0.06910211267605634 0.22711267605633803 
0 0.49559859154929575 0.22975352112676056 0.061619718309859156 0.16842723004694835 
0 0.2482394366197183 0.5563380281690141 0.06778169014084508 0.27230046948356806 
0 0.3149207746478873 0.5440140845070423 0.05941901408450704 0.2640845070422535 
0 0.2519806338028169 0.20246478873239437 0.05677816901408451 0.20187793427230047 
0 0.013644366197183098 0.5663145539906104 0.02640845070422535 0.22300469483568075 
0 0.8650968309859155 0.2546948356807512 0.07174295774647887 0.2312206572769953 
0 0.18221830985915494 0.1983568075117371 0.06073943661971831 0.18309859154929578 
0 0.7766285211267606 0.2476525821596244 0.09022887323943662 0.2136150234741784 
0 0.5884683098591549 0.2312206572769953 0.06778169014084508 0.1983568075117371 
0 0.6712147887323944 0.24002347417840375 0.061619718309859156 0.21948356807511737 
0 0.702024647887324 0.6379107981220657 0.06690140845070422 0.2347417840375587 
0 0.4201144366197183 0.22535211267605634 0.055897887323943664 0.1795774647887324 
0 0.7761883802816901 0.6446596244131455 0.07262323943661972 0.24237089201877934 
0 0.9597271126760564 0.289906103286385 0.07878521126760564 0.20657276995305165 
0 0.8444102112676056 0.6511150234741784 0.05941901408450704 0.2318075117370892 
0 0.5814260563380281 0.5557511737089202 0.030809859154929578 0.1936619718309859 
0 0.08670774647887323 0.18339201877934272 0.040492957746478875 0.20246478873239437 
0 0.050616197183098594 0.1807511737089202 0.02640845070422535 0.22417840375586853 
0 0.6289612676056338 0.6323356807511737 0.06514084507042253 0.23767605633802816 
0 0.19608274647887325 0.5044014084507042 0.028609154929577465 0.17312206572769953 
0 0.16923415492957747 0.5082159624413145 0.02772887323943662 0.18309859154929578 
0 0.14106514084507044 0.5296361502347418 0.028609154929577465 0.20246478873239437 
0 0.10981514084507042 0.545481220657277 0.03389084507042254 0.20833333333333334 
0 0.9251760563380281 0.73268779342723 0.06690140845070422 0.1449530516431925 
0 0.01914612676056338 0.17370892018779344 0.037411971830985914 0.23591549295774647 
0 0.33494718309859156 0.16784037558685447 0.058098591549295774 0.15258215962441316 
0 0.0605193661971831 0.568368544600939 0.06910211267605634 0.22711267605633803 
0 0.49559859154929575 0.22975352112676056 0.061619718309859156 0.16842723004694835 
0 0.2482394366197183 0.5563380281690141 0.06778169014084508 0.27230046948356806 
0 0.3149207746478873 0.5440140845070423 0.05941901408450704 0.2640845070422535 
0 0.2519806338028169 0.20246478873239437 0.05677816901408451 0.20187793427230047 
0 0.013644366197183098 0.5663145539906104 0.02640845070422535 0.22300469483568075 
0 0.8650968309859155 0.2546948356807512 0.07174295774647887 0.2312206572769953 
0 0.18221830985915494 0.1983568075117371 0.06073943661971831 0.18309859154929578 
0 0.7766285211267606 0.2476525821596244 0.09022887323943662 0.2136150234741784 
0 0.5884683098591549 0.2312206572769953 0.06778169014084508 0.1983568075117371 
0 0.6712147887323944 0.24002347417840375 0.061619718309859156 0.21948356807511737 
0 0.702024647887324 0.6379107981220657 0.06690140845070422 0.2347417840375587 
0 0.4201144366197183 0.22535211267605634 0.055897887323943664 0.1795774647887324 
