0 0.12191901408450705 0.8148474178403756 0.06514084507042253 0.05457746478873239 
0 0.4702904929577465 0.2177230046948357 0.037411971830985914 0.09859154929577464 
0 0.43221830985915494 0.21919014084507044 0.03609154929577465 0.10152582159624413 
0 0.03895246478873239 0.98268779342723 0.07262323943661972 0.034624413145539906 
0 0.07130281690140845 0.926349765258216 0.06690140845070422 0.056924882629107984 
0 0.01914612676056338 0.9266431924882629 0.037411971830985914 0.06924882629107981 
0 0.030149647887323945 0.8597417840375586 0.05941901408450704 0.05868544600938967 
0 0.055897887323943664 0.7978286384976526 0.0625 0.05575117370892019 
0 0.09991197183098592 0.8700117370892019 0.06690140845070422 0.061619718309859156 
0 0.5913292253521126 0.5551643192488263 0.07702464788732394 0.3392018779342723 
0 0.8338468309859155 0.1613849765258216 0.06294014084507042 0.24061032863849766 
0 0.9566461267605634 0.1898474178403756 0.07262323943661972 0.2564553990610329 
0 0.9610475352112676 0.5704225352112676 0.07262323943661972 0.24647887323943662 
0 0.8998679577464789 0.5522300469483568 0.032130281690140844 0.21009389671361503 
0 0.8419894366197183 0.5897887323943662 0.06426056338028169 0.25821596244131456 
0 0.7678257042253521 0.5498826291079812 0.06029929577464789 0.31690140845070425 
0 0.6969630281690141 0.5492957746478874 0.07262323943661972 0.3215962441314554 
0 0.512544014084507 0.221537558685446 0.03653169014084507 0.10856807511737089 
0 0.5112235915492958 0.8873239436619719 0.08230633802816902 0.21713615023474178 
0 0.5521566901408451 0.22711267605633803 0.03653169014084507 0.1056338028169014 
0 0.5147447183098591 0.03198356807511737 0.03829225352112676 0.061619718309859156 
0 0.43661971830985913 0.11502347417840375 0.03873239436619718 0.10093896713615023 
0 0.7869718309859155 0.12235915492957747 0.02640845070422535 0.11326291079812206 
0 0.7546214788732394 0.12235915492957747 0.03389084507042254 0.10152582159624413 
0 0.7161091549295775 0.11854460093896714 0.03609154929577465 0.1056338028169014 
0 0.6782570422535211 0.1164906103286385 0.035211267605633804 0.10387323943661972 
0 0.637544014084507 0.11267605633802817 0.037411971830985914 0.09976525821596244 
0 0.7772887323943662 0.22065727699530516 0.035211267605633804 0.09507042253521127 
0 0.7403169014084507 0.22007042253521128 0.02992957746478873 0.09976525821596244 
0 0.7029049295774648 0.22065727699530516 0.02992957746478873 0.09507042253521127 
0 0.6683538732394366 0.21625586854460094 0.03301056338028169 0.09565727699530517 
0 0.6324823943661971 0.21625586854460094 0.03169014084507042 0.09800469483568075 
0 0.5977112676056338 0.033157276995305164 0.035211267605633804 0.06514084507042253 
0 0.5543573943661971 0.03169014084507042 0.03653169014084507 0.062206572769953054 
0 0.4267165492957746 0.5302230046948356 0.08054577464788733 0.301056338028169 
0 0.4784330985915493 0.03169014084507042 0.03169014084507042 0.062206572769953054 
0 0.43838028169014087 0.03051643192488263 0.035211267605633804 0.05868544600938967 
0 0.5994718309859155 0.1238262910798122 0.03609154929577465 0.10446009389671361 
0 0.558318661971831 0.11942488262910798 0.03301056338028169 0.10387323943661972 
0 0.5191461267605634 0.11443661971830986 0.03653169014084507 0.09976525821596244 
0 0.47733274647887325 0.1164906103286385 0.0409330985915493 0.09800469483568075 
0 0.5922095070422535 0.22711267605633803 0.035651408450704226 0.10328638497652583 
0 0.31778169014084506 0.5220070422535211 0.07570422535211267 0.3257042253521127 
0 0.5231073943661971 0.5249413145539906 0.05501760563380282 0.3022300469483568 
0 0.16263204225352113 0.5076291079812206 0.06910211267605634 0.3227699530516432 
0 0.027948943661971832 0.4988262910798122 0.05501760563380282 0.2992957746478873 
0 0.3727992957746479 0.13908450704225353 0.08274647887323944 0.2699530516431925 
0 0.2929137323943662 0.13879107981220656 0.07702464788732394 0.2764084507042254 
0 0.22799295774647887 0.12529342723004694 0.0528169014084507 0.24471830985915494 
0 0.16307218309859156 0.1238262910798122 0.07702464788732394 0.24530516431924881 
0 0.06690140845070422 0.12998826291079812 0.07394366197183098 0.25880281690140844 
0 0.014084507042253521 0.12998826291079812 0.027288732394366196 0.25880281690140844 
0 0.09220950704225352 0.4994131455399061 0.06910211267605634 0.3039906103286385 
0 0.2363556338028169 0.517018779342723 0.07130281690140845 0.318075117370892 
0 0.12191901408450705 0.8148474178403756 0.06514084507042253 0.05457746478873239 
0 0.4702904929577465 0.2177230046948357 0.037411971830985914 0.09859154929577464 
0 0.43221830985915494 0.21919014084507044 0.03609154929577465 0.10152582159624413 
0 0.03895246478873239 0.98268779342723 0.07262323943661972 0.034624413145539906 
0 0.07130281690140845 0.926349765258216 0.06690140845070422 0.056924882629107984 
0 0.01914612676056338 0.9266431924882629 0.037411971830985914 0.06924882629107981 
0 0.030149647887323945 0.8597417840375586 0.05941901408450704 0.05868544600938967 
0 0.055897887323943664 0.7978286384976526 0.0625 0.05575117370892019 
0 0.09991197183098592 0.8700117370892019 0.06690140845070422 0.061619718309859156 
0 0.5913292253521126 0.5551643192488263 0.07702464788732394 0.3392018779342723 
0 0.8338468309859155 0.1613849765258216 0.06294014084507042 0.24061032863849766 
0 0.9566461267605634 0.1898474178403756 0.07262323943661972 0.2564553990610329 
0 0.9610475352112676 0.5704225352112676 0.07262323943661972 0.24647887323943662 
0 0.8998679577464789 0.5522300469483568 0.032130281690140844 0.21009389671361503 
0 0.8419894366197183 0.5897887323943662 0.06426056338028169 0.25821596244131456 
0 0.7678257042253521 0.5498826291079812 0.06029929577464789 0.31690140845070425 
0 0.6969630281690141 0.5492957746478874 0.07262323943661972 0.3215962441314554 
0 0.512544014084507 0.221537558685446 0.03653169014084507 0.10856807511737089 
0 0.5112235915492958 0.8873239436619719 0.08230633802816902 0.21713615023474178 
0 0.5521566901408451 0.22711267605633803 0.03653169014084507 0.1056338028169014 
0 0.5147447183098591 0.03198356807511737 0.03829225352112676 0.061619718309859156 
0 0.43661971830985913 0.11502347417840375 0.03873239436619718 0.10093896713615023 
0 0.7869718309859155 0.12235915492957747 0.02640845070422535 0.11326291079812206 
0 0.7546214788732394 0.12235915492957747 0.03389084507042254 0.10152582159624413 
0 0.7161091549295775 0.11854460093896714 0.03609154929577465 0.1056338028169014 
0 0.6782570422535211 0.1164906103286385 0.035211267605633804 0.10387323943661972 
0 0.637544014084507 0.11267605633802817 0.037411971830985914 0.09976525821596244 
0 0.7772887323943662 0.22065727699530516 0.035211267605633804 0.09507042253521127 
0 0.7403169014084507 0.22007042253521128 0.02992957746478873 0.09976525821596244 
0 0.7029049295774648 0.22065727699530516 0.02992957746478873 0.09507042253521127 
0 0.6683538732394366 0.21625586854460094 0.03301056338028169 0.09565727699530517 
0 0.6324823943661971 0.21625586854460094 0.03169014084507042 0.09800469483568075 
0 0.5977112676056338 0.033157276995305164 0.035211267605633804 0.06514084507042253 
0 0.5543573943661971 0.03169014084507042 0.03653169014084507 0.062206572769953054 
0 0.4267165492957746 0.5302230046948356 0.08054577464788733 0.301056338028169 
0 0.4784330985915493 0.03169014084507042 0.03169014084507042 0.062206572769953054 
0 0.43838028169014087 0.03051643192488263 0.035211267605633804 0.05868544600938967 
0 0.5994718309859155 0.1238262910798122 0.03609154929577465 0.10446009389671361 
0 0.558318661971831 0.11942488262910798 0.03301056338028169 0.10387323943661972 
0 0.5191461267605634 0.11443661971830986 0.03653169014084507 0.09976525821596244 
0 0.47733274647887325 0.1164906103286385 0.0409330985915493 0.09800469483568075 
0 0.5922095070422535 0.22711267605633803 0.035651408450704226 0.10328638497652583 
0 0.31778169014084506 0.5220070422535211 0.07570422535211267 0.3257042253521127 
0 0.5231073943661971 0.5249413145539906 0.05501760563380282 0.3022300469483568 
0 0.16263204225352113 0.5076291079812206 0.06910211267605634 0.3227699530516432 
0 0.027948943661971832 0.4988262910798122 0.05501760563380282 0.2992957746478873 
0 0.3727992957746479 0.13908450704225353 0.08274647887323944 0.2699530516431925 
0 0.2929137323943662 0.13879107981220656 0.07702464788732394 0.2764084507042254 
0 0.22799295774647887 0.12529342723004694 0.0528169014084507 0.24471830985915494 
0 0.16307218309859156 0.1238262910798122 0.07702464788732394 0.24530516431924881 
0 0.06690140845070422 0.12998826291079812 0.07394366197183098 0.25880281690140844 
0 0.014084507042253521 0.12998826291079812 0.027288732394366196 0.25880281690140844 
0 0.09220950704225352 0.4994131455399061 0.06910211267605634 0.3039906103286385 
0 0.2363556338028169 0.517018779342723 0.07130281690140845 0.318075117370892 
0 0.12191901408450705 0.8148474178403756 0.06514084507042253 0.05457746478873239 
0 0.4702904929577465 0.2177230046948357 0.037411971830985914 0.09859154929577464 
0 0.43221830985915494 0.21919014084507044 0.03609154929577465 0.10152582159624413 
0 0.03895246478873239 0.98268779342723 0.07262323943661972 0.034624413145539906 
0 0.07130281690140845 0.926349765258216 0.06690140845070422 0.056924882629107984 
0 0.01914612676056338 0.9266431924882629 0.037411971830985914 0.06924882629107981 
0 0.030149647887323945 0.8597417840375586 0.05941901408450704 0.05868544600938967 
0 0.055897887323943664 0.7978286384976526 0.0625 0.05575117370892019 
0 0.09991197183098592 0.8700117370892019 0.06690140845070422 0.061619718309859156 
0 0.5913292253521126 0.5551643192488263 0.07702464788732394 0.3392018779342723 
0 0.8338468309859155 0.1613849765258216 0.06294014084507042 0.24061032863849766 
0 0.9566461267605634 0.1898474178403756 0.07262323943661972 0.2564553990610329 
0 0.9610475352112676 0.5704225352112676 0.07262323943661972 0.24647887323943662 
0 0.8998679577464789 0.5522300469483568 0.032130281690140844 0.21009389671361503 
0 0.8419894366197183 0.5897887323943662 0.06426056338028169 0.25821596244131456 
0 0.7678257042253521 0.5498826291079812 0.06029929577464789 0.31690140845070425 
0 0.6969630281690141 0.5492957746478874 0.07262323943661972 0.3215962441314554 
0 0.512544014084507 0.221537558685446 0.03653169014084507 0.10856807511737089 
0 0.5112235915492958 0.8873239436619719 0.08230633802816902 0.21713615023474178 
0 0.5521566901408451 0.22711267605633803 0.03653169014084507 0.1056338028169014 
0 0.5147447183098591 0.03198356807511737 0.03829225352112676 0.061619718309859156 
0 0.43661971830985913 0.11502347417840375 0.03873239436619718 0.10093896713615023 
0 0.7869718309859155 0.12235915492957747 0.02640845070422535 0.11326291079812206 
0 0.7546214788732394 0.12235915492957747 0.03389084507042254 0.10152582159624413 
0 0.7161091549295775 0.11854460093896714 0.03609154929577465 0.1056338028169014 
0 0.6782570422535211 0.1164906103286385 0.035211267605633804 0.10387323943661972 
0 0.637544014084507 0.11267605633802817 0.037411971830985914 0.09976525821596244 
0 0.7772887323943662 0.22065727699530516 0.035211267605633804 0.09507042253521127 
0 0.7403169014084507 0.22007042253521128 0.02992957746478873 0.09976525821596244 
0 0.7029049295774648 0.22065727699530516 0.02992957746478873 0.09507042253521127 
0 0.6683538732394366 0.21625586854460094 0.03301056338028169 0.09565727699530517 
0 0.6324823943661971 0.21625586854460094 0.03169014084507042 0.09800469483568075 
0 0.5977112676056338 0.033157276995305164 0.035211267605633804 0.06514084507042253 
0 0.5543573943661971 0.03169014084507042 0.03653169014084507 0.062206572769953054 
0 0.4267165492957746 0.5302230046948356 0.08054577464788733 0.301056338028169 
0 0.4784330985915493 0.03169014084507042 0.03169014084507042 0.062206572769953054 
0 0.43838028169014087 0.03051643192488263 0.035211267605633804 0.05868544600938967 
0 0.5994718309859155 0.1238262910798122 0.03609154929577465 0.10446009389671361 
0 0.558318661971831 0.11942488262910798 0.03301056338028169 0.10387323943661972 
0 0.5191461267605634 0.11443661971830986 0.03653169014084507 0.09976525821596244 
0 0.47733274647887325 0.1164906103286385 0.0409330985915493 0.09800469483568075 
0 0.5922095070422535 0.22711267605633803 0.035651408450704226 0.10328638497652583 
0 0.31778169014084506 0.5220070422535211 0.07570422535211267 0.3257042253521127 
0 0.5231073943661971 0.5249413145539906 0.05501760563380282 0.3022300469483568 
0 0.16263204225352113 0.5076291079812206 0.06910211267605634 0.3227699530516432 
0 0.027948943661971832 0.4988262910798122 0.05501760563380282 0.2992957746478873 
0 0.3727992957746479 0.13908450704225353 0.08274647887323944 0.2699530516431925 
0 0.2929137323943662 0.13879107981220656 0.07702464788732394 0.2764084507042254 
0 0.22799295774647887 0.12529342723004694 0.0528169014084507 0.24471830985915494 
0 0.16307218309859156 0.1238262910798122 0.07702464788732394 0.24530516431924881 
0 0.06690140845070422 0.12998826291079812 0.07394366197183098 0.25880281690140844 
0 0.014084507042253521 0.12998826291079812 0.027288732394366196 0.25880281690140844 
0 0.09220950704225352 0.4994131455399061 0.06910211267605634 0.3039906103286385 
0 0.2363556338028169 0.517018779342723 0.07130281690140845 0.318075117370892 
