0 0.3261443661971831 0.7092136150234741 0.04401408450704225 0.28931924882629106 
0 0.4944982394366197 0.7470657276995305 0.15625 0.35093896713615025 
0 0.7348151408450704 0.26555164319248825 0.06734154929577464 0.24354460093896713 
0 0.6087147887323944 0.2074530516431925 0.030809859154929578 0.20715962441314553 
0 0.9625880281690141 0.37235915492957744 0.06514084507042253 0.14964788732394366 
0 0.07130281690140845 0.6886737089201878 0.10211267605633803 0.31866197183098594 
0 0.1542693661971831 0.681924882629108 0.06382042253521127 0.31690140845070425 
0 0.24735915492957747 0.7511737089201878 0.10651408450704225 0.2875586854460094 
0 0.38600352112676056 0.6995305164319249 0.056338028169014086 0.31103286384976525 
0 0.6357834507042254 0.778462441314554 0.10695422535211267 0.3210093896713615 
0 0.7557218309859155 0.7992957746478874 0.10651408450704225 0.3051643192488263 
0 0.8646566901408451 0.8397887323943662 0.08230633802816902 0.2335680751173709 
0 0.8058978873239436 0.2778755868544601 0.07042253521126761 0.24237089201877934 
0 0.9672095070422535 0.8588615023474179 0.06558098591549295 0.1977699530516432 
0 0.6610915492957746 0.2549882629107981 0.06514084507042253 0.26115023474178406 
0 0.3331866197183099 0.19219483568075119 0.06514084507042253 0.2846244131455399 
0 0.2649647887323944 0.20246478873239437 0.06690140845070422 0.2875586854460094 
0 0.12015845070422536 0.2074530516431925 0.030809859154929578 0.21889671361502347 
0 0.1463468309859155 0.19160798122065728 0.02068661971830986 0.1954225352112676 
0 0.2051056338028169 0.16696009389671362 0.022007042253521125 0.18485915492957747 
0 0.1756161971830986 0.17811032863849766 0.03169014084507042 0.20950704225352113 
0 0.06800176056338028 0.221537558685446 0.06910211267605634 0.23767605633802816 
0 0.01694542253521127 0.22007042253521128 0.03301056338028169 0.2347417840375587 
0 0.8794014084507042 0.2875586854460094 0.07042253521126761 0.24647887323943662 
0 0.3261443661971831 0.7092136150234741 0.04401408450704225 0.28931924882629106 
0 0.4944982394366197 0.7470657276995305 0.15625 0.35093896713615025 
0 0.7348151408450704 0.26555164319248825 0.06734154929577464 0.24354460093896713 
0 0.6087147887323944 0.2074530516431925 0.030809859154929578 0.20715962441314553 
0 0.9625880281690141 0.37235915492957744 0.06514084507042253 0.14964788732394366 
0 0.07130281690140845 0.6886737089201878 0.10211267605633803 0.31866197183098594 
0 0.1542693661971831 0.681924882629108 0.06382042253521127 0.31690140845070425 
0 0.24735915492957747 0.7511737089201878 0.10651408450704225 0.2875586854460094 
0 0.38600352112676056 0.6995305164319249 0.056338028169014086 0.31103286384976525 
0 0.6357834507042254 0.778462441314554 0.10695422535211267 0.3210093896713615 
0 0.7557218309859155 0.7992957746478874 0.10651408450704225 0.3051643192488263 
0 0.8646566901408451 0.8397887323943662 0.08230633802816902 0.2335680751173709 
0 0.8058978873239436 0.2778755868544601 0.07042253521126761 0.24237089201877934 
0 0.9672095070422535 0.8588615023474179 0.06558098591549295 0.1977699530516432 
0 0.6610915492957746 0.2549882629107981 0.06514084507042253 0.26115023474178406 
0 0.3331866197183099 0.19219483568075119 0.06514084507042253 0.2846244131455399 
0 0.2649647887323944 0.20246478873239437 0.06690140845070422 0.2875586854460094 
0 0.12015845070422536 0.2074530516431925 0.030809859154929578 0.21889671361502347 
0 0.1463468309859155 0.19160798122065728 0.02068661971830986 0.1954225352112676 
0 0.2051056338028169 0.16696009389671362 0.022007042253521125 0.18485915492957747 
0 0.1756161971830986 0.17811032863849766 0.03169014084507042 0.20950704225352113 
0 0.06800176056338028 0.221537558685446 0.06910211267605634 0.23767605633802816 
0 0.01694542253521127 0.22007042253521128 0.03301056338028169 0.2347417840375587 
0 0.8794014084507042 0.2875586854460094 0.07042253521126761 0.24647887323943662 
0 0.3261443661971831 0.7092136150234741 0.04401408450704225 0.28931924882629106 
0 0.4944982394366197 0.7470657276995305 0.15625 0.35093896713615025 
0 0.7348151408450704 0.26555164319248825 0.06734154929577464 0.24354460093896713 
0 0.6087147887323944 0.2074530516431925 0.030809859154929578 0.20715962441314553 
0 0.9625880281690141 0.37235915492957744 0.06514084507042253 0.14964788732394366 
0 0.07130281690140845 0.6886737089201878 0.10211267605633803 0.31866197183098594 
0 0.1542693661971831 0.681924882629108 0.06382042253521127 0.31690140845070425 
0 0.24735915492957747 0.7511737089201878 0.10651408450704225 0.2875586854460094 
0 0.38600352112676056 0.6995305164319249 0.056338028169014086 0.31103286384976525 
0 0.6357834507042254 0.778462441314554 0.10695422535211267 0.3210093896713615 
0 0.7557218309859155 0.7992957746478874 0.10651408450704225 0.3051643192488263 
0 0.8646566901408451 0.8397887323943662 0.08230633802816902 0.2335680751173709 
0 0.8058978873239436 0.2778755868544601 0.07042253521126761 0.24237089201877934 
0 0.9672095070422535 0.8588615023474179 0.06558098591549295 0.1977699530516432 
0 0.6610915492957746 0.2549882629107981 0.06514084507042253 0.26115023474178406 
0 0.3331866197183099 0.19219483568075119 0.06514084507042253 0.2846244131455399 
0 0.2649647887323944 0.20246478873239437 0.06690140845070422 0.2875586854460094 
0 0.12015845070422536 0.2074530516431925 0.030809859154929578 0.21889671361502347 
0 0.1463468309859155 0.19160798122065728 0.02068661971830986 0.1954225352112676 
0 0.2051056338028169 0.16696009389671362 0.022007042253521125 0.18485915492957747 
0 0.1756161971830986 0.17811032863849766 0.03169014084507042 0.20950704225352113 
0 0.06800176056338028 0.221537558685446 0.06910211267605634 0.23767605633802816 
0 0.01694542253521127 0.22007042253521128 0.03301056338028169 0.2347417840375587 
0 0.8794014084507042 0.2875586854460094 0.07042253521126761 0.24647887323943662 
