0 0.39436619718309857 0.2948943661971831 0.09242957746478873 0.04401408450704225 
0 0.5407130281690141 0.24618544600938966 0.11223591549295775 0.0534037558685446 
0 0.2715669014084507 0.4339788732394366 0.1311619718309859 0.058098591549295774 
0 0.3617957746478873 0.5751173708920188 0.12235915492957747 0.04107981220657277 
0 0.6584507042253521 0.29577464788732394 0.12147887323943662 0.04342723004694836 
0 0.12411971830985916 0.3703051643192488 0.1443661971830986 0.08685446009389672 
0 0.6346830985915493 0.7338615023474179 0.09419014084507042 0.04401408450704225 
0 0.9269366197183099 0.29019953051643194 0.1056338028169014 0.0733568075117371 
0 0.491637323943662 0.6117957746478874 0.10035211267605634 0.06279342723004695 
0 0.10849471830985916 0.6205985915492958 0.11399647887323944 0.04753521126760563 
0 0.7574823943661971 0.784037558685446 0.09859154929577464 0.05868544600938967 
0 0.40514964788732394 0.4289906103286385 0.12984154929577466 0.08685446009389672 
0 0.26826584507042256 0.25704225352112675 0.13336267605633803 0.06338028169014084 
0 0.11091549295774648 0.6751760563380281 0.09859154929577464 0.04753521126760563 
0 0.6577904929577465 0.4063967136150235 0.12015845070422536 0.04988262910798122 
0 0.5303697183098591 0.3544600938967136 0.10915492957746478 0.04929577464788732 
0 0.23723591549295775 0.6628521126760564 0.0880281690140845 0.06396713615023474 
0 0.9192341549295775 0.4354460093896714 0.12984154929577466 0.08215962441314555 
0 0.7913732394366197 0.2975352112676056 0.14084507042253522 0.07394366197183098 
0 0.39590669014084506 0.04078638497652582 0.1113556338028169 0.07922535211267606 
0 0.9201144366197183 0.9419014084507042 0.09463028169014084 0.08215962441314555 
0 0.7528609154929577 0.9788732394366197 0.12544014084507044 0.04225352112676056 
0 0.047755281690140844 0.9688967136150235 0.09463028169014084 0.05985915492957746 
0 0.8133802816901409 0.027875586854460094 0.0880281690140845 0.04988262910798122 
0 0.706205985915493 0.04988262910798122 0.12191901408450705 0.09389671361502347 
0 0.9240757042253521 0.36208920187793425 0.12015845070422536 0.06455399061032864 
0 0.5286091549295775 0.3993544600938967 0.11179577464788733 0.04636150234741784 
0 0.7865316901408451 0.4539319248826291 0.1267605633802817 0.06279342723004695 
0 0.637544014084507 0.6766431924882629 0.10607394366197183 0.05046948356807512 
0 0.12389964788732394 0.44688967136150237 0.13952464788732394 0.056924882629107984 
0 0.6467869718309859 0.6026995305164319 0.10255281690140845 0.0539906103286385 
0 0.7713468309859155 0.5959507042253521 0.10959507042253522 0.058098591549295774 
0 0.2678257042253521 0.3215962441314554 0.1324823943661972 0.0539906103286385 
0 0.7860915492957746 0.386443661971831 0.12764084507042253 0.06279342723004695 
0 0.5336707746478874 0.30252347417840375 0.1034330985915493 0.04518779342723005 
0 0.2405369718309859 0.7356220657276995 0.08934859154929578 0.051056338028169015 
0 0.6602112676056338 0.24178403755868544 0.12147887323943662 0.05868544600938967 
0 0.35629401408450706 0.7567488262910798 0.12455985915492958 0.04401408450704225 
0 0.35629401408450706 0.801056338028169 0.13512323943661972 0.046948356807511735 
0 0.4850352112676056 0.7174295774647887 0.10915492957746478 0.02640845070422535 
0 0.48393485915492956 0.7570422535211268 0.1131161971830986 0.0528169014084507 
0 0.9163732394366197 0.6960093896713615 0.10915492957746478 0.08685446009389672 
0 0.9251760563380281 0.6123826291079812 0.10915492957746478 0.08039906103286384 
0 0.5279489436619719 0.44865023474178406 0.11575704225352113 0.04988262910798122 
0 0.14986795774647887 0.9642018779342723 0.09463028169014084 0.0715962441314554 
0 0.3485915492957746 0.9551056338028169 0.07570422535211267 0.0733568075117371 
0 0.4368397887323944 0.9495305164319249 0.10079225352112677 0.10093896713615023 
0 0.5345510563380281 0.9480633802816901 0.08934859154929578 0.10387323943661972 
0 0.6115757042253521 0.9439553990610329 0.07174295774647887 0.0897887323943662 
0 0.733274647887324 0.9234154929577465 0.13204225352112675 0.051056338028169015 
0 0.27090669014084506 0.37764084507042256 0.13424295774647887 0.06044600938967136 
0 0.2590228873239437 0.9454225352112676 0.09463028169014084 0.06572769953051644 
0 0.48173415492957744 0.7990023474178404 0.09110915492957747 0.04284037558685446 
0 0.3998679577464789 0.2432511737089202 0.1034330985915493 0.040492957746478875 
0 0.6342429577464789 0.7901995305164319 0.10035211267605634 0.04988262910798122 
0 0.9247359154929577 0.21009389671361503 0.10123239436619719 0.07863849765258216 
0 0.1131161971830986 0.7350352112676056 0.10475352112676056 0.04988262910798122 
0 0.5272887323943662 0.043133802816901406 0.11443661971830986 0.08392018779342723 
0 0.6584507042253521 0.35563380281690143 0.11883802816901408 0.057511737089201875 
0 0.3573943661971831 0.7165492957746479 0.12235915492957747 0.03990610328638498 
0 0.4865757042253521 0.6778169014084507 0.10079225352112677 0.05516431924882629 
0 0.8144806338028169 0.07658450704225352 0.09639084507042253 0.041666666666666664 
0 0.7706866197183099 0.6634389671361502 0.09242957746478873 0.04988262910798122 
0 0.3591549295774648 0.6710680751173709 0.12764084507042253 0.04518779342723005 
0 0.11685739436619719 0.795481220657277 0.09815140845070422 0.04401408450704225 
0 0.39436619718309857 0.335387323943662 0.09859154929577464 0.04753521126760563 
0 0.24097711267605634 0.7946009389671361 0.10167253521126761 0.05868544600938967 
0 0.3591549295774648 0.6244131455399061 0.12764084507042253 0.045774647887323945 
0 0.9091109154929577 0.7910798122065728 0.11223591549295775 0.10211267605633803 
0 0.7643045774647887 0.727112676056338 0.08846830985915492 0.051643192488262914 
0 0.6566901408450704 0.45598591549295775 0.12235915492957747 0.04929577464788732 
0 0.39436619718309857 0.2948943661971831 0.09242957746478873 0.04401408450704225 
0 0.5407130281690141 0.24618544600938966 0.11223591549295775 0.0534037558685446 
0 0.2715669014084507 0.4339788732394366 0.1311619718309859 0.058098591549295774 
0 0.3617957746478873 0.5751173708920188 0.12235915492957747 0.04107981220657277 
0 0.6584507042253521 0.29577464788732394 0.12147887323943662 0.04342723004694836 
0 0.12411971830985916 0.3703051643192488 0.1443661971830986 0.08685446009389672 
0 0.6346830985915493 0.7338615023474179 0.09419014084507042 0.04401408450704225 
0 0.9269366197183099 0.29019953051643194 0.1056338028169014 0.0733568075117371 
0 0.491637323943662 0.6117957746478874 0.10035211267605634 0.06279342723004695 
0 0.10849471830985916 0.6205985915492958 0.11399647887323944 0.04753521126760563 
0 0.7574823943661971 0.784037558685446 0.09859154929577464 0.05868544600938967 
0 0.40514964788732394 0.4289906103286385 0.12984154929577466 0.08685446009389672 
0 0.26826584507042256 0.25704225352112675 0.13336267605633803 0.06338028169014084 
0 0.11091549295774648 0.6751760563380281 0.09859154929577464 0.04753521126760563 
0 0.6577904929577465 0.4063967136150235 0.12015845070422536 0.04988262910798122 
0 0.5303697183098591 0.3544600938967136 0.10915492957746478 0.04929577464788732 
0 0.23723591549295775 0.6628521126760564 0.0880281690140845 0.06396713615023474 
0 0.9192341549295775 0.4354460093896714 0.12984154929577466 0.08215962441314555 
0 0.7913732394366197 0.2975352112676056 0.14084507042253522 0.07394366197183098 
0 0.39590669014084506 0.04078638497652582 0.1113556338028169 0.07922535211267606 
0 0.9201144366197183 0.9419014084507042 0.09463028169014084 0.08215962441314555 
0 0.7528609154929577 0.9788732394366197 0.12544014084507044 0.04225352112676056 
0 0.047755281690140844 0.9688967136150235 0.09463028169014084 0.05985915492957746 
0 0.8133802816901409 0.027875586854460094 0.0880281690140845 0.04988262910798122 
0 0.706205985915493 0.04988262910798122 0.12191901408450705 0.09389671361502347 
0 0.9240757042253521 0.36208920187793425 0.12015845070422536 0.06455399061032864 
0 0.5286091549295775 0.3993544600938967 0.11179577464788733 0.04636150234741784 
0 0.7865316901408451 0.4539319248826291 0.1267605633802817 0.06279342723004695 
0 0.637544014084507 0.6766431924882629 0.10607394366197183 0.05046948356807512 
0 0.12389964788732394 0.44688967136150237 0.13952464788732394 0.056924882629107984 
0 0.6467869718309859 0.6026995305164319 0.10255281690140845 0.0539906103286385 
0 0.7713468309859155 0.5959507042253521 0.10959507042253522 0.058098591549295774 
0 0.2678257042253521 0.3215962441314554 0.1324823943661972 0.0539906103286385 
0 0.7860915492957746 0.386443661971831 0.12764084507042253 0.06279342723004695 
0 0.5336707746478874 0.30252347417840375 0.1034330985915493 0.04518779342723005 
0 0.2405369718309859 0.7356220657276995 0.08934859154929578 0.051056338028169015 
0 0.6602112676056338 0.24178403755868544 0.12147887323943662 0.05868544600938967 
0 0.35629401408450706 0.7567488262910798 0.12455985915492958 0.04401408450704225 
0 0.35629401408450706 0.801056338028169 0.13512323943661972 0.046948356807511735 
0 0.4850352112676056 0.7174295774647887 0.10915492957746478 0.02640845070422535 
0 0.48393485915492956 0.7570422535211268 0.1131161971830986 0.0528169014084507 
0 0.9163732394366197 0.6960093896713615 0.10915492957746478 0.08685446009389672 
0 0.9251760563380281 0.6123826291079812 0.10915492957746478 0.08039906103286384 
0 0.5279489436619719 0.44865023474178406 0.11575704225352113 0.04988262910798122 
0 0.14986795774647887 0.9642018779342723 0.09463028169014084 0.0715962441314554 
0 0.3485915492957746 0.9551056338028169 0.07570422535211267 0.0733568075117371 
0 0.4368397887323944 0.9495305164319249 0.10079225352112677 0.10093896713615023 
0 0.5345510563380281 0.9480633802816901 0.08934859154929578 0.10387323943661972 
0 0.6115757042253521 0.9439553990610329 0.07174295774647887 0.0897887323943662 
0 0.733274647887324 0.9234154929577465 0.13204225352112675 0.051056338028169015 
0 0.27090669014084506 0.37764084507042256 0.13424295774647887 0.06044600938967136 
0 0.2590228873239437 0.9454225352112676 0.09463028169014084 0.06572769953051644 
0 0.48173415492957744 0.7990023474178404 0.09110915492957747 0.04284037558685446 
0 0.3998679577464789 0.2432511737089202 0.1034330985915493 0.040492957746478875 
0 0.6342429577464789 0.7901995305164319 0.10035211267605634 0.04988262910798122 
0 0.9247359154929577 0.21009389671361503 0.10123239436619719 0.07863849765258216 
0 0.1131161971830986 0.7350352112676056 0.10475352112676056 0.04988262910798122 
0 0.5272887323943662 0.043133802816901406 0.11443661971830986 0.08392018779342723 
0 0.6584507042253521 0.35563380281690143 0.11883802816901408 0.057511737089201875 
0 0.3573943661971831 0.7165492957746479 0.12235915492957747 0.03990610328638498 
0 0.4865757042253521 0.6778169014084507 0.10079225352112677 0.05516431924882629 
0 0.8144806338028169 0.07658450704225352 0.09639084507042253 0.041666666666666664 
0 0.7706866197183099 0.6634389671361502 0.09242957746478873 0.04988262910798122 
0 0.3591549295774648 0.6710680751173709 0.12764084507042253 0.04518779342723005 
0 0.11685739436619719 0.795481220657277 0.09815140845070422 0.04401408450704225 
0 0.39436619718309857 0.335387323943662 0.09859154929577464 0.04753521126760563 
0 0.24097711267605634 0.7946009389671361 0.10167253521126761 0.05868544600938967 
0 0.3591549295774648 0.6244131455399061 0.12764084507042253 0.045774647887323945 
0 0.9091109154929577 0.7910798122065728 0.11223591549295775 0.10211267605633803 
0 0.7643045774647887 0.727112676056338 0.08846830985915492 0.051643192488262914 
0 0.6566901408450704 0.45598591549295775 0.12235915492957747 0.04929577464788732 
0 0.39436619718309857 0.2948943661971831 0.09242957746478873 0.04401408450704225 
0 0.5407130281690141 0.24618544600938966 0.11223591549295775 0.0534037558685446 
0 0.2715669014084507 0.4339788732394366 0.1311619718309859 0.058098591549295774 
0 0.3617957746478873 0.5751173708920188 0.12235915492957747 0.04107981220657277 
0 0.6584507042253521 0.29577464788732394 0.12147887323943662 0.04342723004694836 
0 0.12411971830985916 0.3703051643192488 0.1443661971830986 0.08685446009389672 
0 0.6346830985915493 0.7338615023474179 0.09419014084507042 0.04401408450704225 
0 0.9269366197183099 0.29019953051643194 0.1056338028169014 0.0733568075117371 
0 0.491637323943662 0.6117957746478874 0.10035211267605634 0.06279342723004695 
0 0.10849471830985916 0.6205985915492958 0.11399647887323944 0.04753521126760563 
0 0.7574823943661971 0.784037558685446 0.09859154929577464 0.05868544600938967 
0 0.40514964788732394 0.4289906103286385 0.12984154929577466 0.08685446009389672 
0 0.26826584507042256 0.25704225352112675 0.13336267605633803 0.06338028169014084 
0 0.11091549295774648 0.6751760563380281 0.09859154929577464 0.04753521126760563 
0 0.6577904929577465 0.4063967136150235 0.12015845070422536 0.04988262910798122 
0 0.5303697183098591 0.3544600938967136 0.10915492957746478 0.04929577464788732 
0 0.23723591549295775 0.6628521126760564 0.0880281690140845 0.06396713615023474 
0 0.9192341549295775 0.4354460093896714 0.12984154929577466 0.08215962441314555 
0 0.7913732394366197 0.2975352112676056 0.14084507042253522 0.07394366197183098 
0 0.39590669014084506 0.04078638497652582 0.1113556338028169 0.07922535211267606 
0 0.9201144366197183 0.9419014084507042 0.09463028169014084 0.08215962441314555 
0 0.7528609154929577 0.9788732394366197 0.12544014084507044 0.04225352112676056 
0 0.047755281690140844 0.9688967136150235 0.09463028169014084 0.05985915492957746 
0 0.8133802816901409 0.027875586854460094 0.0880281690140845 0.04988262910798122 
0 0.706205985915493 0.04988262910798122 0.12191901408450705 0.09389671361502347 
0 0.9240757042253521 0.36208920187793425 0.12015845070422536 0.06455399061032864 
0 0.5286091549295775 0.3993544600938967 0.11179577464788733 0.04636150234741784 
0 0.7865316901408451 0.4539319248826291 0.1267605633802817 0.06279342723004695 
0 0.637544014084507 0.6766431924882629 0.10607394366197183 0.05046948356807512 
0 0.12389964788732394 0.44688967136150237 0.13952464788732394 0.056924882629107984 
0 0.6467869718309859 0.6026995305164319 0.10255281690140845 0.0539906103286385 
0 0.7713468309859155 0.5959507042253521 0.10959507042253522 0.058098591549295774 
0 0.2678257042253521 0.3215962441314554 0.1324823943661972 0.0539906103286385 
0 0.7860915492957746 0.386443661971831 0.12764084507042253 0.06279342723004695 
0 0.5336707746478874 0.30252347417840375 0.1034330985915493 0.04518779342723005 
0 0.2405369718309859 0.7356220657276995 0.08934859154929578 0.051056338028169015 
0 0.6602112676056338 0.24178403755868544 0.12147887323943662 0.05868544600938967 
0 0.35629401408450706 0.7567488262910798 0.12455985915492958 0.04401408450704225 
0 0.35629401408450706 0.801056338028169 0.13512323943661972 0.046948356807511735 
0 0.4850352112676056 0.7174295774647887 0.10915492957746478 0.02640845070422535 
0 0.48393485915492956 0.7570422535211268 0.1131161971830986 0.0528169014084507 
0 0.9163732394366197 0.6960093896713615 0.10915492957746478 0.08685446009389672 
0 0.9251760563380281 0.6123826291079812 0.10915492957746478 0.08039906103286384 
0 0.5279489436619719 0.44865023474178406 0.11575704225352113 0.04988262910798122 
0 0.14986795774647887 0.9642018779342723 0.09463028169014084 0.0715962441314554 
0 0.3485915492957746 0.9551056338028169 0.07570422535211267 0.0733568075117371 
0 0.4368397887323944 0.9495305164319249 0.10079225352112677 0.10093896713615023 
0 0.5345510563380281 0.9480633802816901 0.08934859154929578 0.10387323943661972 
0 0.6115757042253521 0.9439553990610329 0.07174295774647887 0.0897887323943662 
0 0.733274647887324 0.9234154929577465 0.13204225352112675 0.051056338028169015 
0 0.27090669014084506 0.37764084507042256 0.13424295774647887 0.06044600938967136 
0 0.2590228873239437 0.9454225352112676 0.09463028169014084 0.06572769953051644 
0 0.48173415492957744 0.7990023474178404 0.09110915492957747 0.04284037558685446 
0 0.3998679577464789 0.2432511737089202 0.1034330985915493 0.040492957746478875 
0 0.6342429577464789 0.7901995305164319 0.10035211267605634 0.04988262910798122 
0 0.9247359154929577 0.21009389671361503 0.10123239436619719 0.07863849765258216 
0 0.1131161971830986 0.7350352112676056 0.10475352112676056 0.04988262910798122 
0 0.5272887323943662 0.043133802816901406 0.11443661971830986 0.08392018779342723 
0 0.6584507042253521 0.35563380281690143 0.11883802816901408 0.057511737089201875 
0 0.3573943661971831 0.7165492957746479 0.12235915492957747 0.03990610328638498 
0 0.4865757042253521 0.6778169014084507 0.10079225352112677 0.05516431924882629 
0 0.8144806338028169 0.07658450704225352 0.09639084507042253 0.041666666666666664 
0 0.7706866197183099 0.6634389671361502 0.09242957746478873 0.04988262910798122 
0 0.3591549295774648 0.6710680751173709 0.12764084507042253 0.04518779342723005 
0 0.11685739436619719 0.795481220657277 0.09815140845070422 0.04401408450704225 
0 0.39436619718309857 0.335387323943662 0.09859154929577464 0.04753521126760563 
0 0.24097711267605634 0.7946009389671361 0.10167253521126761 0.05868544600938967 
0 0.3591549295774648 0.6244131455399061 0.12764084507042253 0.045774647887323945 
0 0.9091109154929577 0.7910798122065728 0.11223591549295775 0.10211267605633803 
0 0.7643045774647887 0.727112676056338 0.08846830985915492 0.051643192488262914 
0 0.6566901408450704 0.45598591549295775 0.12235915492957747 0.04929577464788732 
