0 0.5338908450704225 0.710093896713615 0.08362676056338028 0.27582159624413144 
0 0.4425616197183099 0.6921948356807511 0.09022887323943662 0.27875586854460094 
0 0.023547535211267605 0.6132629107981221 0.04621478873239437 0.2347417840375587 
0 0.16153169014084506 0.6455399061032864 0.08274647887323944 0.25234741784037557 
0 0.24405809859154928 0.6637323943661971 0.08230633802816902 0.2711267605633803 
0 0.3314260563380282 0.6813380281690141 0.08362676056338028 0.25938967136150237 
0 0.0371919014084507 0.10504694835680752 0.06470070422535211 0.20892018779342722 
0 0.10651408450704225 0.10152582159624413 0.06954225352112677 0.20187793427230047 
0 0.1835387323943662 0.1073943661971831 0.07834507042253522 0.2136150234741784 
0 0.2601232394366197 0.11208920187793427 0.06602112676056338 0.22183098591549297 
0 0.07724471830985916 0.6109154929577465 0.0682218309859155 0.22769953051643194 
0 0.4069102112676056 0.12441314553990611 0.07174295774647887 0.24647887323943662 
0 0.4900968309859155 0.1329225352112676 0.07702464788732394 0.26467136150234744 
0 0.6577904929577465 0.1382042253521127 0.07790492957746478 0.27523474178403756 
0 0.7425176056338029 0.1414319248826291 0.07130281690140845 0.2805164319248826 
0 0.8316461267605634 0.14964788732394366 0.07790492957746478 0.2934272300469484 
0 0.9392605633802817 0.1619718309859155 0.0897887323943662 0.318075117370892 
0 0.7143485915492958 0.7458920187793427 0.09242957746478873 0.2981220657276995 
0 0.33692781690140844 0.11384976525821597 0.06205985915492958 0.22652582159624413 
0 0.6230193661971831 0.7341549295774648 0.07702464788732394 0.2981220657276995 
0 0.5338908450704225 0.710093896713615 0.08362676056338028 0.27582159624413144 
0 0.4425616197183099 0.6921948356807511 0.09022887323943662 0.27875586854460094 
0 0.023547535211267605 0.6132629107981221 0.04621478873239437 0.2347417840375587 
0 0.16153169014084506 0.6455399061032864 0.08274647887323944 0.25234741784037557 
0 0.24405809859154928 0.6637323943661971 0.08230633802816902 0.2711267605633803 
0 0.3314260563380282 0.6813380281690141 0.08362676056338028 0.25938967136150237 
0 0.0371919014084507 0.10504694835680752 0.06470070422535211 0.20892018779342722 
0 0.10651408450704225 0.10152582159624413 0.06954225352112677 0.20187793427230047 
0 0.1835387323943662 0.1073943661971831 0.07834507042253522 0.2136150234741784 
0 0.2601232394366197 0.11208920187793427 0.06602112676056338 0.22183098591549297 
0 0.07724471830985916 0.6109154929577465 0.0682218309859155 0.22769953051643194 
0 0.4069102112676056 0.12441314553990611 0.07174295774647887 0.24647887323943662 
0 0.4900968309859155 0.1329225352112676 0.07702464788732394 0.26467136150234744 
0 0.6577904929577465 0.1382042253521127 0.07790492957746478 0.27523474178403756 
0 0.7425176056338029 0.1414319248826291 0.07130281690140845 0.2805164319248826 
0 0.8316461267605634 0.14964788732394366 0.07790492957746478 0.2934272300469484 
0 0.9392605633802817 0.1619718309859155 0.0897887323943662 0.318075117370892 
0 0.7143485915492958 0.7458920187793427 0.09242957746478873 0.2981220657276995 
0 0.33692781690140844 0.11384976525821597 0.06205985915492958 0.22652582159624413 
0 0.6230193661971831 0.7341549295774648 0.07702464788732394 0.2981220657276995 
0 0.5338908450704225 0.710093896713615 0.08362676056338028 0.27582159624413144 
0 0.4425616197183099 0.6921948356807511 0.09022887323943662 0.27875586854460094 
0 0.023547535211267605 0.6132629107981221 0.04621478873239437 0.2347417840375587 
0 0.16153169014084506 0.6455399061032864 0.08274647887323944 0.25234741784037557 
0 0.24405809859154928 0.6637323943661971 0.08230633802816902 0.2711267605633803 
0 0.3314260563380282 0.6813380281690141 0.08362676056338028 0.25938967136150237 
0 0.0371919014084507 0.10504694835680752 0.06470070422535211 0.20892018779342722 
0 0.10651408450704225 0.10152582159624413 0.06954225352112677 0.20187793427230047 
0 0.1835387323943662 0.1073943661971831 0.07834507042253522 0.2136150234741784 
0 0.2601232394366197 0.11208920187793427 0.06602112676056338 0.22183098591549297 
0 0.07724471830985916 0.6109154929577465 0.0682218309859155 0.22769953051643194 
0 0.4069102112676056 0.12441314553990611 0.07174295774647887 0.24647887323943662 
0 0.4900968309859155 0.1329225352112676 0.07702464788732394 0.26467136150234744 
0 0.6577904929577465 0.1382042253521127 0.07790492957746478 0.27523474178403756 
0 0.7425176056338029 0.1414319248826291 0.07130281690140845 0.2805164319248826 
0 0.8316461267605634 0.14964788732394366 0.07790492957746478 0.2934272300469484 
0 0.9392605633802817 0.1619718309859155 0.0897887323943662 0.318075117370892 
0 0.7143485915492958 0.7458920187793427 0.09242957746478873 0.2981220657276995 
0 0.33692781690140844 0.11384976525821597 0.06205985915492958 0.22652582159624413 
0 0.6230193661971831 0.7341549295774648 0.07702464788732394 0.2981220657276995 
