0 0.0565580985915493 0.8157276995305164 0.11223591549295775 0.13497652582159625 
0 0.1857394366197183 0.9474765258215962 0.11091549295774648 0.06748826291079812 
0 0.1797975352112676 0.8603286384976526 0.11663732394366197 0.0892018779342723 
0 0.17209507042253522 0.7687793427230047 0.12323943661971831 0.08215962441314555 
0 0.06183978873239437 0.9366197183098591 0.1210387323943662 0.08333333333333333 
0 0.9705105633802817 0.5578051643192489 0.05897887323943662 0.04753521126760563 
0 0.7513204225352113 0.5243544600938967 0.12411971830985916 0.04518779342723005 
0 0.9711707746478874 0.4527582159624413 0.05765845070422535 0.04870892018779343 
0 0.9639084507042254 0.3955399061032864 0.0721830985915493 0.05516431924882629 
0 0.8772007042253521 0.5757042253521126 0.11883802816901408 0.04225352112676056 
0 0.8785211267605634 0.5102699530516432 0.11883802816901408 0.07922535211267606 
0 0.745818661971831 0.5777582159624414 0.12191901408450705 0.05575117370892019 
0 0.30567781690140844 0.7429577464788732 0.12015845070422536 0.06572769953051644 
0 0.7535211267605634 0.4592136150234742 0.12411971830985916 0.07922535211267606 
0 0.9711707746478874 0.5073356807511737 0.05765845070422535 0.04988262910798122 
0 0.3085387323943662 0.8089788732394366 0.136443661971831 0.04284037558685446 
0 0.5719630281690141 0.8045774647887324 0.12632042253521128 0.057511737089201875 
0 0.3127200704225352 0.9125586854460094 0.12544014084507044 0.04107981220657277 
0 0.6908010563380281 0.9081572769953051 0.09991197183098592 0.04401408450704225 
0 0.8158010563380281 0.7306338028169014 0.11223591549295775 0.07042253521126761 
0 0.8184419014084507 0.7907863849765259 0.10871478873239436 0.05575117370892019 
0 0.8074383802816901 0.8500586854460094 0.11575704225352113 0.056924882629107984 
0 0.8034771126760564 0.9102112676056338 0.1034330985915493 0.04812206572769953 
0 0.9273767605633803 0.7860915492957746 0.10475352112676056 0.06748826291079812 
0 0.9262764084507042 0.8447769953051644 0.09991197183098592 0.04988262910798122 
0 0.9152728873239436 0.8934859154929577 0.09551056338028169 0.04401408450704225 
0 0.7046654929577465 0.7341549295774648 0.11443661971830986 0.07511737089201878 
0 0.5715228873239436 0.9301643192488263 0.10783450704225352 0.046948356807511735 
0 0.570862676056338 0.8661971830985915 0.11355633802816902 0.0539906103286385 
0 0.6148767605633803 0.585387323943662 0.1153169014084507 0.04401408450704225 
0 0.4399207746478873 0.9366197183098591 0.12015845070422536 0.04812206572769953 
0 0.4410211267605634 0.8779342723004695 0.12235915492957747 0.0539906103286385 
0 0.4438820422535211 0.8192488262910798 0.12544014084507044 0.057511737089201875 
0 0.43882042253521125 0.7508802816901409 0.13732394366197184 0.07922535211267606 
0 0.3144806338028169 0.9580399061032864 0.12455985915492958 0.04988262910798122 
0 0.3100792253521127 0.8626760563380281 0.1307218309859155 0.046948356807511735 
0 0.617737676056338 0.5325704225352113 0.12984154929577466 0.05575117370892019 
0 0.48173415492957744 0.3474178403755869 0.1307218309859155 0.07629107981220658 
0 0.6210387323943662 0.4157863849765258 0.136443661971831 0.05457746478873239 
0 0.7425176056338029 0.12910798122065728 0.10211267605633803 0.05868544600938967 
0 0.7442781690140845 0.06455399061032864 0.1056338028169014 0.06455399061032864 
0 0.6252200704225352 0.18251173708920188 0.09463028169014084 0.06924882629107981 
0 0.6302816901408451 0.11795774647887323 0.09154929577464789 0.057511737089201875 
0 0.6335827464788732 0.054870892018779344 0.09815140845070422 0.06866197183098592 
0 0.5246478873239436 0.1596244131455399 0.08890845070422536 0.09389671361502347 
0 0.5272887323943662 0.06748826291079812 0.10123239436619719 0.0880281690140845 
0 0.4234154929577465 0.159037558685446 0.10211267605633803 0.09507042253521127 
0 0.4185739436619718 0.05868544600938967 0.1056338028169014 0.09389671361502347 
0 0.31558098591549294 0.16402582159624413 0.10035211267605634 0.08509389671361503 
0 0.3122799295774648 0.07394366197183098 0.09815140845070422 0.09507042253521127 
0 0.18243838028169015 0.1449530516431925 0.13776408450704225 0.1056338028169014 
0 0.1875 0.04284037558685446 0.13380281690140844 0.08450704225352113 
0 0.05039612676056338 0.14759389671361503 0.09991197183098592 0.11913145539906103 
0 0.05215669014084507 0.04518779342723005 0.1034330985915493 0.07629107981220658 
0 0.7407570422535211 0.19483568075117372 0.09242957746478873 0.06455399061032864 
0 0.8543133802816901 0.02699530516431925 0.09242957746478873 0.04812206572769953 
0 0.8455105633802817 0.07922535211267606 0.08362676056338028 0.046948356807511735 
0 0.842649647887324 0.13468309859154928 0.08230633802816902 0.061619718309859156 
0 0.6243397887323944 0.3438967136150235 0.1386443661971831 0.08098591549295775 
0 0.48129401408450706 0.585093896713615 0.12544014084507044 0.0528169014084507 
0 0.4828345070422535 0.5278755868544601 0.12852112676056338 0.05575117370892019 
0 0.48393485915492956 0.47300469483568075 0.13512323943661972 0.051643192488262914 
0 0.48173415492957744 0.4157863849765258 0.13776408450704225 0.056924882629107984 
0 0.34749119718309857 0.5771713615023474 0.10871478873239436 0.056924882629107984 
0 0.3470510563380282 0.5105633802816901 0.12544014084507044 0.0528169014084507 
0 0.6181778169014085 0.471537558685446 0.1307218309859155 0.056924882629107984 
0 0.3457306338028169 0.44072769953051644 0.12544014084507044 0.07511737089201878 
0 0.2227112676056338 0.5771713615023474 0.12323943661971831 0.056924882629107984 
0 0.21654929577464788 0.5105633802816901 0.12235915492957747 0.07042253521126761 
0 0.21390845070422534 0.43779342723004694 0.12323943661971831 0.05985915492957746 
0 0.2106073943661972 0.3532863849765258 0.1386443661971831 0.08215962441314555 
0 0.07504401408450705 0.4574530516431925 0.1386443661971831 0.09683098591549295 
0 0.07020246478873239 0.340962441314554 0.13952464788732394 0.11267605633802817 
0 0.8338468309859155 0.19630281690140844 0.08054577464788733 0.05575117370892019 
0 0.34485035211267606 0.3541666666666667 0.12544014084507044 0.07453051643192488 
0 0.08274647887323944 0.5654342723004695 0.14964788732394366 0.09800469483568075 
0 0.7011443661971831 0.8025234741784038 0.1056338028169014 0.04988262910798122 
0 0.6897007042253521 0.8509389671361502 0.0977112676056338 0.046948356807511735 
0 0.0565580985915493 0.8157276995305164 0.11223591549295775 0.13497652582159625 
0 0.1857394366197183 0.9474765258215962 0.11091549295774648 0.06748826291079812 
0 0.1797975352112676 0.8603286384976526 0.11663732394366197 0.0892018779342723 
0 0.17209507042253522 0.7687793427230047 0.12323943661971831 0.08215962441314555 
0 0.06183978873239437 0.9366197183098591 0.1210387323943662 0.08333333333333333 
0 0.9705105633802817 0.5578051643192489 0.05897887323943662 0.04753521126760563 
0 0.7513204225352113 0.5243544600938967 0.12411971830985916 0.04518779342723005 
0 0.9711707746478874 0.4527582159624413 0.05765845070422535 0.04870892018779343 
0 0.9639084507042254 0.3955399061032864 0.0721830985915493 0.05516431924882629 
0 0.8772007042253521 0.5757042253521126 0.11883802816901408 0.04225352112676056 
0 0.8785211267605634 0.5102699530516432 0.11883802816901408 0.07922535211267606 
0 0.745818661971831 0.5777582159624414 0.12191901408450705 0.05575117370892019 
0 0.30567781690140844 0.7429577464788732 0.12015845070422536 0.06572769953051644 
0 0.7535211267605634 0.4592136150234742 0.12411971830985916 0.07922535211267606 
0 0.9711707746478874 0.5073356807511737 0.05765845070422535 0.04988262910798122 
0 0.3085387323943662 0.8089788732394366 0.136443661971831 0.04284037558685446 
0 0.5719630281690141 0.8045774647887324 0.12632042253521128 0.057511737089201875 
0 0.3127200704225352 0.9125586854460094 0.12544014084507044 0.04107981220657277 
0 0.6908010563380281 0.9081572769953051 0.09991197183098592 0.04401408450704225 
0 0.8158010563380281 0.7306338028169014 0.11223591549295775 0.07042253521126761 
0 0.8184419014084507 0.7907863849765259 0.10871478873239436 0.05575117370892019 
0 0.8074383802816901 0.8500586854460094 0.11575704225352113 0.056924882629107984 
0 0.8034771126760564 0.9102112676056338 0.1034330985915493 0.04812206572769953 
0 0.9273767605633803 0.7860915492957746 0.10475352112676056 0.06748826291079812 
0 0.9262764084507042 0.8447769953051644 0.09991197183098592 0.04988262910798122 
0 0.9152728873239436 0.8934859154929577 0.09551056338028169 0.04401408450704225 
0 0.7046654929577465 0.7341549295774648 0.11443661971830986 0.07511737089201878 
0 0.5715228873239436 0.9301643192488263 0.10783450704225352 0.046948356807511735 
0 0.570862676056338 0.8661971830985915 0.11355633802816902 0.0539906103286385 
0 0.6148767605633803 0.585387323943662 0.1153169014084507 0.04401408450704225 
0 0.4399207746478873 0.9366197183098591 0.12015845070422536 0.04812206572769953 
0 0.4410211267605634 0.8779342723004695 0.12235915492957747 0.0539906103286385 
0 0.4438820422535211 0.8192488262910798 0.12544014084507044 0.057511737089201875 
0 0.43882042253521125 0.7508802816901409 0.13732394366197184 0.07922535211267606 
0 0.3144806338028169 0.9580399061032864 0.12455985915492958 0.04988262910798122 
0 0.3100792253521127 0.8626760563380281 0.1307218309859155 0.046948356807511735 
0 0.617737676056338 0.5325704225352113 0.12984154929577466 0.05575117370892019 
0 0.48173415492957744 0.3474178403755869 0.1307218309859155 0.07629107981220658 
0 0.6210387323943662 0.4157863849765258 0.136443661971831 0.05457746478873239 
0 0.7425176056338029 0.12910798122065728 0.10211267605633803 0.05868544600938967 
0 0.7442781690140845 0.06455399061032864 0.1056338028169014 0.06455399061032864 
0 0.6252200704225352 0.18251173708920188 0.09463028169014084 0.06924882629107981 
0 0.6302816901408451 0.11795774647887323 0.09154929577464789 0.057511737089201875 
0 0.6335827464788732 0.054870892018779344 0.09815140845070422 0.06866197183098592 
0 0.5246478873239436 0.1596244131455399 0.08890845070422536 0.09389671361502347 
0 0.5272887323943662 0.06748826291079812 0.10123239436619719 0.0880281690140845 
0 0.4234154929577465 0.159037558685446 0.10211267605633803 0.09507042253521127 
0 0.4185739436619718 0.05868544600938967 0.1056338028169014 0.09389671361502347 
0 0.31558098591549294 0.16402582159624413 0.10035211267605634 0.08509389671361503 
0 0.3122799295774648 0.07394366197183098 0.09815140845070422 0.09507042253521127 
0 0.18243838028169015 0.1449530516431925 0.13776408450704225 0.1056338028169014 
0 0.1875 0.04284037558685446 0.13380281690140844 0.08450704225352113 
0 0.05039612676056338 0.14759389671361503 0.09991197183098592 0.11913145539906103 
0 0.05215669014084507 0.04518779342723005 0.1034330985915493 0.07629107981220658 
0 0.7407570422535211 0.19483568075117372 0.09242957746478873 0.06455399061032864 
0 0.8543133802816901 0.02699530516431925 0.09242957746478873 0.04812206572769953 
0 0.8455105633802817 0.07922535211267606 0.08362676056338028 0.046948356807511735 
0 0.842649647887324 0.13468309859154928 0.08230633802816902 0.061619718309859156 
0 0.6243397887323944 0.3438967136150235 0.1386443661971831 0.08098591549295775 
0 0.48129401408450706 0.585093896713615 0.12544014084507044 0.0528169014084507 
0 0.4828345070422535 0.5278755868544601 0.12852112676056338 0.05575117370892019 
0 0.48393485915492956 0.47300469483568075 0.13512323943661972 0.051643192488262914 
0 0.48173415492957744 0.4157863849765258 0.13776408450704225 0.056924882629107984 
0 0.34749119718309857 0.5771713615023474 0.10871478873239436 0.056924882629107984 
0 0.3470510563380282 0.5105633802816901 0.12544014084507044 0.0528169014084507 
0 0.6181778169014085 0.471537558685446 0.1307218309859155 0.056924882629107984 
0 0.3457306338028169 0.44072769953051644 0.12544014084507044 0.07511737089201878 
0 0.2227112676056338 0.5771713615023474 0.12323943661971831 0.056924882629107984 
0 0.21654929577464788 0.5105633802816901 0.12235915492957747 0.07042253521126761 
0 0.21390845070422534 0.43779342723004694 0.12323943661971831 0.05985915492957746 
0 0.2106073943661972 0.3532863849765258 0.1386443661971831 0.08215962441314555 
0 0.07504401408450705 0.4574530516431925 0.1386443661971831 0.09683098591549295 
0 0.07020246478873239 0.340962441314554 0.13952464788732394 0.11267605633802817 
0 0.8338468309859155 0.19630281690140844 0.08054577464788733 0.05575117370892019 
0 0.34485035211267606 0.3541666666666667 0.12544014084507044 0.07453051643192488 
0 0.08274647887323944 0.5654342723004695 0.14964788732394366 0.09800469483568075 
0 0.7011443661971831 0.8025234741784038 0.1056338028169014 0.04988262910798122 
0 0.6897007042253521 0.8509389671361502 0.0977112676056338 0.046948356807511735 
0 0.0565580985915493 0.8157276995305164 0.11223591549295775 0.13497652582159625 
0 0.1857394366197183 0.9474765258215962 0.11091549295774648 0.06748826291079812 
0 0.1797975352112676 0.8603286384976526 0.11663732394366197 0.0892018779342723 
0 0.17209507042253522 0.7687793427230047 0.12323943661971831 0.08215962441314555 
0 0.06183978873239437 0.9366197183098591 0.1210387323943662 0.08333333333333333 
0 0.9705105633802817 0.5578051643192489 0.05897887323943662 0.04753521126760563 
0 0.7513204225352113 0.5243544600938967 0.12411971830985916 0.04518779342723005 
0 0.9711707746478874 0.4527582159624413 0.05765845070422535 0.04870892018779343 
0 0.9639084507042254 0.3955399061032864 0.0721830985915493 0.05516431924882629 
0 0.8772007042253521 0.5757042253521126 0.11883802816901408 0.04225352112676056 
0 0.8785211267605634 0.5102699530516432 0.11883802816901408 0.07922535211267606 
0 0.745818661971831 0.5777582159624414 0.12191901408450705 0.05575117370892019 
0 0.30567781690140844 0.7429577464788732 0.12015845070422536 0.06572769953051644 
0 0.7535211267605634 0.4592136150234742 0.12411971830985916 0.07922535211267606 
0 0.9711707746478874 0.5073356807511737 0.05765845070422535 0.04988262910798122 
0 0.3085387323943662 0.8089788732394366 0.136443661971831 0.04284037558685446 
0 0.5719630281690141 0.8045774647887324 0.12632042253521128 0.057511737089201875 
0 0.3127200704225352 0.9125586854460094 0.12544014084507044 0.04107981220657277 
0 0.6908010563380281 0.9081572769953051 0.09991197183098592 0.04401408450704225 
0 0.8158010563380281 0.7306338028169014 0.11223591549295775 0.07042253521126761 
0 0.8184419014084507 0.7907863849765259 0.10871478873239436 0.05575117370892019 
0 0.8074383802816901 0.8500586854460094 0.11575704225352113 0.056924882629107984 
0 0.8034771126760564 0.9102112676056338 0.1034330985915493 0.04812206572769953 
0 0.9273767605633803 0.7860915492957746 0.10475352112676056 0.06748826291079812 
0 0.9262764084507042 0.8447769953051644 0.09991197183098592 0.04988262910798122 
0 0.9152728873239436 0.8934859154929577 0.09551056338028169 0.04401408450704225 
0 0.7046654929577465 0.7341549295774648 0.11443661971830986 0.07511737089201878 
0 0.5715228873239436 0.9301643192488263 0.10783450704225352 0.046948356807511735 
0 0.570862676056338 0.8661971830985915 0.11355633802816902 0.0539906103286385 
0 0.6148767605633803 0.585387323943662 0.1153169014084507 0.04401408450704225 
0 0.4399207746478873 0.9366197183098591 0.12015845070422536 0.04812206572769953 
0 0.4410211267605634 0.8779342723004695 0.12235915492957747 0.0539906103286385 
0 0.4438820422535211 0.8192488262910798 0.12544014084507044 0.057511737089201875 
0 0.43882042253521125 0.7508802816901409 0.13732394366197184 0.07922535211267606 
0 0.3144806338028169 0.9580399061032864 0.12455985915492958 0.04988262910798122 
0 0.3100792253521127 0.8626760563380281 0.1307218309859155 0.046948356807511735 
0 0.617737676056338 0.5325704225352113 0.12984154929577466 0.05575117370892019 
0 0.48173415492957744 0.3474178403755869 0.1307218309859155 0.07629107981220658 
0 0.6210387323943662 0.4157863849765258 0.136443661971831 0.05457746478873239 
0 0.7425176056338029 0.12910798122065728 0.10211267605633803 0.05868544600938967 
0 0.7442781690140845 0.06455399061032864 0.1056338028169014 0.06455399061032864 
0 0.6252200704225352 0.18251173708920188 0.09463028169014084 0.06924882629107981 
0 0.6302816901408451 0.11795774647887323 0.09154929577464789 0.057511737089201875 
0 0.6335827464788732 0.054870892018779344 0.09815140845070422 0.06866197183098592 
0 0.5246478873239436 0.1596244131455399 0.08890845070422536 0.09389671361502347 
0 0.5272887323943662 0.06748826291079812 0.10123239436619719 0.0880281690140845 
0 0.4234154929577465 0.159037558685446 0.10211267605633803 0.09507042253521127 
0 0.4185739436619718 0.05868544600938967 0.1056338028169014 0.09389671361502347 
0 0.31558098591549294 0.16402582159624413 0.10035211267605634 0.08509389671361503 
0 0.3122799295774648 0.07394366197183098 0.09815140845070422 0.09507042253521127 
0 0.18243838028169015 0.1449530516431925 0.13776408450704225 0.1056338028169014 
0 0.1875 0.04284037558685446 0.13380281690140844 0.08450704225352113 
0 0.05039612676056338 0.14759389671361503 0.09991197183098592 0.11913145539906103 
0 0.05215669014084507 0.04518779342723005 0.1034330985915493 0.07629107981220658 
0 0.7407570422535211 0.19483568075117372 0.09242957746478873 0.06455399061032864 
0 0.8543133802816901 0.02699530516431925 0.09242957746478873 0.04812206572769953 
0 0.8455105633802817 0.07922535211267606 0.08362676056338028 0.046948356807511735 
0 0.842649647887324 0.13468309859154928 0.08230633802816902 0.061619718309859156 
0 0.6243397887323944 0.3438967136150235 0.1386443661971831 0.08098591549295775 
0 0.48129401408450706 0.585093896713615 0.12544014084507044 0.0528169014084507 
0 0.4828345070422535 0.5278755868544601 0.12852112676056338 0.05575117370892019 
0 0.48393485915492956 0.47300469483568075 0.13512323943661972 0.051643192488262914 
0 0.48173415492957744 0.4157863849765258 0.13776408450704225 0.056924882629107984 
0 0.34749119718309857 0.5771713615023474 0.10871478873239436 0.056924882629107984 
0 0.3470510563380282 0.5105633802816901 0.12544014084507044 0.0528169014084507 
0 0.6181778169014085 0.471537558685446 0.1307218309859155 0.056924882629107984 
0 0.3457306338028169 0.44072769953051644 0.12544014084507044 0.07511737089201878 
0 0.2227112676056338 0.5771713615023474 0.12323943661971831 0.056924882629107984 
0 0.21654929577464788 0.5105633802816901 0.12235915492957747 0.07042253521126761 
0 0.21390845070422534 0.43779342723004694 0.12323943661971831 0.05985915492957746 
0 0.2106073943661972 0.3532863849765258 0.1386443661971831 0.08215962441314555 
0 0.07504401408450705 0.4574530516431925 0.1386443661971831 0.09683098591549295 
0 0.07020246478873239 0.340962441314554 0.13952464788732394 0.11267605633802817 
0 0.8338468309859155 0.19630281690140844 0.08054577464788733 0.05575117370892019 
0 0.34485035211267606 0.3541666666666667 0.12544014084507044 0.07453051643192488 
0 0.08274647887323944 0.5654342723004695 0.14964788732394366 0.09800469483568075 
0 0.7011443661971831 0.8025234741784038 0.1056338028169014 0.04988262910798122 
0 0.6897007042253521 0.8509389671361502 0.0977112676056338 0.046948356807511735 
