0 0.8477112676056338 0.22505868544600938 0.02640845070422535 0.08626760563380281 
0 0.7132482394366197 0.6716549295774648 0.10783450704225352 0.34917840375586856 
0 0.605193661971831 0.6657863849765259 0.10211267605633803 0.34330985915492956 
0 0.575044014084507 0.9448356807511737 0.07262323943661972 0.11267605633802817 
0 0.9650088028169014 0.6393779342723005 0.042693661971830985 0.13791079812206572 
0 0.8199823943661971 0.6731220657276995 0.0994718309859155 0.357981220657277 
0 0.9694102112676056 0.7793427230046949 0.04709507042253521 0.12441314553990611 
0 0.9124119718309859 0.6411384976525821 0.05545774647887324 0.13204225352112675 
0 0.5290492957746479 0.31015258215962443 0.06690140845070422 0.20950704225352113 
0 0.20444542253521128 0.29401408450704225 0.058538732394366196 0.1983568075117371 
0 0.25946302816901406 0.2975352112676056 0.06294014084507042 0.19953051643192488 
0 0.42055457746478875 0.6408450704225352 0.0682218309859155 0.31690140845070425 
0 0.07548415492957747 0.6525821596244131 0.07702464788732394 0.3086854460093897 
0 0.14612676056338028 0.295481220657277 0.06073943661971831 0.20363849765258216 
0 0.34264964788732394 0.647887323943662 0.06998239436619719 0.29694835680751175 
0 0.7799295774647887 0.29694835680751175 0.06073943661971831 0.24530516431924881 
0 0.4654489436619718 0.3057511737089202 0.058538732394366196 0.20657276995305165 
0 0.507262323943662 0.6622652582159625 0.08758802816901408 0.3421361502347418 
0 0.15647007042253522 0.6619718309859155 0.08582746478873239 0.31572769953051644 
0 0.38930457746478875 0.29782863849765256 0.0761443661971831 0.20833333333333334 
0 0.7180897887323944 0.289612676056338 0.06205985915492958 0.24471830985915494 
0 0.856294014084507 0.3034037558685446 0.028609154929577465 0.07629107981220658 
0 0.24669894366197184 0.658744131455399 0.08582746478873239 0.3163145539906103 
0 0.9834947183098591 0.25440140845070425 0.03917253521126761 0.09213615023474178 
0 0.014084507042253521 0.32188967136150237 0.022887323943661973 0.1449530516431925 
0 0.06976232394366197 0.3277582159624413 0.04181338028169014 0.13908450704225353 
0 0.01738556338028169 0.6343896713615024 0.03389084507042254 0.3333333333333333 
0 0.851012323943662 0.3840962441314554 0.02420774647887324 0.07922535211267606 
0 0.5924295774647887 0.2919600938967136 0.06602112676056338 0.24354460093896713 
0 0.9130721830985915 0.2778755868544601 0.02772887323943662 0.10387323943661972 
0 0.9273767605633803 0.3767605633802817 0.03169014084507042 0.09976525821596244 
0 0.9522447183098591 0.2602699530516432 0.019806338028169015 0.1073943661971831 
0 0.8877640845070423 0.3755868544600939 0.016725352112676055 0.09976525821596244 
0 0.8816021126760564 0.21684272300469484 0.02640845070422535 0.0733568075117371 
0 0.328125 0.9509976525821596 0.06998239436619719 0.09800469483568075 
0 0.735475352112676 0.9518779342723005 0.07042253521126761 0.0880281690140845 
0 0.08846830985915492 0.960093896713615 0.07922535211267606 0.06924882629107981 
0 0.4861355633802817 0.9518779342723005 0.0761443661971831 0.09154929577464789 
0 0.6577904929577465 0.948943661971831 0.06910211267605634 0.09389671361502347 
0 0.17319542253521128 0.9395539906103286 0.07262323943661972 0.11854460093896714 
0 0.4137323943661972 0.95481220657277 0.05897887323943662 0.0880281690140845 
0 0.9154929577464789 0.7796361502347418 0.05545774647887324 0.13086854460093897 
0 0.9665492957746479 0.3714788732394366 0.032570422535211266 0.107981220657277 
0 0.65625 0.295481220657277 0.061619718309859156 0.23884976525821597 
0 0.32108274647887325 0.30663145539906106 0.06294014084507042 0.20833333333333334 
0 0.24977992957746478 0.9451291079812206 0.0761443661971831 0.10974178403755869 
0 0.02090669014084507 0.9328051643192489 0.03829225352112676 0.13438967136150234 
0 0.8477112676056338 0.22505868544600938 0.02640845070422535 0.08626760563380281 
0 0.7132482394366197 0.6716549295774648 0.10783450704225352 0.34917840375586856 
0 0.605193661971831 0.6657863849765259 0.10211267605633803 0.34330985915492956 
0 0.575044014084507 0.9448356807511737 0.07262323943661972 0.11267605633802817 
0 0.9650088028169014 0.6393779342723005 0.042693661971830985 0.13791079812206572 
0 0.8199823943661971 0.6731220657276995 0.0994718309859155 0.357981220657277 
0 0.9694102112676056 0.7793427230046949 0.04709507042253521 0.12441314553990611 
0 0.9124119718309859 0.6411384976525821 0.05545774647887324 0.13204225352112675 
0 0.5290492957746479 0.31015258215962443 0.06690140845070422 0.20950704225352113 
0 0.20444542253521128 0.29401408450704225 0.058538732394366196 0.1983568075117371 
0 0.25946302816901406 0.2975352112676056 0.06294014084507042 0.19953051643192488 
0 0.42055457746478875 0.6408450704225352 0.0682218309859155 0.31690140845070425 
0 0.07548415492957747 0.6525821596244131 0.07702464788732394 0.3086854460093897 
0 0.14612676056338028 0.295481220657277 0.06073943661971831 0.20363849765258216 
0 0.34264964788732394 0.647887323943662 0.06998239436619719 0.29694835680751175 
0 0.7799295774647887 0.29694835680751175 0.06073943661971831 0.24530516431924881 
0 0.4654489436619718 0.3057511737089202 0.058538732394366196 0.20657276995305165 
0 0.507262323943662 0.6622652582159625 0.08758802816901408 0.3421361502347418 
0 0.15647007042253522 0.6619718309859155 0.08582746478873239 0.31572769953051644 
0 0.38930457746478875 0.29782863849765256 0.0761443661971831 0.20833333333333334 
0 0.7180897887323944 0.289612676056338 0.06205985915492958 0.24471830985915494 
0 0.856294014084507 0.3034037558685446 0.028609154929577465 0.07629107981220658 
0 0.24669894366197184 0.658744131455399 0.08582746478873239 0.3163145539906103 
0 0.9834947183098591 0.25440140845070425 0.03917253521126761 0.09213615023474178 
0 0.014084507042253521 0.32188967136150237 0.022887323943661973 0.1449530516431925 
0 0.06976232394366197 0.3277582159624413 0.04181338028169014 0.13908450704225353 
0 0.01738556338028169 0.6343896713615024 0.03389084507042254 0.3333333333333333 
0 0.851012323943662 0.3840962441314554 0.02420774647887324 0.07922535211267606 
0 0.5924295774647887 0.2919600938967136 0.06602112676056338 0.24354460093896713 
0 0.9130721830985915 0.2778755868544601 0.02772887323943662 0.10387323943661972 
0 0.9273767605633803 0.3767605633802817 0.03169014084507042 0.09976525821596244 
0 0.9522447183098591 0.2602699530516432 0.019806338028169015 0.1073943661971831 
0 0.8877640845070423 0.3755868544600939 0.016725352112676055 0.09976525821596244 
0 0.8816021126760564 0.21684272300469484 0.02640845070422535 0.0733568075117371 
0 0.328125 0.9509976525821596 0.06998239436619719 0.09800469483568075 
0 0.735475352112676 0.9518779342723005 0.07042253521126761 0.0880281690140845 
0 0.08846830985915492 0.960093896713615 0.07922535211267606 0.06924882629107981 
0 0.4861355633802817 0.9518779342723005 0.0761443661971831 0.09154929577464789 
0 0.6577904929577465 0.948943661971831 0.06910211267605634 0.09389671361502347 
0 0.17319542253521128 0.9395539906103286 0.07262323943661972 0.11854460093896714 
0 0.4137323943661972 0.95481220657277 0.05897887323943662 0.0880281690140845 
0 0.9154929577464789 0.7796361502347418 0.05545774647887324 0.13086854460093897 
0 0.9665492957746479 0.3714788732394366 0.032570422535211266 0.107981220657277 
0 0.65625 0.295481220657277 0.061619718309859156 0.23884976525821597 
0 0.32108274647887325 0.30663145539906106 0.06294014084507042 0.20833333333333334 
0 0.24977992957746478 0.9451291079812206 0.0761443661971831 0.10974178403755869 
0 0.02090669014084507 0.9328051643192489 0.03829225352112676 0.13438967136150234 
0 0.8477112676056338 0.22505868544600938 0.02640845070422535 0.08626760563380281 
0 0.7132482394366197 0.6716549295774648 0.10783450704225352 0.34917840375586856 
0 0.605193661971831 0.6657863849765259 0.10211267605633803 0.34330985915492956 
0 0.575044014084507 0.9448356807511737 0.07262323943661972 0.11267605633802817 
0 0.9650088028169014 0.6393779342723005 0.042693661971830985 0.13791079812206572 
0 0.8199823943661971 0.6731220657276995 0.0994718309859155 0.357981220657277 
0 0.9694102112676056 0.7793427230046949 0.04709507042253521 0.12441314553990611 
0 0.9124119718309859 0.6411384976525821 0.05545774647887324 0.13204225352112675 
0 0.5290492957746479 0.31015258215962443 0.06690140845070422 0.20950704225352113 
0 0.20444542253521128 0.29401408450704225 0.058538732394366196 0.1983568075117371 
0 0.25946302816901406 0.2975352112676056 0.06294014084507042 0.19953051643192488 
0 0.42055457746478875 0.6408450704225352 0.0682218309859155 0.31690140845070425 
0 0.07548415492957747 0.6525821596244131 0.07702464788732394 0.3086854460093897 
0 0.14612676056338028 0.295481220657277 0.06073943661971831 0.20363849765258216 
0 0.34264964788732394 0.647887323943662 0.06998239436619719 0.29694835680751175 
0 0.7799295774647887 0.29694835680751175 0.06073943661971831 0.24530516431924881 
0 0.4654489436619718 0.3057511737089202 0.058538732394366196 0.20657276995305165 
0 0.507262323943662 0.6622652582159625 0.08758802816901408 0.3421361502347418 
0 0.15647007042253522 0.6619718309859155 0.08582746478873239 0.31572769953051644 
0 0.38930457746478875 0.29782863849765256 0.0761443661971831 0.20833333333333334 
0 0.7180897887323944 0.289612676056338 0.06205985915492958 0.24471830985915494 
0 0.856294014084507 0.3034037558685446 0.028609154929577465 0.07629107981220658 
0 0.24669894366197184 0.658744131455399 0.08582746478873239 0.3163145539906103 
0 0.9834947183098591 0.25440140845070425 0.03917253521126761 0.09213615023474178 
0 0.014084507042253521 0.32188967136150237 0.022887323943661973 0.1449530516431925 
0 0.06976232394366197 0.3277582159624413 0.04181338028169014 0.13908450704225353 
0 0.01738556338028169 0.6343896713615024 0.03389084507042254 0.3333333333333333 
0 0.851012323943662 0.3840962441314554 0.02420774647887324 0.07922535211267606 
0 0.5924295774647887 0.2919600938967136 0.06602112676056338 0.24354460093896713 
0 0.9130721830985915 0.2778755868544601 0.02772887323943662 0.10387323943661972 
0 0.9273767605633803 0.3767605633802817 0.03169014084507042 0.09976525821596244 
0 0.9522447183098591 0.2602699530516432 0.019806338028169015 0.1073943661971831 
0 0.8877640845070423 0.3755868544600939 0.016725352112676055 0.09976525821596244 
0 0.8816021126760564 0.21684272300469484 0.02640845070422535 0.0733568075117371 
0 0.328125 0.9509976525821596 0.06998239436619719 0.09800469483568075 
0 0.735475352112676 0.9518779342723005 0.07042253521126761 0.0880281690140845 
0 0.08846830985915492 0.960093896713615 0.07922535211267606 0.06924882629107981 
0 0.4861355633802817 0.9518779342723005 0.0761443661971831 0.09154929577464789 
0 0.6577904929577465 0.948943661971831 0.06910211267605634 0.09389671361502347 
0 0.17319542253521128 0.9395539906103286 0.07262323943661972 0.11854460093896714 
0 0.4137323943661972 0.95481220657277 0.05897887323943662 0.0880281690140845 
0 0.9154929577464789 0.7796361502347418 0.05545774647887324 0.13086854460093897 
0 0.9665492957746479 0.3714788732394366 0.032570422535211266 0.107981220657277 
0 0.65625 0.295481220657277 0.061619718309859156 0.23884976525821597 
0 0.32108274647887325 0.30663145539906106 0.06294014084507042 0.20833333333333334 
0 0.24977992957746478 0.9451291079812206 0.0761443661971831 0.10974178403755869 
0 0.02090669014084507 0.9328051643192489 0.03829225352112676 0.13438967136150234 
