0 0.9790933098591549 0.778169014084507 0.02948943661971831 0.09859154929577464 
0 0.022887323943661973 0.30134976525821594 0.0448943661971831 0.3444835680751174 
0 0.2367957746478873 0.9389671361502347 0.0 0.0 
0 0.9355193661971831 0.4465962441314554 0.0488556338028169 0.14788732394366197 
0 0.9707306338028169 0.034624413145539906 0.04709507042253521 0.062206572769953054 
0 0.4300176056338028 0.7288732394366197 0.07130281690140845 0.2676056338028169 
0 0.19300176056338028 0.7435446009389671 0.07262323943661972 0.2934272300469484 
0 0.9368397887323944 0.3045774647887324 0.05501760563380282 0.11854460093896714 
0 0.5028609154929577 0.7588028169014085 0.06998239436619719 0.29577464788732394 
0 0.11245598591549295 0.7420774647887324 0.08142605633802817 0.267018779342723 
0 0.035431338028169015 0.7341549295774648 0.06998239436619719 0.25704225352112675 
0 0.7378961267605634 0.33274647887323944 0.1113556338028169 0.3485915492957746 
0 0.844850352112676 0.34242957746478875 0.1113556338028169 0.34800469483568075 
0 0.6258802816901409 0.3336267605633803 0.11091549295774648 0.3362676056338028 
0 0.5253080985915493 0.3336267605633803 0.08758802816901408 0.3374413145539906 
0 0.2599031690140845 0.3245305164319249 0.08758802816901408 0.33098591549295775 
0 0.17407570422535212 0.3189553990610329 0.08142605633802817 0.3210093896713615 
0 0.3545334507042254 0.3362676056338028 0.07702464788732394 0.30164319248826293 
0 0.5803257042253521 0.7593896713615024 0.07702464788732394 0.318075117370892 
0 0.0900088028169014 0.31866197183098594 0.08054577464788733 0.31338028169014087 
0 0.43882042253521125 0.33039906103286387 0.0801056338028169 0.32511737089201875 
0 0.8342869718309859 0.7808098591549296 0.08582746478873239 0.3163145539906103 
0 0.9190140845070423 0.7904929577464789 0.08362676056338028 0.3086854460093897 
0 0.34419014084507044 0.7608568075117371 0.0801056338028169 0.2857981220657277 
0 0.7447183098591549 0.7461854460093896 0.08450704225352113 0.2881455399061033 
0 0.9834947183098591 0.3022300469483568 0.032130281690140844 0.12323943661971831 
0 0.9817341549295775 0.45217136150234744 0.03653169014084507 0.14847417840375587 
0 0.6641725352112676 0.7429577464788732 0.07570422535211267 0.2863849765258216 
0 0.9709507042253521 0.8838028169014085 0.02640845070422535 0.09507042253521127 
0 0.9839348591549296 0.6804577464788732 0.028609154929577465 0.07922535211267606 
0 0.2678257042253521 0.750293427230047 0.0743838028169014 0.301056338028169 
0 0.9790933098591549 0.778169014084507 0.02948943661971831 0.09859154929577464 
0 0.022887323943661973 0.30134976525821594 0.0448943661971831 0.3444835680751174 
0 0.2367957746478873 0.9389671361502347 0.0 0.0 
0 0.9355193661971831 0.4465962441314554 0.0488556338028169 0.14788732394366197 
0 0.9707306338028169 0.034624413145539906 0.04709507042253521 0.062206572769953054 
0 0.4300176056338028 0.7288732394366197 0.07130281690140845 0.2676056338028169 
0 0.19300176056338028 0.7435446009389671 0.07262323943661972 0.2934272300469484 
0 0.9368397887323944 0.3045774647887324 0.05501760563380282 0.11854460093896714 
0 0.5028609154929577 0.7588028169014085 0.06998239436619719 0.29577464788732394 
0 0.11245598591549295 0.7420774647887324 0.08142605633802817 0.267018779342723 
0 0.035431338028169015 0.7341549295774648 0.06998239436619719 0.25704225352112675 
0 0.7378961267605634 0.33274647887323944 0.1113556338028169 0.3485915492957746 
0 0.844850352112676 0.34242957746478875 0.1113556338028169 0.34800469483568075 
0 0.6258802816901409 0.3336267605633803 0.11091549295774648 0.3362676056338028 
0 0.5253080985915493 0.3336267605633803 0.08758802816901408 0.3374413145539906 
0 0.2599031690140845 0.3245305164319249 0.08758802816901408 0.33098591549295775 
0 0.17407570422535212 0.3189553990610329 0.08142605633802817 0.3210093896713615 
0 0.3545334507042254 0.3362676056338028 0.07702464788732394 0.30164319248826293 
0 0.5803257042253521 0.7593896713615024 0.07702464788732394 0.318075117370892 
0 0.0900088028169014 0.31866197183098594 0.08054577464788733 0.31338028169014087 
0 0.43882042253521125 0.33039906103286387 0.0801056338028169 0.32511737089201875 
0 0.8342869718309859 0.7808098591549296 0.08582746478873239 0.3163145539906103 
0 0.9190140845070423 0.7904929577464789 0.08362676056338028 0.3086854460093897 
0 0.34419014084507044 0.7608568075117371 0.0801056338028169 0.2857981220657277 
0 0.7447183098591549 0.7461854460093896 0.08450704225352113 0.2881455399061033 
0 0.9834947183098591 0.3022300469483568 0.032130281690140844 0.12323943661971831 
0 0.9817341549295775 0.45217136150234744 0.03653169014084507 0.14847417840375587 
0 0.6641725352112676 0.7429577464788732 0.07570422535211267 0.2863849765258216 
0 0.9709507042253521 0.8838028169014085 0.02640845070422535 0.09507042253521127 
0 0.9839348591549296 0.6804577464788732 0.028609154929577465 0.07922535211267606 
0 0.2678257042253521 0.750293427230047 0.0743838028169014 0.301056338028169 
0 0.9790933098591549 0.778169014084507 0.02948943661971831 0.09859154929577464 
0 0.022887323943661973 0.30134976525821594 0.0448943661971831 0.3444835680751174 
0 0.2367957746478873 0.9389671361502347 0.0 0.0 
0 0.9355193661971831 0.4465962441314554 0.0488556338028169 0.14788732394366197 
0 0.9707306338028169 0.034624413145539906 0.04709507042253521 0.062206572769953054 
0 0.4300176056338028 0.7288732394366197 0.07130281690140845 0.2676056338028169 
0 0.19300176056338028 0.7435446009389671 0.07262323943661972 0.2934272300469484 
0 0.9368397887323944 0.3045774647887324 0.05501760563380282 0.11854460093896714 
0 0.5028609154929577 0.7588028169014085 0.06998239436619719 0.29577464788732394 
0 0.11245598591549295 0.7420774647887324 0.08142605633802817 0.267018779342723 
0 0.035431338028169015 0.7341549295774648 0.06998239436619719 0.25704225352112675 
0 0.7378961267605634 0.33274647887323944 0.1113556338028169 0.3485915492957746 
0 0.844850352112676 0.34242957746478875 0.1113556338028169 0.34800469483568075 
0 0.6258802816901409 0.3336267605633803 0.11091549295774648 0.3362676056338028 
0 0.5253080985915493 0.3336267605633803 0.08758802816901408 0.3374413145539906 
0 0.2599031690140845 0.3245305164319249 0.08758802816901408 0.33098591549295775 
0 0.17407570422535212 0.3189553990610329 0.08142605633802817 0.3210093896713615 
0 0.3545334507042254 0.3362676056338028 0.07702464788732394 0.30164319248826293 
0 0.5803257042253521 0.7593896713615024 0.07702464788732394 0.318075117370892 
0 0.0900088028169014 0.31866197183098594 0.08054577464788733 0.31338028169014087 
0 0.43882042253521125 0.33039906103286387 0.0801056338028169 0.32511737089201875 
0 0.8342869718309859 0.7808098591549296 0.08582746478873239 0.3163145539906103 
0 0.9190140845070423 0.7904929577464789 0.08362676056338028 0.3086854460093897 
0 0.34419014084507044 0.7608568075117371 0.0801056338028169 0.2857981220657277 
0 0.7447183098591549 0.7461854460093896 0.08450704225352113 0.2881455399061033 
0 0.9834947183098591 0.3022300469483568 0.032130281690140844 0.12323943661971831 
0 0.9817341549295775 0.45217136150234744 0.03653169014084507 0.14847417840375587 
0 0.6641725352112676 0.7429577464788732 0.07570422535211267 0.2863849765258216 
0 0.9709507042253521 0.8838028169014085 0.02640845070422535 0.09507042253521127 
0 0.9839348591549296 0.6804577464788732 0.028609154929577465 0.07922535211267606 
0 0.2678257042253521 0.750293427230047 0.0743838028169014 0.301056338028169 
