0 0.4964788732394366 0.2852112676056338 0.13204225352112675 0.06924882629107981 
0 0.3397887323943662 0.4339788732394366 0.08450704225352113 0.08509389671361503 
0 0.2462588028169014 0.4339788732394366 0.08670774647887323 0.08509389671361503 
0 0.22161091549295775 0.625 0.09022887323943662 0.09976525821596244 
0 0.21214788732394366 0.784037558685446 0.10475352112676056 0.13028169014084506 
0 0.10761443661971831 0.4328051643192488 0.10431338028169014 0.0733568075117371 
0 0.6549295774647887 0.5363849765258216 0.0880281690140845 0.06572769953051644 
0 0.5475352112676056 0.8016431924882629 0.09419014084507042 0.06338028169014084 
0 0.43794014084507044 0.8019366197183099 0.10387323943661972 0.05927230046948357 
0 0.8384683098591549 0.049002347417840375 0.1267605633802817 0.05927230046948357 
0 0.811399647887324 0.2720070422535211 0.10695422535211267 0.06866197183098592 
0 0.8188820422535211 0.1983568075117371 0.11575704225352113 0.056338028169014086 
0 0.4933978873239437 0.22036384976525822 0.14964788732394366 0.0710093896713615 
0 0.058098591549295774 0.10035211267605634 0.10475352112676056 0.07746478873239436 
0 0.09683098591549295 0.7998826291079812 0.10035211267605634 0.06807511737089202 
0 0.3430897887323944 0.272887323943662 0.14656690140845072 0.0528169014084507 
0 0.9341989436619719 0.591255868544601 0.13160211267605634 0.20246478873239437 
0 0.43617957746478875 0.8506455399061033 0.09242957746478873 0.02640845070422535 
0 0.2055457746478873 0.2476525821596244 0.13556338028169015 0.06103286384976526 
0 0.9438820422535211 0.043133802816901406 0.03829225352112676 0.0721830985915493 
0 0.9185739436619719 0.12177230046948356 0.043133802816901406 0.08509389671361503 
0 0.9071302816901409 0.21038732394366197 0.04841549295774648 0.09213615023474178 
0 0.9815140845070423 0.08597417840375587 0.03697183098591549 0.09330985915492958 
0 0.9694102112676056 0.18016431924882628 0.061179577464788734 0.0903755868544601 
0 0.543794014084507 0.8485915492957746 0.09022887323943662 0.02464788732394366 
0 0.9650088028169014 0.2857981220657277 0.06998239436619719 0.11150234741784038 
0 0.9139524647887324 0.7397300469483568 0.13776408450704225 0.08509389671361503 
0 0.7618838028169014 0.8142605633802817 0.11883802816901408 0.09096244131455399 
0 0.7810299295774648 0.7268192488262911 0.12191901408450705 0.08626760563380281 
0 0.7856514084507042 0.5721830985915493 0.13556338028169015 0.19953051643192488 
0 0.6340228873239436 0.4386737089201878 0.08142605633802817 0.0733568075117371 
0 0.3215228873239437 0.846244131455399 0.09463028169014084 0.023474178403755867 
0 0.8959066901408451 0.8186619718309859 0.1386443661971831 0.07629107981220658 
0 0.05963908450704225 0.1766431924882629 0.11839788732394366 0.0539906103286385 
0 0.04907570422535211 0.03286384976525822 0.09727112676056338 0.06103286384976526 
0 0.5462147887323944 0.5184859154929577 0.09419014084507042 0.06631455399061033 
0 0.3199823943661972 0.801056338028169 0.08626760563380281 0.0539906103286385 
0 0.34485035211267606 0.10622065727699531 0.14744718309859156 0.0715962441314554 
0 0.503080985915493 0.04518779342723005 0.15404929577464788 0.06690140845070422 
0 0.20444542253521128 0.1795774647887324 0.13336267605633803 0.06572769953051644 
0 0.8351672535211268 0.11473004694835681 0.11487676056338028 0.056924882629107984 
0 0.6626320422535211 0.2734741784037559 0.10255281690140845 0.06103286384976526 
0 0.08076584507042253 0.7150821596244131 0.12544014084507044 0.06866197183098592 
0 0.441681338028169 0.533744131455399 0.09022887323943662 0.07687793427230047 
0 0.5543573943661971 0.7259389671361502 0.10431338028169014 0.06807511737089202 
0 0.4423415492957746 0.7244718309859155 0.10211267605633803 0.052230046948356805 
0 0.6668133802816901 0.7262323943661971 0.0977112676056338 0.06279342723004695 
0 0.6705545774647887 0.19688967136150234 0.1131161971830986 0.06279342723004695 
0 0.3182218309859155 0.721537558685446 0.09595070422535211 0.05927230046948357 
0 0.3457306338028169 0.2227112676056338 0.14128521126760563 0.04988262910798122 
0 0.6778169014084507 0.12059859154929578 0.12323943661971831 0.06514084507042253 
0 0.5453345070422535 0.44190140845070425 0.08714788732394366 0.06807511737089202 
0 0.4324383802816901 0.6396713615023474 0.09022887323943662 0.09272300469483569 
0 0.1952024647887324 0.10622065727699531 0.14744718309859156 0.08333333333333333 
0 0.33758802816901406 0.5252347417840375 0.10211267605633803 0.09976525821596244 
0 0.5618397887323944 0.6320422535211268 0.1113556338028169 0.10915492957746478 
0 0.4355193661971831 0.4421948356807512 0.09815140845070422 0.08392018779342723 
0 0.07350352112676056 0.6232394366197183 0.12235915492957747 0.09976525821596244 
0 0.23547535211267606 0.5255281690140845 0.09507042253521127 0.08157276995305164 
0 0.65625 0.7943075117370892 0.08362676056338028 0.05457746478873239 
0 0.4982394366197183 0.1693075117370892 0.1487676056338028 0.051056338028169015 
0 0.6701144366197183 0.6373239436619719 0.08230633802816902 0.08333333333333333 
0 0.6841989436619719 0.0448943661971831 0.13600352112676056 0.058098591549295774 
0 0.061179577464788734 0.2476525821596244 0.12147887323943662 0.06690140845070422 
0 0.32284330985915494 0.6288145539906104 0.10783450704225352 0.10387323943661972 
0 0.7590228873239436 0.4251760563380282 0.14392605633802816 0.07922535211267606 
0 0.08934859154929578 0.522887323943662 0.11443661971830986 0.09507042253521127 
0 0.3430897887323944 0.04019953051643192 0.15536971830985916 0.06279342723004695 
0 0.4964788732394366 0.11384976525821597 0.14964788732394366 0.04929577464788732 
0 0.34485035211267606 0.17312206572769953 0.1386443661971831 0.046948356807511735 
0 0.4964788732394366 0.2852112676056338 0.13204225352112675 0.06924882629107981 
0 0.3397887323943662 0.4339788732394366 0.08450704225352113 0.08509389671361503 
0 0.2462588028169014 0.4339788732394366 0.08670774647887323 0.08509389671361503 
0 0.22161091549295775 0.625 0.09022887323943662 0.09976525821596244 
0 0.21214788732394366 0.784037558685446 0.10475352112676056 0.13028169014084506 
0 0.10761443661971831 0.4328051643192488 0.10431338028169014 0.0733568075117371 
0 0.6549295774647887 0.5363849765258216 0.0880281690140845 0.06572769953051644 
0 0.5475352112676056 0.8016431924882629 0.09419014084507042 0.06338028169014084 
0 0.43794014084507044 0.8019366197183099 0.10387323943661972 0.05927230046948357 
0 0.8384683098591549 0.049002347417840375 0.1267605633802817 0.05927230046948357 
0 0.811399647887324 0.2720070422535211 0.10695422535211267 0.06866197183098592 
0 0.8188820422535211 0.1983568075117371 0.11575704225352113 0.056338028169014086 
0 0.4933978873239437 0.22036384976525822 0.14964788732394366 0.0710093896713615 
0 0.058098591549295774 0.10035211267605634 0.10475352112676056 0.07746478873239436 
0 0.09683098591549295 0.7998826291079812 0.10035211267605634 0.06807511737089202 
0 0.3430897887323944 0.272887323943662 0.14656690140845072 0.0528169014084507 
0 0.9341989436619719 0.591255868544601 0.13160211267605634 0.20246478873239437 
0 0.43617957746478875 0.8506455399061033 0.09242957746478873 0.02640845070422535 
0 0.2055457746478873 0.2476525821596244 0.13556338028169015 0.06103286384976526 
0 0.9438820422535211 0.043133802816901406 0.03829225352112676 0.0721830985915493 
0 0.9185739436619719 0.12177230046948356 0.043133802816901406 0.08509389671361503 
0 0.9071302816901409 0.21038732394366197 0.04841549295774648 0.09213615023474178 
0 0.9815140845070423 0.08597417840375587 0.03697183098591549 0.09330985915492958 
0 0.9694102112676056 0.18016431924882628 0.061179577464788734 0.0903755868544601 
0 0.543794014084507 0.8485915492957746 0.09022887323943662 0.02464788732394366 
0 0.9650088028169014 0.2857981220657277 0.06998239436619719 0.11150234741784038 
0 0.9139524647887324 0.7397300469483568 0.13776408450704225 0.08509389671361503 
0 0.7618838028169014 0.8142605633802817 0.11883802816901408 0.09096244131455399 
0 0.7810299295774648 0.7268192488262911 0.12191901408450705 0.08626760563380281 
0 0.7856514084507042 0.5721830985915493 0.13556338028169015 0.19953051643192488 
0 0.6340228873239436 0.4386737089201878 0.08142605633802817 0.0733568075117371 
0 0.3215228873239437 0.846244131455399 0.09463028169014084 0.023474178403755867 
0 0.8959066901408451 0.8186619718309859 0.1386443661971831 0.07629107981220658 
0 0.05963908450704225 0.1766431924882629 0.11839788732394366 0.0539906103286385 
0 0.04907570422535211 0.03286384976525822 0.09727112676056338 0.06103286384976526 
0 0.5462147887323944 0.5184859154929577 0.09419014084507042 0.06631455399061033 
0 0.3199823943661972 0.801056338028169 0.08626760563380281 0.0539906103286385 
0 0.34485035211267606 0.10622065727699531 0.14744718309859156 0.0715962441314554 
0 0.503080985915493 0.04518779342723005 0.15404929577464788 0.06690140845070422 
0 0.20444542253521128 0.1795774647887324 0.13336267605633803 0.06572769953051644 
0 0.8351672535211268 0.11473004694835681 0.11487676056338028 0.056924882629107984 
0 0.6626320422535211 0.2734741784037559 0.10255281690140845 0.06103286384976526 
0 0.08076584507042253 0.7150821596244131 0.12544014084507044 0.06866197183098592 
0 0.441681338028169 0.533744131455399 0.09022887323943662 0.07687793427230047 
0 0.5543573943661971 0.7259389671361502 0.10431338028169014 0.06807511737089202 
0 0.4423415492957746 0.7244718309859155 0.10211267605633803 0.052230046948356805 
0 0.6668133802816901 0.7262323943661971 0.0977112676056338 0.06279342723004695 
0 0.6705545774647887 0.19688967136150234 0.1131161971830986 0.06279342723004695 
0 0.3182218309859155 0.721537558685446 0.09595070422535211 0.05927230046948357 
0 0.3457306338028169 0.2227112676056338 0.14128521126760563 0.04988262910798122 
0 0.6778169014084507 0.12059859154929578 0.12323943661971831 0.06514084507042253 
0 0.5453345070422535 0.44190140845070425 0.08714788732394366 0.06807511737089202 
0 0.4324383802816901 0.6396713615023474 0.09022887323943662 0.09272300469483569 
0 0.1952024647887324 0.10622065727699531 0.14744718309859156 0.08333333333333333 
0 0.33758802816901406 0.5252347417840375 0.10211267605633803 0.09976525821596244 
0 0.5618397887323944 0.6320422535211268 0.1113556338028169 0.10915492957746478 
0 0.4355193661971831 0.4421948356807512 0.09815140845070422 0.08392018779342723 
0 0.07350352112676056 0.6232394366197183 0.12235915492957747 0.09976525821596244 
0 0.23547535211267606 0.5255281690140845 0.09507042253521127 0.08157276995305164 
0 0.65625 0.7943075117370892 0.08362676056338028 0.05457746478873239 
0 0.4982394366197183 0.1693075117370892 0.1487676056338028 0.051056338028169015 
0 0.6701144366197183 0.6373239436619719 0.08230633802816902 0.08333333333333333 
0 0.6841989436619719 0.0448943661971831 0.13600352112676056 0.058098591549295774 
0 0.061179577464788734 0.2476525821596244 0.12147887323943662 0.06690140845070422 
0 0.32284330985915494 0.6288145539906104 0.10783450704225352 0.10387323943661972 
0 0.7590228873239436 0.4251760563380282 0.14392605633802816 0.07922535211267606 
0 0.08934859154929578 0.522887323943662 0.11443661971830986 0.09507042253521127 
0 0.3430897887323944 0.04019953051643192 0.15536971830985916 0.06279342723004695 
0 0.4964788732394366 0.11384976525821597 0.14964788732394366 0.04929577464788732 
0 0.34485035211267606 0.17312206572769953 0.1386443661971831 0.046948356807511735 
0 0.4964788732394366 0.2852112676056338 0.13204225352112675 0.06924882629107981 
0 0.3397887323943662 0.4339788732394366 0.08450704225352113 0.08509389671361503 
0 0.2462588028169014 0.4339788732394366 0.08670774647887323 0.08509389671361503 
0 0.22161091549295775 0.625 0.09022887323943662 0.09976525821596244 
0 0.21214788732394366 0.784037558685446 0.10475352112676056 0.13028169014084506 
0 0.10761443661971831 0.4328051643192488 0.10431338028169014 0.0733568075117371 
0 0.6549295774647887 0.5363849765258216 0.0880281690140845 0.06572769953051644 
0 0.5475352112676056 0.8016431924882629 0.09419014084507042 0.06338028169014084 
0 0.43794014084507044 0.8019366197183099 0.10387323943661972 0.05927230046948357 
0 0.8384683098591549 0.049002347417840375 0.1267605633802817 0.05927230046948357 
0 0.811399647887324 0.2720070422535211 0.10695422535211267 0.06866197183098592 
0 0.8188820422535211 0.1983568075117371 0.11575704225352113 0.056338028169014086 
0 0.4933978873239437 0.22036384976525822 0.14964788732394366 0.0710093896713615 
0 0.058098591549295774 0.10035211267605634 0.10475352112676056 0.07746478873239436 
0 0.09683098591549295 0.7998826291079812 0.10035211267605634 0.06807511737089202 
0 0.3430897887323944 0.272887323943662 0.14656690140845072 0.0528169014084507 
0 0.9341989436619719 0.591255868544601 0.13160211267605634 0.20246478873239437 
0 0.43617957746478875 0.8506455399061033 0.09242957746478873 0.02640845070422535 
0 0.2055457746478873 0.2476525821596244 0.13556338028169015 0.06103286384976526 
0 0.9438820422535211 0.043133802816901406 0.03829225352112676 0.0721830985915493 
0 0.9185739436619719 0.12177230046948356 0.043133802816901406 0.08509389671361503 
0 0.9071302816901409 0.21038732394366197 0.04841549295774648 0.09213615023474178 
0 0.9815140845070423 0.08597417840375587 0.03697183098591549 0.09330985915492958 
0 0.9694102112676056 0.18016431924882628 0.061179577464788734 0.0903755868544601 
0 0.543794014084507 0.8485915492957746 0.09022887323943662 0.02464788732394366 
0 0.9650088028169014 0.2857981220657277 0.06998239436619719 0.11150234741784038 
0 0.9139524647887324 0.7397300469483568 0.13776408450704225 0.08509389671361503 
0 0.7618838028169014 0.8142605633802817 0.11883802816901408 0.09096244131455399 
0 0.7810299295774648 0.7268192488262911 0.12191901408450705 0.08626760563380281 
0 0.7856514084507042 0.5721830985915493 0.13556338028169015 0.19953051643192488 
0 0.6340228873239436 0.4386737089201878 0.08142605633802817 0.0733568075117371 
0 0.3215228873239437 0.846244131455399 0.09463028169014084 0.023474178403755867 
0 0.8959066901408451 0.8186619718309859 0.1386443661971831 0.07629107981220658 
0 0.05963908450704225 0.1766431924882629 0.11839788732394366 0.0539906103286385 
0 0.04907570422535211 0.03286384976525822 0.09727112676056338 0.06103286384976526 
0 0.5462147887323944 0.5184859154929577 0.09419014084507042 0.06631455399061033 
0 0.3199823943661972 0.801056338028169 0.08626760563380281 0.0539906103286385 
0 0.34485035211267606 0.10622065727699531 0.14744718309859156 0.0715962441314554 
0 0.503080985915493 0.04518779342723005 0.15404929577464788 0.06690140845070422 
0 0.20444542253521128 0.1795774647887324 0.13336267605633803 0.06572769953051644 
0 0.8351672535211268 0.11473004694835681 0.11487676056338028 0.056924882629107984 
0 0.6626320422535211 0.2734741784037559 0.10255281690140845 0.06103286384976526 
0 0.08076584507042253 0.7150821596244131 0.12544014084507044 0.06866197183098592 
0 0.441681338028169 0.533744131455399 0.09022887323943662 0.07687793427230047 
0 0.5543573943661971 0.7259389671361502 0.10431338028169014 0.06807511737089202 
0 0.4423415492957746 0.7244718309859155 0.10211267605633803 0.052230046948356805 
0 0.6668133802816901 0.7262323943661971 0.0977112676056338 0.06279342723004695 
0 0.6705545774647887 0.19688967136150234 0.1131161971830986 0.06279342723004695 
0 0.3182218309859155 0.721537558685446 0.09595070422535211 0.05927230046948357 
0 0.3457306338028169 0.2227112676056338 0.14128521126760563 0.04988262910798122 
0 0.6778169014084507 0.12059859154929578 0.12323943661971831 0.06514084507042253 
0 0.5453345070422535 0.44190140845070425 0.08714788732394366 0.06807511737089202 
0 0.4324383802816901 0.6396713615023474 0.09022887323943662 0.09272300469483569 
0 0.1952024647887324 0.10622065727699531 0.14744718309859156 0.08333333333333333 
0 0.33758802816901406 0.5252347417840375 0.10211267605633803 0.09976525821596244 
0 0.5618397887323944 0.6320422535211268 0.1113556338028169 0.10915492957746478 
0 0.4355193661971831 0.4421948356807512 0.09815140845070422 0.08392018779342723 
0 0.07350352112676056 0.6232394366197183 0.12235915492957747 0.09976525821596244 
0 0.23547535211267606 0.5255281690140845 0.09507042253521127 0.08157276995305164 
0 0.65625 0.7943075117370892 0.08362676056338028 0.05457746478873239 
0 0.4982394366197183 0.1693075117370892 0.1487676056338028 0.051056338028169015 
0 0.6701144366197183 0.6373239436619719 0.08230633802816902 0.08333333333333333 
0 0.6841989436619719 0.0448943661971831 0.13600352112676056 0.058098591549295774 
0 0.061179577464788734 0.2476525821596244 0.12147887323943662 0.06690140845070422 
0 0.32284330985915494 0.6288145539906104 0.10783450704225352 0.10387323943661972 
0 0.7590228873239436 0.4251760563380282 0.14392605633802816 0.07922535211267606 
0 0.08934859154929578 0.522887323943662 0.11443661971830986 0.09507042253521127 
0 0.3430897887323944 0.04019953051643192 0.15536971830985916 0.06279342723004695 
0 0.4964788732394366 0.11384976525821597 0.14964788732394366 0.04929577464788732 
0 0.34485035211267606 0.17312206572769953 0.1386443661971831 0.046948356807511735 
