0 0.6577904929577465 0.5551643192488263 0.10871478873239436 0.0715962441314554 
0 0.6533890845070423 0.8089788732394366 0.10255281690140845 0.06631455399061033 
0 0.6533890845070423 0.7482394366197183 0.09991197183098592 0.0528169014084507 
0 0.6599911971830986 0.693075117370892 0.10695422535211267 0.06572769953051644 
0 0.6560299295774648 0.624706572769953 0.1034330985915493 0.0733568075117371 
0 0.5517165492957746 0.8016431924882629 0.09022887323943662 0.08685446009389672 
0 0.453125 0.545481220657277 0.09815140845070422 0.08509389671361503 
0 0.5484154929577465 0.636443661971831 0.09683098591549295 0.07922535211267606 
0 0.5492957746478874 0.5478286384976526 0.09683098591549295 0.09213615023474178 
0 0.45356514084507044 0.8125 0.10783450704225352 0.08509389671361503 
0 0.45048415492957744 0.7194835680751174 0.09463028169014084 0.09507042253521127 
0 0.4498239436619718 0.6358568075117371 0.0977112676056338 0.08039906103286384 
0 0.7638644366197183 0.5616197183098591 0.09463028169014084 0.07629107981220658 
0 0.5517165492957746 0.7150821596244131 0.09903169014084508 0.07805164319248827 
0 0.7605633802816901 0.6299882629107981 0.09683098591549295 0.06631455399061033 
0 0.9826144366197183 0.3890845070422535 0.03477112676056338 0.0715962441314554 
0 0.7678257042253521 0.744424882629108 0.09110915492957747 0.06044600938967136 
0 0.34815140845070425 0.8163145539906104 0.09242957746478873 0.08333333333333333 
0 0.9826144366197183 0.3198356807511737 0.03477112676056338 0.056338028169014086 
0 0.984375 0.2494131455399061 0.03125 0.05868544600938967 
0 0.9826144366197183 0.1795774647887324 0.03477112676056338 0.0539906103286385 
0 0.10585387323943662 0.9665492957746479 0.14040492957746478 0.06690140845070422 
0 0.24405809859154928 0.9606807511737089 0.1307218309859155 0.06455399061032864 
0 0.7693661971830986 0.687206572769953 0.09242957746478873 0.04812206572769953 
0 0.5191461267605634 0.9636150234741784 0.1307218309859155 0.06455399061032864 
0 0.8580545774647887 0.8075117370892019 0.08670774647887323 0.0539906103286385 
0 0.8580545774647887 0.7488262910798122 0.08054577464788733 0.0539906103286385 
0 0.8598151408450704 0.6895539906103286 0.08582746478873239 0.05868544600938967 
0 0.862455985915493 0.6279342723004695 0.08934859154929578 0.06455399061032864 
0 0.8613556338028169 0.5630868544600939 0.08890845070422536 0.061619718309859156 
0 0.7612235915492958 0.8089788732394366 0.10255281690140845 0.06631455399061033 
0 0.6670334507042254 0.9782863849765259 0.1386443661971831 0.04342723004694836 
0 0.34903169014084506 0.7365023474178404 0.09242957746478873 0.07629107981220658 
0 0.8001760563380281 0.24559859154929578 0.09683098591549295 0.07453051643192488 
0 0.3485915492957746 0.5619131455399061 0.09154929577464789 0.09096244131455399 
0 0.597931338028169 0.13497652582159625 0.1386443661971831 0.1056338028169014 
0 0.4581866197183099 0.3591549295774648 0.12764084507042253 0.11737089201877934 
0 0.453125 0.26672535211267606 0.1131161971830986 0.0733568075117371 
0 0.4482834507042254 0.19131455399061034 0.09903169014084508 0.06338028169014084 
0 0.3206426056338028 0.363556338028169 0.13424295774647887 0.10856807511737089 
0 0.3221830985915493 0.24618544600938966 0.14172535211267606 0.11443661971830986 
0 0.5944102112676056 0.25 0.1430457746478873 0.1068075117370892 
0 0.32768485915492956 0.12529342723004694 0.14656690140845072 0.1273474178403756 
0 0.1795774647887324 0.24501173708920188 0.14084507042253522 0.12030516431924883 
0 0.1736355633802817 0.11795774647887323 0.15272887323943662 0.12793427230046947 
0 0.053036971830985914 0.3028169014084507 0.1034330985915493 0.08098591549295775 
0 0.051056338028169015 0.21332159624413147 0.10123239436619719 0.08626760563380281 
0 0.048195422535211266 0.11795774647887323 0.09551056338028169 0.1068075117370892 
0 0.3512323943661972 0.6519953051643192 0.09683098591549295 0.08333333333333333 
0 0.17913732394366197 0.37470657276995306 0.13996478873239437 0.10974178403755869 
0 0.5990316901408451 0.3629694835680751 0.13204225352112675 0.11326291079812206 
0 0.053257042253521125 0.38673708920187794 0.1056338028169014 0.08450704225352113 
0 0.7077464788732394 0.24266431924882628 0.07922535211267606 0.0721830985915493 
0 0.707306338028169 0.1693075117370892 0.08274647887323944 0.056924882629107984 
0 0.22359154929577466 0.8016431924882629 0.14964788732394366 0.1068075117370892 
0 0.22579225352112675 0.6886737089201878 0.14964788732394366 0.10387323943661972 
0 0.22315140845070422 0.5742370892018779 0.1505281690140845 0.125 
0 0.07020246478873239 0.8083920187793427 0.13952464788732394 0.10856807511737089 
0 0.07306338028169014 0.5724765258215962 0.14524647887323944 0.13321596244131456 
0 0.9113116197183099 0.386443661971831 0.09463028169014084 0.06631455399061033 
0 0.07350352112676056 0.6974765258215962 0.14612676056338028 0.1073943661971831 
0 0.9148327464788732 0.24559859154929578 0.09463028169014084 0.0721830985915493 
0 0.9148327464788732 0.16960093896713616 0.09903169014084508 0.06572769953051644 
0 0.8036971830985915 0.38497652582159625 0.09683098591549295 0.05985915492957746 
0 0.7997359154929577 0.3174882629107981 0.09154929577464789 0.06338028169014084 
0 0.8008362676056338 0.1742957746478873 0.09815140845070422 0.06455399061032864 
0 0.7095070422535211 0.3840962441314554 0.0801056338028169 0.06748826291079812 
0 0.7077464788732394 0.31514084507042256 0.0818661971830986 0.05868544600938967 
0 0.9152728873239436 0.31690140845070425 0.09815140845070422 0.06455399061032864 
0 0.6577904929577465 0.5551643192488263 0.10871478873239436 0.0715962441314554 
0 0.6533890845070423 0.8089788732394366 0.10255281690140845 0.06631455399061033 
0 0.6533890845070423 0.7482394366197183 0.09991197183098592 0.0528169014084507 
0 0.6599911971830986 0.693075117370892 0.10695422535211267 0.06572769953051644 
0 0.6560299295774648 0.624706572769953 0.1034330985915493 0.0733568075117371 
0 0.5517165492957746 0.8016431924882629 0.09022887323943662 0.08685446009389672 
0 0.453125 0.545481220657277 0.09815140845070422 0.08509389671361503 
0 0.5484154929577465 0.636443661971831 0.09683098591549295 0.07922535211267606 
0 0.5492957746478874 0.5478286384976526 0.09683098591549295 0.09213615023474178 
0 0.45356514084507044 0.8125 0.10783450704225352 0.08509389671361503 
0 0.45048415492957744 0.7194835680751174 0.09463028169014084 0.09507042253521127 
0 0.4498239436619718 0.6358568075117371 0.0977112676056338 0.08039906103286384 
0 0.7638644366197183 0.5616197183098591 0.09463028169014084 0.07629107981220658 
0 0.5517165492957746 0.7150821596244131 0.09903169014084508 0.07805164319248827 
0 0.7605633802816901 0.6299882629107981 0.09683098591549295 0.06631455399061033 
0 0.9826144366197183 0.3890845070422535 0.03477112676056338 0.0715962441314554 
0 0.7678257042253521 0.744424882629108 0.09110915492957747 0.06044600938967136 
0 0.34815140845070425 0.8163145539906104 0.09242957746478873 0.08333333333333333 
0 0.9826144366197183 0.3198356807511737 0.03477112676056338 0.056338028169014086 
0 0.984375 0.2494131455399061 0.03125 0.05868544600938967 
0 0.9826144366197183 0.1795774647887324 0.03477112676056338 0.0539906103286385 
0 0.10585387323943662 0.9665492957746479 0.14040492957746478 0.06690140845070422 
0 0.24405809859154928 0.9606807511737089 0.1307218309859155 0.06455399061032864 
0 0.7693661971830986 0.687206572769953 0.09242957746478873 0.04812206572769953 
0 0.5191461267605634 0.9636150234741784 0.1307218309859155 0.06455399061032864 
0 0.8580545774647887 0.8075117370892019 0.08670774647887323 0.0539906103286385 
0 0.8580545774647887 0.7488262910798122 0.08054577464788733 0.0539906103286385 
0 0.8598151408450704 0.6895539906103286 0.08582746478873239 0.05868544600938967 
0 0.862455985915493 0.6279342723004695 0.08934859154929578 0.06455399061032864 
0 0.8613556338028169 0.5630868544600939 0.08890845070422536 0.061619718309859156 
0 0.7612235915492958 0.8089788732394366 0.10255281690140845 0.06631455399061033 
0 0.6670334507042254 0.9782863849765259 0.1386443661971831 0.04342723004694836 
0 0.34903169014084506 0.7365023474178404 0.09242957746478873 0.07629107981220658 
0 0.8001760563380281 0.24559859154929578 0.09683098591549295 0.07453051643192488 
0 0.3485915492957746 0.5619131455399061 0.09154929577464789 0.09096244131455399 
0 0.597931338028169 0.13497652582159625 0.1386443661971831 0.1056338028169014 
0 0.4581866197183099 0.3591549295774648 0.12764084507042253 0.11737089201877934 
0 0.453125 0.26672535211267606 0.1131161971830986 0.0733568075117371 
0 0.4482834507042254 0.19131455399061034 0.09903169014084508 0.06338028169014084 
0 0.3206426056338028 0.363556338028169 0.13424295774647887 0.10856807511737089 
0 0.3221830985915493 0.24618544600938966 0.14172535211267606 0.11443661971830986 
0 0.5944102112676056 0.25 0.1430457746478873 0.1068075117370892 
0 0.32768485915492956 0.12529342723004694 0.14656690140845072 0.1273474178403756 
0 0.1795774647887324 0.24501173708920188 0.14084507042253522 0.12030516431924883 
0 0.1736355633802817 0.11795774647887323 0.15272887323943662 0.12793427230046947 
0 0.053036971830985914 0.3028169014084507 0.1034330985915493 0.08098591549295775 
0 0.051056338028169015 0.21332159624413147 0.10123239436619719 0.08626760563380281 
0 0.048195422535211266 0.11795774647887323 0.09551056338028169 0.1068075117370892 
0 0.3512323943661972 0.6519953051643192 0.09683098591549295 0.08333333333333333 
0 0.17913732394366197 0.37470657276995306 0.13996478873239437 0.10974178403755869 
0 0.5990316901408451 0.3629694835680751 0.13204225352112675 0.11326291079812206 
0 0.053257042253521125 0.38673708920187794 0.1056338028169014 0.08450704225352113 
0 0.7077464788732394 0.24266431924882628 0.07922535211267606 0.0721830985915493 
0 0.707306338028169 0.1693075117370892 0.08274647887323944 0.056924882629107984 
0 0.22359154929577466 0.8016431924882629 0.14964788732394366 0.1068075117370892 
0 0.22579225352112675 0.6886737089201878 0.14964788732394366 0.10387323943661972 
0 0.22315140845070422 0.5742370892018779 0.1505281690140845 0.125 
0 0.07020246478873239 0.8083920187793427 0.13952464788732394 0.10856807511737089 
0 0.07306338028169014 0.5724765258215962 0.14524647887323944 0.13321596244131456 
0 0.9113116197183099 0.386443661971831 0.09463028169014084 0.06631455399061033 
0 0.07350352112676056 0.6974765258215962 0.14612676056338028 0.1073943661971831 
0 0.9148327464788732 0.24559859154929578 0.09463028169014084 0.0721830985915493 
0 0.9148327464788732 0.16960093896713616 0.09903169014084508 0.06572769953051644 
0 0.8036971830985915 0.38497652582159625 0.09683098591549295 0.05985915492957746 
0 0.7997359154929577 0.3174882629107981 0.09154929577464789 0.06338028169014084 
0 0.8008362676056338 0.1742957746478873 0.09815140845070422 0.06455399061032864 
0 0.7095070422535211 0.3840962441314554 0.0801056338028169 0.06748826291079812 
0 0.7077464788732394 0.31514084507042256 0.0818661971830986 0.05868544600938967 
0 0.9152728873239436 0.31690140845070425 0.09815140845070422 0.06455399061032864 
0 0.6577904929577465 0.5551643192488263 0.10871478873239436 0.0715962441314554 
0 0.6533890845070423 0.8089788732394366 0.10255281690140845 0.06631455399061033 
0 0.6533890845070423 0.7482394366197183 0.09991197183098592 0.0528169014084507 
0 0.6599911971830986 0.693075117370892 0.10695422535211267 0.06572769953051644 
0 0.6560299295774648 0.624706572769953 0.1034330985915493 0.0733568075117371 
0 0.5517165492957746 0.8016431924882629 0.09022887323943662 0.08685446009389672 
0 0.453125 0.545481220657277 0.09815140845070422 0.08509389671361503 
0 0.5484154929577465 0.636443661971831 0.09683098591549295 0.07922535211267606 
0 0.5492957746478874 0.5478286384976526 0.09683098591549295 0.09213615023474178 
0 0.45356514084507044 0.8125 0.10783450704225352 0.08509389671361503 
0 0.45048415492957744 0.7194835680751174 0.09463028169014084 0.09507042253521127 
0 0.4498239436619718 0.6358568075117371 0.0977112676056338 0.08039906103286384 
0 0.7638644366197183 0.5616197183098591 0.09463028169014084 0.07629107981220658 
0 0.5517165492957746 0.7150821596244131 0.09903169014084508 0.07805164319248827 
0 0.7605633802816901 0.6299882629107981 0.09683098591549295 0.06631455399061033 
0 0.9826144366197183 0.3890845070422535 0.03477112676056338 0.0715962441314554 
0 0.7678257042253521 0.744424882629108 0.09110915492957747 0.06044600938967136 
0 0.34815140845070425 0.8163145539906104 0.09242957746478873 0.08333333333333333 
0 0.9826144366197183 0.3198356807511737 0.03477112676056338 0.056338028169014086 
0 0.984375 0.2494131455399061 0.03125 0.05868544600938967 
0 0.9826144366197183 0.1795774647887324 0.03477112676056338 0.0539906103286385 
0 0.10585387323943662 0.9665492957746479 0.14040492957746478 0.06690140845070422 
0 0.24405809859154928 0.9606807511737089 0.1307218309859155 0.06455399061032864 
0 0.7693661971830986 0.687206572769953 0.09242957746478873 0.04812206572769953 
0 0.5191461267605634 0.9636150234741784 0.1307218309859155 0.06455399061032864 
0 0.8580545774647887 0.8075117370892019 0.08670774647887323 0.0539906103286385 
0 0.8580545774647887 0.7488262910798122 0.08054577464788733 0.0539906103286385 
0 0.8598151408450704 0.6895539906103286 0.08582746478873239 0.05868544600938967 
0 0.862455985915493 0.6279342723004695 0.08934859154929578 0.06455399061032864 
0 0.8613556338028169 0.5630868544600939 0.08890845070422536 0.061619718309859156 
0 0.7612235915492958 0.8089788732394366 0.10255281690140845 0.06631455399061033 
0 0.6670334507042254 0.9782863849765259 0.1386443661971831 0.04342723004694836 
0 0.34903169014084506 0.7365023474178404 0.09242957746478873 0.07629107981220658 
0 0.8001760563380281 0.24559859154929578 0.09683098591549295 0.07453051643192488 
0 0.3485915492957746 0.5619131455399061 0.09154929577464789 0.09096244131455399 
0 0.597931338028169 0.13497652582159625 0.1386443661971831 0.1056338028169014 
0 0.4581866197183099 0.3591549295774648 0.12764084507042253 0.11737089201877934 
0 0.453125 0.26672535211267606 0.1131161971830986 0.0733568075117371 
0 0.4482834507042254 0.19131455399061034 0.09903169014084508 0.06338028169014084 
0 0.3206426056338028 0.363556338028169 0.13424295774647887 0.10856807511737089 
0 0.3221830985915493 0.24618544600938966 0.14172535211267606 0.11443661971830986 
0 0.5944102112676056 0.25 0.1430457746478873 0.1068075117370892 
0 0.32768485915492956 0.12529342723004694 0.14656690140845072 0.1273474178403756 
0 0.1795774647887324 0.24501173708920188 0.14084507042253522 0.12030516431924883 
0 0.1736355633802817 0.11795774647887323 0.15272887323943662 0.12793427230046947 
0 0.053036971830985914 0.3028169014084507 0.1034330985915493 0.08098591549295775 
0 0.051056338028169015 0.21332159624413147 0.10123239436619719 0.08626760563380281 
0 0.048195422535211266 0.11795774647887323 0.09551056338028169 0.1068075117370892 
0 0.3512323943661972 0.6519953051643192 0.09683098591549295 0.08333333333333333 
0 0.17913732394366197 0.37470657276995306 0.13996478873239437 0.10974178403755869 
0 0.5990316901408451 0.3629694835680751 0.13204225352112675 0.11326291079812206 
0 0.053257042253521125 0.38673708920187794 0.1056338028169014 0.08450704225352113 
0 0.7077464788732394 0.24266431924882628 0.07922535211267606 0.0721830985915493 
0 0.707306338028169 0.1693075117370892 0.08274647887323944 0.056924882629107984 
0 0.22359154929577466 0.8016431924882629 0.14964788732394366 0.1068075117370892 
0 0.22579225352112675 0.6886737089201878 0.14964788732394366 0.10387323943661972 
0 0.22315140845070422 0.5742370892018779 0.1505281690140845 0.125 
0 0.07020246478873239 0.8083920187793427 0.13952464788732394 0.10856807511737089 
0 0.07306338028169014 0.5724765258215962 0.14524647887323944 0.13321596244131456 
0 0.9113116197183099 0.386443661971831 0.09463028169014084 0.06631455399061033 
0 0.07350352112676056 0.6974765258215962 0.14612676056338028 0.1073943661971831 
0 0.9148327464788732 0.24559859154929578 0.09463028169014084 0.0721830985915493 
0 0.9148327464788732 0.16960093896713616 0.09903169014084508 0.06572769953051644 
0 0.8036971830985915 0.38497652582159625 0.09683098591549295 0.05985915492957746 
0 0.7997359154929577 0.3174882629107981 0.09154929577464789 0.06338028169014084 
0 0.8008362676056338 0.1742957746478873 0.09815140845070422 0.06455399061032864 
0 0.7095070422535211 0.3840962441314554 0.0801056338028169 0.06748826291079812 
0 0.7077464788732394 0.31514084507042256 0.0818661971830986 0.05868544600938967 
0 0.9152728873239436 0.31690140845070425 0.09815140845070422 0.06455399061032864 
