0 0.028169014084507043 0.9002347417840375 0.05193661971830986 0.19131455399061034 
0 0.894806338028169 0.8814553990610329 0.0721830985915493 0.18779342723004694 
0 0.047755281690140844 0.6672535211267606 0.09022887323943662 0.1643192488262911 
0 0.02992957746478873 0.43045774647887325 0.0528169014084507 0.18603286384976525 
0 0.026848591549295774 0.18838028169014084 0.0528169014084507 0.14788732394366197 
0 0.633362676056338 0.6631455399061033 0.0897887323943662 0.1607981220657277 
0 0.5299295774647887 0.6637323943661971 0.10475352112676056 0.16314553990610328 
0 0.6254401408450704 0.44014084507042256 0.09683098591549295 0.1936619718309859 
0 0.715669014084507 0.4345657276995305 0.07658450704225352 0.21889671361502347 
0 0.18794014084507044 0.6628521126760564 0.14612676056338028 0.17312206572769953 
0 0.22095070422535212 0.4251760563380282 0.11091549295774648 0.22007042253521128 
0 0.3091989436619718 0.6681338028169014 0.08670774647887323 0.15669014084507044 
0 0.40316901408450706 0.664612676056338 0.09859154929577464 0.1637323943661972 
0 0.815580985915493 0.659330985915493 0.0818661971830986 0.1426056338028169 
0 0.518705985915493 0.44160798122065725 0.11223591549295775 0.19072769953051644 
0 0.9055897887323944 0.44072769953051644 0.1034330985915493 0.18661971830985916 
0 0.11091549295774648 0.426056338028169 0.10211267605633803 0.18896713615023475 
0 0.1131161971830986 0.19718309859154928 0.1329225352112676 0.12793427230046947 
0 0.8122799295774648 0.8867370892018779 0.08582746478873239 0.19483568075117372 
0 0.10849471830985916 0.9025821596244131 0.10255281690140845 0.18661971830985916 
0 0.20906690140845072 0.9151995305164319 0.09330985915492958 0.16960093896713616 
0 0.2986355633802817 0.9157863849765259 0.08582746478873239 0.16842723004694835 
0 0.46588908450704225 0.897887323943662 0.09463028169014084 0.1936619718309859 
0 0.5521566901408451 0.8999413145539906 0.07350352112676056 0.19190140845070422 
0 0.37962147887323944 0.908744131455399 0.07086267605633803 0.18251173708920188 
0 0.6313820422535211 0.8996478873239436 0.0761443661971831 0.2007042253521127 
0 0.8030369718309859 0.43485915492957744 0.08934859154929578 0.215962441314554 
0 0.6203785211267606 0.20892018779342722 0.15977112676056338 0.1572769953051643 
0 0.7268926056338029 0.6599178403755869 0.08934859154929578 0.14964788732394366 
0 0.9042693661971831 0.6581572769953051 0.08934859154929578 0.1414319248826291 
0 0.7194102112676056 0.897887323943662 0.08934859154929578 0.18779342723004694 
0 0.33758802816901406 0.43779342723004694 0.11795774647887323 0.2007042253521127 
0 0.028169014084507043 0.9002347417840375 0.05193661971830986 0.19131455399061034 
0 0.894806338028169 0.8814553990610329 0.0721830985915493 0.18779342723004694 
0 0.047755281690140844 0.6672535211267606 0.09022887323943662 0.1643192488262911 
0 0.02992957746478873 0.43045774647887325 0.0528169014084507 0.18603286384976525 
0 0.026848591549295774 0.18838028169014084 0.0528169014084507 0.14788732394366197 
0 0.633362676056338 0.6631455399061033 0.0897887323943662 0.1607981220657277 
0 0.5299295774647887 0.6637323943661971 0.10475352112676056 0.16314553990610328 
0 0.6254401408450704 0.44014084507042256 0.09683098591549295 0.1936619718309859 
0 0.715669014084507 0.4345657276995305 0.07658450704225352 0.21889671361502347 
0 0.18794014084507044 0.6628521126760564 0.14612676056338028 0.17312206572769953 
0 0.22095070422535212 0.4251760563380282 0.11091549295774648 0.22007042253521128 
0 0.3091989436619718 0.6681338028169014 0.08670774647887323 0.15669014084507044 
0 0.40316901408450706 0.664612676056338 0.09859154929577464 0.1637323943661972 
0 0.815580985915493 0.659330985915493 0.0818661971830986 0.1426056338028169 
0 0.518705985915493 0.44160798122065725 0.11223591549295775 0.19072769953051644 
0 0.9055897887323944 0.44072769953051644 0.1034330985915493 0.18661971830985916 
0 0.11091549295774648 0.426056338028169 0.10211267605633803 0.18896713615023475 
0 0.1131161971830986 0.19718309859154928 0.1329225352112676 0.12793427230046947 
0 0.8122799295774648 0.8867370892018779 0.08582746478873239 0.19483568075117372 
0 0.10849471830985916 0.9025821596244131 0.10255281690140845 0.18661971830985916 
0 0.20906690140845072 0.9151995305164319 0.09330985915492958 0.16960093896713616 
0 0.2986355633802817 0.9157863849765259 0.08582746478873239 0.16842723004694835 
0 0.46588908450704225 0.897887323943662 0.09463028169014084 0.1936619718309859 
0 0.5521566901408451 0.8999413145539906 0.07350352112676056 0.19190140845070422 
0 0.37962147887323944 0.908744131455399 0.07086267605633803 0.18251173708920188 
0 0.6313820422535211 0.8996478873239436 0.0761443661971831 0.2007042253521127 
0 0.8030369718309859 0.43485915492957744 0.08934859154929578 0.215962441314554 
0 0.6203785211267606 0.20892018779342722 0.15977112676056338 0.1572769953051643 
0 0.7268926056338029 0.6599178403755869 0.08934859154929578 0.14964788732394366 
0 0.9042693661971831 0.6581572769953051 0.08934859154929578 0.1414319248826291 
0 0.7194102112676056 0.897887323943662 0.08934859154929578 0.18779342723004694 
0 0.33758802816901406 0.43779342723004694 0.11795774647887323 0.2007042253521127 
0 0.028169014084507043 0.9002347417840375 0.05193661971830986 0.19131455399061034 
0 0.894806338028169 0.8814553990610329 0.0721830985915493 0.18779342723004694 
0 0.047755281690140844 0.6672535211267606 0.09022887323943662 0.1643192488262911 
0 0.02992957746478873 0.43045774647887325 0.0528169014084507 0.18603286384976525 
0 0.026848591549295774 0.18838028169014084 0.0528169014084507 0.14788732394366197 
0 0.633362676056338 0.6631455399061033 0.0897887323943662 0.1607981220657277 
0 0.5299295774647887 0.6637323943661971 0.10475352112676056 0.16314553990610328 
0 0.6254401408450704 0.44014084507042256 0.09683098591549295 0.1936619718309859 
0 0.715669014084507 0.4345657276995305 0.07658450704225352 0.21889671361502347 
0 0.18794014084507044 0.6628521126760564 0.14612676056338028 0.17312206572769953 
0 0.22095070422535212 0.4251760563380282 0.11091549295774648 0.22007042253521128 
0 0.3091989436619718 0.6681338028169014 0.08670774647887323 0.15669014084507044 
0 0.40316901408450706 0.664612676056338 0.09859154929577464 0.1637323943661972 
0 0.815580985915493 0.659330985915493 0.0818661971830986 0.1426056338028169 
0 0.518705985915493 0.44160798122065725 0.11223591549295775 0.19072769953051644 
0 0.9055897887323944 0.44072769953051644 0.1034330985915493 0.18661971830985916 
0 0.11091549295774648 0.426056338028169 0.10211267605633803 0.18896713615023475 
0 0.1131161971830986 0.19718309859154928 0.1329225352112676 0.12793427230046947 
0 0.8122799295774648 0.8867370892018779 0.08582746478873239 0.19483568075117372 
0 0.10849471830985916 0.9025821596244131 0.10255281690140845 0.18661971830985916 
0 0.20906690140845072 0.9151995305164319 0.09330985915492958 0.16960093896713616 
0 0.2986355633802817 0.9157863849765259 0.08582746478873239 0.16842723004694835 
0 0.46588908450704225 0.897887323943662 0.09463028169014084 0.1936619718309859 
0 0.5521566901408451 0.8999413145539906 0.07350352112676056 0.19190140845070422 
0 0.37962147887323944 0.908744131455399 0.07086267605633803 0.18251173708920188 
0 0.6313820422535211 0.8996478873239436 0.0761443661971831 0.2007042253521127 
0 0.8030369718309859 0.43485915492957744 0.08934859154929578 0.215962441314554 
0 0.6203785211267606 0.20892018779342722 0.15977112676056338 0.1572769953051643 
0 0.7268926056338029 0.6599178403755869 0.08934859154929578 0.14964788732394366 
0 0.9042693661971831 0.6581572769953051 0.08934859154929578 0.1414319248826291 
0 0.7194102112676056 0.897887323943662 0.08934859154929578 0.18779342723004694 
0 0.33758802816901406 0.43779342723004694 0.11795774647887323 0.2007042253521127 
