0 0.7755281690140845 0.33274647887323944 0.06954225352112677 0.3345070422535211 
0 0.8701584507042254 0.3591549295774648 0.0801056338028169 0.357981220657277 
0 0.9566461267605634 0.36208920187793425 0.08582746478873239 0.357981220657277 
0 0.019586267605633804 0.6563967136150235 0.03829225352112676 0.2916666666666667 
0 0.07350352112676056 0.6613849765258216 0.07130281690140845 0.2992957746478873 
0 0.14502640845070422 0.6745892018779343 0.06910211267605634 0.31396713615023475 
0 0.2205105633802817 0.6813380281690141 0.06602112676056338 0.30985915492957744 
0 0.28807218309859156 0.7024647887323944 0.06029929577464789 0.3227699530516432 
0 0.3657570422535211 0.7194835680751174 0.06602112676056338 0.31572769953051644 
0 0.5305897887323944 0.7238849765258216 0.05941901408450704 0.33039906103286387 
0 0.6045334507042254 0.7276995305164319 0.0682218309859155 0.3368544600938967 
0 0.686399647887324 0.7599765258215962 0.08494718309859155 0.357981220657277 
0 0.8576144366197183 0.7761150234741784 0.07702464788732394 0.3550469483568075 
0 0.9570862676056338 0.7825704225352113 0.0761443661971831 0.3362676056338028 
0 0.5400528169014085 0.3145539906103286 0.0625 0.3274647887323944 
0 0.4663292253521127 0.29225352112676056 0.06029929577464789 0.3215962441314554 
0 0.3805017605633803 0.29988262910798125 0.07174295774647887 0.3474178403755869 
0 0.30303697183098594 0.2904929577464789 0.07262323943661972 0.3345070422535211 
0 0.230193661971831 0.28080985915492956 0.061619718309859156 0.3268779342723005 
0 0.1542693661971831 0.2743544600938967 0.0682218309859155 0.3257042253521127 
0 0.07680457746478873 0.2681924882629108 0.06734154929577464 0.3227699530516432 
0 0.6985035211267606 0.32423708920187794 0.06514084507042253 0.3257042253521127 
0 0.7759683098591549 0.7708333333333334 0.08098591549295775 0.3597417840375587 
0 0.021786971830985914 0.2705399061032864 0.042693661971830985 0.31572769953051644 
0 0.6175176056338029 0.3301056338028169 0.06602112676056338 0.3257042253521127 
0 0.7755281690140845 0.33274647887323944 0.06954225352112677 0.3345070422535211 
0 0.8701584507042254 0.3591549295774648 0.0801056338028169 0.357981220657277 
0 0.9566461267605634 0.36208920187793425 0.08582746478873239 0.357981220657277 
0 0.019586267605633804 0.6563967136150235 0.03829225352112676 0.2916666666666667 
0 0.07350352112676056 0.6613849765258216 0.07130281690140845 0.2992957746478873 
0 0.14502640845070422 0.6745892018779343 0.06910211267605634 0.31396713615023475 
0 0.2205105633802817 0.6813380281690141 0.06602112676056338 0.30985915492957744 
0 0.28807218309859156 0.7024647887323944 0.06029929577464789 0.3227699530516432 
0 0.3657570422535211 0.7194835680751174 0.06602112676056338 0.31572769953051644 
0 0.5305897887323944 0.7238849765258216 0.05941901408450704 0.33039906103286387 
0 0.6045334507042254 0.7276995305164319 0.0682218309859155 0.3368544600938967 
0 0.686399647887324 0.7599765258215962 0.08494718309859155 0.357981220657277 
0 0.8576144366197183 0.7761150234741784 0.07702464788732394 0.3550469483568075 
0 0.9570862676056338 0.7825704225352113 0.0761443661971831 0.3362676056338028 
0 0.5400528169014085 0.3145539906103286 0.0625 0.3274647887323944 
0 0.4663292253521127 0.29225352112676056 0.06029929577464789 0.3215962441314554 
0 0.3805017605633803 0.29988262910798125 0.07174295774647887 0.3474178403755869 
0 0.30303697183098594 0.2904929577464789 0.07262323943661972 0.3345070422535211 
0 0.230193661971831 0.28080985915492956 0.061619718309859156 0.3268779342723005 
0 0.1542693661971831 0.2743544600938967 0.0682218309859155 0.3257042253521127 
0 0.07680457746478873 0.2681924882629108 0.06734154929577464 0.3227699530516432 
0 0.6985035211267606 0.32423708920187794 0.06514084507042253 0.3257042253521127 
0 0.7759683098591549 0.7708333333333334 0.08098591549295775 0.3597417840375587 
0 0.021786971830985914 0.2705399061032864 0.042693661971830985 0.31572769953051644 
0 0.6175176056338029 0.3301056338028169 0.06602112676056338 0.3257042253521127 
0 0.7755281690140845 0.33274647887323944 0.06954225352112677 0.3345070422535211 
0 0.8701584507042254 0.3591549295774648 0.0801056338028169 0.357981220657277 
0 0.9566461267605634 0.36208920187793425 0.08582746478873239 0.357981220657277 
0 0.019586267605633804 0.6563967136150235 0.03829225352112676 0.2916666666666667 
0 0.07350352112676056 0.6613849765258216 0.07130281690140845 0.2992957746478873 
0 0.14502640845070422 0.6745892018779343 0.06910211267605634 0.31396713615023475 
0 0.2205105633802817 0.6813380281690141 0.06602112676056338 0.30985915492957744 
0 0.28807218309859156 0.7024647887323944 0.06029929577464789 0.3227699530516432 
0 0.3657570422535211 0.7194835680751174 0.06602112676056338 0.31572769953051644 
0 0.5305897887323944 0.7238849765258216 0.05941901408450704 0.33039906103286387 
0 0.6045334507042254 0.7276995305164319 0.0682218309859155 0.3368544600938967 
0 0.686399647887324 0.7599765258215962 0.08494718309859155 0.357981220657277 
0 0.8576144366197183 0.7761150234741784 0.07702464788732394 0.3550469483568075 
0 0.9570862676056338 0.7825704225352113 0.0761443661971831 0.3362676056338028 
0 0.5400528169014085 0.3145539906103286 0.0625 0.3274647887323944 
0 0.4663292253521127 0.29225352112676056 0.06029929577464789 0.3215962441314554 
0 0.3805017605633803 0.29988262910798125 0.07174295774647887 0.3474178403755869 
0 0.30303697183098594 0.2904929577464789 0.07262323943661972 0.3345070422535211 
0 0.230193661971831 0.28080985915492956 0.061619718309859156 0.3268779342723005 
0 0.1542693661971831 0.2743544600938967 0.0682218309859155 0.3257042253521127 
0 0.07680457746478873 0.2681924882629108 0.06734154929577464 0.3227699530516432 
0 0.6985035211267606 0.32423708920187794 0.06514084507042253 0.3257042253521127 
0 0.7759683098591549 0.7708333333333334 0.08098591549295775 0.3597417840375587 
0 0.021786971830985914 0.2705399061032864 0.042693661971830985 0.31572769953051644 
0 0.6175176056338029 0.3301056338028169 0.06602112676056338 0.3257042253521127 
