0 0.12962147887323944 0.9697769953051644 0.10695422535211267 0.06044600938967136 
0 0.04929577464788732 0.8386150234741784 0.0977112676056338 0.06572769953051644 
0 0.24559859154929578 0.9706572769953051 0.1056338028169014 0.05868544600938967 
0 0.355193661971831 0.966255868544601 0.0977112676056338 0.06748826291079812 
0 0.8180017605633803 0.7708333333333334 0.08582746478873239 0.04518779342723005 
0 0.26826584507042256 0.73268779342723 0.1113556338028169 0.10387323943661972 
0 0.7165492957746479 0.7860915492957746 0.10827464788732394 0.05927230046948357 
0 0.7079665492957746 0.8518192488262911 0.09903169014084508 0.06044600938967136 
0 0.49625880281690143 0.7852112676056338 0.10607394366197183 0.06103286384976526 
0 0.610475352112676 0.7855046948356808 0.10035211267605634 0.05457746478873239 
0 0.4966989436619718 0.8488849765258216 0.1034330985915493 0.06514084507042253 
0 0.27002640845070425 0.8186619718309859 0.10607394366197183 0.05868544600938967 
0 0.6897007042253521 0.12969483568075119 0.10211267605633803 0.10446009389671361 
0 0.37940140845070425 0.8083920187793427 0.10651408450704225 0.061619718309859156 
0 0.0448943661971831 0.7018779342723005 0.08890845070422536 0.0892018779342723 
0 0.7121478873239436 0.6314553990610329 0.10123239436619719 0.03403755868544601 
0 0.6060739436619719 0.73268779342723 0.10211267605633803 0.051056338028169015 
0 0.6824383802816901 0.9724178403755869 0.11223591549295775 0.05516431924882629 
0 0.5682218309859155 0.9694835680751174 0.11443661971830986 0.06103286384976526 
0 0.4570862676056338 0.9694835680751174 0.09022887323943662 0.06103286384976526 
0 0.9306778169014085 0.6657863849765259 0.08934859154929578 0.034624413145539906 
0 0.9163732394366197 0.6285211267605634 0.10035211267605634 0.03403755868544601 
0 0.8151408450704225 0.6314553990610329 0.10211267605633803 0.036384976525821594 
0 0.048195422535211266 0.7802230046948356 0.08670774647887323 0.061619718309859156 
0 0.6038732394366197 0.8538732394366197 0.10915492957746478 0.05868544600938967 
0 0.39370598591549294 0.5654342723004695 0.10255281690140845 0.03345070422535211 
0 0.3882042253521127 0.6029929577464789 0.10915492957746478 0.03814553990610329 
0 0.16637323943661972 0.6073943661971831 0.11003521126760564 0.04107981220657277 
0 0.048195422535211266 0.6329225352112676 0.09375 0.03931924882629108 
0 0.04753521126760563 0.09242957746478873 0.09242957746478873 0.0733568075117371 
0 0.09110915492957747 0.18104460093896713 0.12411971830985916 0.056924882629107984 
0 0.2814700704225352 0.568368544600939 0.10695422535211267 0.03931924882629108 
0 0.8501320422535211 0.2596830985915493 0.12455985915492958 0.10856807511737089 
0 0.15118838028169015 0.7690727699530516 0.11223591549295775 0.0721830985915493 
0 0.7123679577464789 0.670481220657277 0.10519366197183098 0.03227699530516432 
0 0.7057658450704225 0.4119718309859155 0.1580105633802817 0.11737089201877934 
0 0.3912852112676056 0.2778755868544601 0.14700704225352113 0.07805164319248827 
0 0.09551056338028169 0.33274647887323944 0.13996478873239437 0.07394366197183098 
0 0.23899647887323944 0.2802230046948357 0.14964788732394366 0.07570422535211267 
0 0.5488556338028169 0.3086854460093897 0.15933098591549297 0.12206572769953052 
0 0.24515845070422534 0.3456572769953052 0.15492957746478872 0.07746478873239436 
0 0.39942781690140844 0.4240023474178404 0.14392605633802816 0.07570422535211267 
0 0.23789612676056338 0.125 0.16329225352112675 0.09272300469483569 
0 0.1544894366197183 0.8333333333333334 0.11883802816901408 0.07276995305164319 
0 0.5442341549295775 0.4125586854460094 0.14040492957746478 0.10446009389671361 
0 0.2383362676056338 0.20422535211267606 0.15360915492957747 0.07511737089201878 
0 0.24911971830985916 0.4193075117370892 0.15404929577464788 0.07922535211267606 
0 0.3945862676056338 0.20187793427230047 0.14656690140845072 0.08568075117370892 
0 0.10013204225352113 0.41431924882629106 0.14568661971830985 0.08685446009389672 
0 0.3939260563380282 0.11561032863849766 0.14788732394366197 0.08215962441314555 
0 0.8602552816901409 0.3961267605633803 0.15096830985915494 0.14906103286384975 
0 0.39502640845070425 0.35357981220657275 0.14128521126760563 0.07570422535211267 
0 0.555237676056338 0.16461267605633803 0.1641725352112676 0.15786384976525822 
0 0.4966989436619718 0.6549295774647887 0.10519366197183098 0.07746478873239436 
0 0.1525088028169014 0.6886737089201878 0.12015845070422536 0.1073943661971831 
0 0.2735475352112676 0.6314553990610329 0.10255281690140845 0.08333333333333333 
0 0.7185299295774648 0.715669014084507 0.09991197183098592 0.05575117370892019 
0 0.825044014084507 0.6977699530516432 0.10871478873239436 0.09741784037558686 
0 0.6056338028169014 0.6784037558685446 0.09595070422535211 0.0539906103286385 
0 0.7161091549295775 0.28374413145539906 0.1637323943661972 0.15434272300469484 
0 0.9375 0.7115610328638498 0.09330985915492958 0.0534037558685446 
0 0.3831426056338028 0.7461854460093896 0.11223591549295775 0.05927230046948357 
0 0.49625880281690143 0.721830985915493 0.10167253521126761 0.0528169014084507 
0 0.9201144366197183 0.7723004694835681 0.10167253521126761 0.051643192488262914 
0 0.8078785211267606 0.8374413145539906 0.09463028169014084 0.056338028169014086 
0 0.9152728873239436 0.835387323943662 0.10871478873239436 0.06279342723004695 
0 0.09044894366197183 0.2535211267605634 0.1430457746478873 0.08215962441314555 
0 0.38358274647887325 0.6678403755868545 0.1131161971830986 0.09154929577464789 
0 0.03983274647887324 0.9650821596244131 0.0682218309859155 0.0698356807511737 
0 0.12962147887323944 0.9697769953051644 0.10695422535211267 0.06044600938967136 
0 0.04929577464788732 0.8386150234741784 0.0977112676056338 0.06572769953051644 
0 0.24559859154929578 0.9706572769953051 0.1056338028169014 0.05868544600938967 
0 0.355193661971831 0.966255868544601 0.0977112676056338 0.06748826291079812 
0 0.8180017605633803 0.7708333333333334 0.08582746478873239 0.04518779342723005 
0 0.26826584507042256 0.73268779342723 0.1113556338028169 0.10387323943661972 
0 0.7165492957746479 0.7860915492957746 0.10827464788732394 0.05927230046948357 
0 0.7079665492957746 0.8518192488262911 0.09903169014084508 0.06044600938967136 
0 0.49625880281690143 0.7852112676056338 0.10607394366197183 0.06103286384976526 
0 0.610475352112676 0.7855046948356808 0.10035211267605634 0.05457746478873239 
0 0.4966989436619718 0.8488849765258216 0.1034330985915493 0.06514084507042253 
0 0.27002640845070425 0.8186619718309859 0.10607394366197183 0.05868544600938967 
0 0.6897007042253521 0.12969483568075119 0.10211267605633803 0.10446009389671361 
0 0.37940140845070425 0.8083920187793427 0.10651408450704225 0.061619718309859156 
0 0.0448943661971831 0.7018779342723005 0.08890845070422536 0.0892018779342723 
0 0.7121478873239436 0.6314553990610329 0.10123239436619719 0.03403755868544601 
0 0.6060739436619719 0.73268779342723 0.10211267605633803 0.051056338028169015 
0 0.6824383802816901 0.9724178403755869 0.11223591549295775 0.05516431924882629 
0 0.5682218309859155 0.9694835680751174 0.11443661971830986 0.06103286384976526 
0 0.4570862676056338 0.9694835680751174 0.09022887323943662 0.06103286384976526 
0 0.9306778169014085 0.6657863849765259 0.08934859154929578 0.034624413145539906 
0 0.9163732394366197 0.6285211267605634 0.10035211267605634 0.03403755868544601 
0 0.8151408450704225 0.6314553990610329 0.10211267605633803 0.036384976525821594 
0 0.048195422535211266 0.7802230046948356 0.08670774647887323 0.061619718309859156 
0 0.6038732394366197 0.8538732394366197 0.10915492957746478 0.05868544600938967 
0 0.39370598591549294 0.5654342723004695 0.10255281690140845 0.03345070422535211 
0 0.3882042253521127 0.6029929577464789 0.10915492957746478 0.03814553990610329 
0 0.16637323943661972 0.6073943661971831 0.11003521126760564 0.04107981220657277 
0 0.048195422535211266 0.6329225352112676 0.09375 0.03931924882629108 
0 0.04753521126760563 0.09242957746478873 0.09242957746478873 0.0733568075117371 
0 0.09110915492957747 0.18104460093896713 0.12411971830985916 0.056924882629107984 
0 0.2814700704225352 0.568368544600939 0.10695422535211267 0.03931924882629108 
0 0.8501320422535211 0.2596830985915493 0.12455985915492958 0.10856807511737089 
0 0.15118838028169015 0.7690727699530516 0.11223591549295775 0.0721830985915493 
0 0.7123679577464789 0.670481220657277 0.10519366197183098 0.03227699530516432 
0 0.7057658450704225 0.4119718309859155 0.1580105633802817 0.11737089201877934 
0 0.3912852112676056 0.2778755868544601 0.14700704225352113 0.07805164319248827 
0 0.09551056338028169 0.33274647887323944 0.13996478873239437 0.07394366197183098 
0 0.23899647887323944 0.2802230046948357 0.14964788732394366 0.07570422535211267 
0 0.5488556338028169 0.3086854460093897 0.15933098591549297 0.12206572769953052 
0 0.24515845070422534 0.3456572769953052 0.15492957746478872 0.07746478873239436 
0 0.39942781690140844 0.4240023474178404 0.14392605633802816 0.07570422535211267 
0 0.23789612676056338 0.125 0.16329225352112675 0.09272300469483569 
0 0.1544894366197183 0.8333333333333334 0.11883802816901408 0.07276995305164319 
0 0.5442341549295775 0.4125586854460094 0.14040492957746478 0.10446009389671361 
0 0.2383362676056338 0.20422535211267606 0.15360915492957747 0.07511737089201878 
0 0.24911971830985916 0.4193075117370892 0.15404929577464788 0.07922535211267606 
0 0.3945862676056338 0.20187793427230047 0.14656690140845072 0.08568075117370892 
0 0.10013204225352113 0.41431924882629106 0.14568661971830985 0.08685446009389672 
0 0.3939260563380282 0.11561032863849766 0.14788732394366197 0.08215962441314555 
0 0.8602552816901409 0.3961267605633803 0.15096830985915494 0.14906103286384975 
0 0.39502640845070425 0.35357981220657275 0.14128521126760563 0.07570422535211267 
0 0.555237676056338 0.16461267605633803 0.1641725352112676 0.15786384976525822 
0 0.4966989436619718 0.6549295774647887 0.10519366197183098 0.07746478873239436 
0 0.1525088028169014 0.6886737089201878 0.12015845070422536 0.1073943661971831 
0 0.2735475352112676 0.6314553990610329 0.10255281690140845 0.08333333333333333 
0 0.7185299295774648 0.715669014084507 0.09991197183098592 0.05575117370892019 
0 0.825044014084507 0.6977699530516432 0.10871478873239436 0.09741784037558686 
0 0.6056338028169014 0.6784037558685446 0.09595070422535211 0.0539906103286385 
0 0.7161091549295775 0.28374413145539906 0.1637323943661972 0.15434272300469484 
0 0.9375 0.7115610328638498 0.09330985915492958 0.0534037558685446 
0 0.3831426056338028 0.7461854460093896 0.11223591549295775 0.05927230046948357 
0 0.49625880281690143 0.721830985915493 0.10167253521126761 0.0528169014084507 
0 0.9201144366197183 0.7723004694835681 0.10167253521126761 0.051643192488262914 
0 0.8078785211267606 0.8374413145539906 0.09463028169014084 0.056338028169014086 
0 0.9152728873239436 0.835387323943662 0.10871478873239436 0.06279342723004695 
0 0.09044894366197183 0.2535211267605634 0.1430457746478873 0.08215962441314555 
0 0.38358274647887325 0.6678403755868545 0.1131161971830986 0.09154929577464789 
0 0.03983274647887324 0.9650821596244131 0.0682218309859155 0.0698356807511737 
0 0.12962147887323944 0.9697769953051644 0.10695422535211267 0.06044600938967136 
0 0.04929577464788732 0.8386150234741784 0.0977112676056338 0.06572769953051644 
0 0.24559859154929578 0.9706572769953051 0.1056338028169014 0.05868544600938967 
0 0.355193661971831 0.966255868544601 0.0977112676056338 0.06748826291079812 
0 0.8180017605633803 0.7708333333333334 0.08582746478873239 0.04518779342723005 
0 0.26826584507042256 0.73268779342723 0.1113556338028169 0.10387323943661972 
0 0.7165492957746479 0.7860915492957746 0.10827464788732394 0.05927230046948357 
0 0.7079665492957746 0.8518192488262911 0.09903169014084508 0.06044600938967136 
0 0.49625880281690143 0.7852112676056338 0.10607394366197183 0.06103286384976526 
0 0.610475352112676 0.7855046948356808 0.10035211267605634 0.05457746478873239 
0 0.4966989436619718 0.8488849765258216 0.1034330985915493 0.06514084507042253 
0 0.27002640845070425 0.8186619718309859 0.10607394366197183 0.05868544600938967 
0 0.6897007042253521 0.12969483568075119 0.10211267605633803 0.10446009389671361 
0 0.37940140845070425 0.8083920187793427 0.10651408450704225 0.061619718309859156 
0 0.0448943661971831 0.7018779342723005 0.08890845070422536 0.0892018779342723 
0 0.7121478873239436 0.6314553990610329 0.10123239436619719 0.03403755868544601 
0 0.6060739436619719 0.73268779342723 0.10211267605633803 0.051056338028169015 
0 0.6824383802816901 0.9724178403755869 0.11223591549295775 0.05516431924882629 
0 0.5682218309859155 0.9694835680751174 0.11443661971830986 0.06103286384976526 
0 0.4570862676056338 0.9694835680751174 0.09022887323943662 0.06103286384976526 
0 0.9306778169014085 0.6657863849765259 0.08934859154929578 0.034624413145539906 
0 0.9163732394366197 0.6285211267605634 0.10035211267605634 0.03403755868544601 
0 0.8151408450704225 0.6314553990610329 0.10211267605633803 0.036384976525821594 
0 0.048195422535211266 0.7802230046948356 0.08670774647887323 0.061619718309859156 
0 0.6038732394366197 0.8538732394366197 0.10915492957746478 0.05868544600938967 
0 0.39370598591549294 0.5654342723004695 0.10255281690140845 0.03345070422535211 
0 0.3882042253521127 0.6029929577464789 0.10915492957746478 0.03814553990610329 
0 0.16637323943661972 0.6073943661971831 0.11003521126760564 0.04107981220657277 
0 0.048195422535211266 0.6329225352112676 0.09375 0.03931924882629108 
0 0.04753521126760563 0.09242957746478873 0.09242957746478873 0.0733568075117371 
0 0.09110915492957747 0.18104460093896713 0.12411971830985916 0.056924882629107984 
0 0.2814700704225352 0.568368544600939 0.10695422535211267 0.03931924882629108 
0 0.8501320422535211 0.2596830985915493 0.12455985915492958 0.10856807511737089 
0 0.15118838028169015 0.7690727699530516 0.11223591549295775 0.0721830985915493 
0 0.7123679577464789 0.670481220657277 0.10519366197183098 0.03227699530516432 
0 0.7057658450704225 0.4119718309859155 0.1580105633802817 0.11737089201877934 
0 0.3912852112676056 0.2778755868544601 0.14700704225352113 0.07805164319248827 
0 0.09551056338028169 0.33274647887323944 0.13996478873239437 0.07394366197183098 
0 0.23899647887323944 0.2802230046948357 0.14964788732394366 0.07570422535211267 
0 0.5488556338028169 0.3086854460093897 0.15933098591549297 0.12206572769953052 
0 0.24515845070422534 0.3456572769953052 0.15492957746478872 0.07746478873239436 
0 0.39942781690140844 0.4240023474178404 0.14392605633802816 0.07570422535211267 
0 0.23789612676056338 0.125 0.16329225352112675 0.09272300469483569 
0 0.1544894366197183 0.8333333333333334 0.11883802816901408 0.07276995305164319 
0 0.5442341549295775 0.4125586854460094 0.14040492957746478 0.10446009389671361 
0 0.2383362676056338 0.20422535211267606 0.15360915492957747 0.07511737089201878 
0 0.24911971830985916 0.4193075117370892 0.15404929577464788 0.07922535211267606 
0 0.3945862676056338 0.20187793427230047 0.14656690140845072 0.08568075117370892 
0 0.10013204225352113 0.41431924882629106 0.14568661971830985 0.08685446009389672 
0 0.3939260563380282 0.11561032863849766 0.14788732394366197 0.08215962441314555 
0 0.8602552816901409 0.3961267605633803 0.15096830985915494 0.14906103286384975 
0 0.39502640845070425 0.35357981220657275 0.14128521126760563 0.07570422535211267 
0 0.555237676056338 0.16461267605633803 0.1641725352112676 0.15786384976525822 
0 0.4966989436619718 0.6549295774647887 0.10519366197183098 0.07746478873239436 
0 0.1525088028169014 0.6886737089201878 0.12015845070422536 0.1073943661971831 
0 0.2735475352112676 0.6314553990610329 0.10255281690140845 0.08333333333333333 
0 0.7185299295774648 0.715669014084507 0.09991197183098592 0.05575117370892019 
0 0.825044014084507 0.6977699530516432 0.10871478873239436 0.09741784037558686 
0 0.6056338028169014 0.6784037558685446 0.09595070422535211 0.0539906103286385 
0 0.7161091549295775 0.28374413145539906 0.1637323943661972 0.15434272300469484 
0 0.9375 0.7115610328638498 0.09330985915492958 0.0534037558685446 
0 0.3831426056338028 0.7461854460093896 0.11223591549295775 0.05927230046948357 
0 0.49625880281690143 0.721830985915493 0.10167253521126761 0.0528169014084507 
0 0.9201144366197183 0.7723004694835681 0.10167253521126761 0.051643192488262914 
0 0.8078785211267606 0.8374413145539906 0.09463028169014084 0.056338028169014086 
0 0.9152728873239436 0.835387323943662 0.10871478873239436 0.06279342723004695 
0 0.09044894366197183 0.2535211267605634 0.1430457746478873 0.08215962441314555 
0 0.38358274647887325 0.6678403755868545 0.1131161971830986 0.09154929577464789 
0 0.03983274647887324 0.9650821596244131 0.0682218309859155 0.0698356807511737 
