0 0.2566021126760563 0.5249413145539906 0.12323943661971831 0.0733568075117371 
0 0.2462588028169014 0.6006455399061033 0.12455985915492958 0.07805164319248827 
0 0.10607394366197183 0.6836854460093896 0.11883802816901408 0.06455399061032864 
0 0.12522007042253522 0.5293427230046949 0.13512323943661972 0.06455399061032864 
0 0.11025528169014084 0.6094483568075117 0.13424295774647887 0.08626760563380281 
0 0.10321302816901408 0.7634976525821596 0.13952464788732394 0.0892018779342723 
0 0.9601672535211268 0.346537558685446 0.07966549295774648 0.0534037558685446 
0 0.965669014084507 0.28726525821596244 0.06866197183098592 0.04401408450704225 
0 0.977112676056338 0.22887323943661972 0.045774647887323945 0.05046948356807512 
0 0.8591549295774648 0.3482981220657277 0.10651408450704225 0.056924882629107984 
0 0.8679577464788732 0.28667840375586856 0.11355633802816902 0.06044600938967136 
0 0.8890845070422535 0.22593896713615025 0.11971830985915492 0.05868544600938967 
0 0.8983274647887324 0.15991784037558684 0.12764084507042253 0.0733568075117371 
0 0.7420774647887324 0.3403755868544601 0.1056338028169014 0.05868544600938967 
0 0.24031690140845072 0.6901408450704225 0.12764084507042253 0.09859154929577464 
0 0.7480193661971831 0.2802230046948357 0.1131161971830986 0.04988262910798122 
0 0.7623239436619719 0.1467136150234742 0.12852112676056338 0.07629107981220658 
0 0.6126760563380281 0.3482981220657277 0.11795774647887323 0.056924882629107984 
0 0.6263204225352113 0.2831572769953052 0.11883802816901408 0.06748826291079812 
0 0.8111795774647887 0.7112676056338029 0.11883802816901408 0.07042253521126761 
0 0.7959947183098591 0.7731807511737089 0.10783450704225352 0.05575117370892019 
0 0.7946742957746479 0.8201291079812206 0.10783450704225352 0.04401408450704225 
0 0.7887323943661971 0.8661971830985915 0.10651408450704225 0.04225352112676056 
0 0.9390404929577465 0.6851525821596244 0.10783450704225352 0.10269953051643192 
0 0.9324383802816901 0.7634976525821596 0.09463028169014084 0.06572769953051644 
0 0.9141725352112676 0.8265845070422535 0.09330985915492958 0.06631455399061033 
0 0.9119718309859155 0.880868544600939 0.09154929577464789 0.03990610328638498 
0 0.9625880281690141 0.5894953051643192 0.06514084507042253 0.08509389671361503 
0 0.9815140845070423 0.840669014084507 0.03697183098591549 0.09096244131455399 
0 0.8661971830985915 0.5117370892018779 0.09242957746478873 0.05868544600938967 
0 0.7627640845070423 0.2177230046948357 0.12323943661971831 0.057511737089201875 
0 0.2517605633802817 0.8838028169014085 0.11971830985915492 0.04225352112676056 
0 0.24295774647887325 0.8245305164319249 0.12235915492957747 0.05868544600938967 
0 0.10651408450704225 0.8421361502347418 0.13732394366197184 0.0528169014084507 
0 0.3430897887323944 0.13556338028169015 0.13952464788732394 0.06924882629107981 
0 0.22161091549295775 0.3444835680751174 0.11223591549295775 0.08215962441314555 
0 0.21148767605633803 0.25088028169014087 0.11223591549295775 0.09096244131455399 
0 0.20290492957746478 0.15404929577464788 0.12323943661971831 0.09683098591549295 
0 0.09110915492957747 0.335093896713615 0.1267605633802817 0.09272300469483569 
0 0.08230633802816902 0.23444835680751175 0.1311619718309859 0.10269953051643192 
0 0.11421654929577464 0.8902582159624414 0.1289612676056338 0.04107981220657277 
0 0.5224471830985915 0.7429577464788732 0.13556338028169015 0.09859154929577464 
0 0.6485475352112676 0.750293427230047 0.11663732394366197 0.1073943661971831 
0 0.6516285211267606 0.4994131455399061 0.12984154929577466 0.08098591549295775 
0 0.6463468309859155 0.6117957746478874 0.11223591549295775 0.06748826291079812 
0 0.6463468309859155 0.670481220657277 0.11663732394366197 0.04988262910798122 
0 0.6351232394366197 0.8653169014084507 0.11443661971830986 0.061619718309859156 
0 0.8254841549295775 0.5865610328638498 0.12984154929577466 0.09683098591549295 
0 0.5180457746478874 0.8573943661971831 0.11795774647887323 0.051643192488262914 
0 0.34749119718309857 0.26173708920187794 0.13336267605633803 0.051643192488262914 
0 0.34683098591549294 0.2051056338028169 0.14084507042253522 0.05575117370892019 
0 0.35079225352112675 0.36883802816901406 0.11971830985915492 0.04518779342723005 
0 0.3871038732394366 0.5117370892018779 0.12632042253521128 0.07629107981220658 
0 0.3800616197183099 0.5991784037558685 0.13424295774647887 0.08333333333333333 
0 0.38116197183098594 0.6965962441314554 0.14084507042253522 0.09976525821596244 
0 0.34683098591549294 0.31220657276995306 0.12323943661971831 0.0528169014084507 
0 0.38204225352112675 0.8705985915492958 0.12323943661971831 0.04284037558685446 
0 0.5180457746478874 0.5082159624413145 0.11971830985915492 0.0715962441314554 
0 0.3783010563380282 0.8213028169014085 0.12632042253521128 0.04988262910798122 
0 0.6254401408450704 0.2177230046948357 0.12323943661971831 0.06338028169014084 
0 0.48723591549295775 0.35475352112676056 0.11355633802816902 0.04988262910798122 
0 0.48723591549295775 0.2934272300469484 0.11971830985915492 0.06455399061032864 
0 0.48877640845070425 0.2221244131455399 0.12544014084507044 0.06631455399061033 
0 0.4894366197183099 0.14524647887323944 0.13556338028169015 0.07922535211267606 
0 0.5180457746478874 0.5991784037558685 0.12852112676056338 0.09272300469483569 
0 0.2566021126760563 0.5249413145539906 0.12323943661971831 0.0733568075117371 
0 0.2462588028169014 0.6006455399061033 0.12455985915492958 0.07805164319248827 
0 0.10607394366197183 0.6836854460093896 0.11883802816901408 0.06455399061032864 
0 0.12522007042253522 0.5293427230046949 0.13512323943661972 0.06455399061032864 
0 0.11025528169014084 0.6094483568075117 0.13424295774647887 0.08626760563380281 
0 0.10321302816901408 0.7634976525821596 0.13952464788732394 0.0892018779342723 
0 0.9601672535211268 0.346537558685446 0.07966549295774648 0.0534037558685446 
0 0.965669014084507 0.28726525821596244 0.06866197183098592 0.04401408450704225 
0 0.977112676056338 0.22887323943661972 0.045774647887323945 0.05046948356807512 
0 0.8591549295774648 0.3482981220657277 0.10651408450704225 0.056924882629107984 
0 0.8679577464788732 0.28667840375586856 0.11355633802816902 0.06044600938967136 
0 0.8890845070422535 0.22593896713615025 0.11971830985915492 0.05868544600938967 
0 0.8983274647887324 0.15991784037558684 0.12764084507042253 0.0733568075117371 
0 0.7420774647887324 0.3403755868544601 0.1056338028169014 0.05868544600938967 
0 0.24031690140845072 0.6901408450704225 0.12764084507042253 0.09859154929577464 
0 0.7480193661971831 0.2802230046948357 0.1131161971830986 0.04988262910798122 
0 0.7623239436619719 0.1467136150234742 0.12852112676056338 0.07629107981220658 
0 0.6126760563380281 0.3482981220657277 0.11795774647887323 0.056924882629107984 
0 0.6263204225352113 0.2831572769953052 0.11883802816901408 0.06748826291079812 
0 0.8111795774647887 0.7112676056338029 0.11883802816901408 0.07042253521126761 
0 0.7959947183098591 0.7731807511737089 0.10783450704225352 0.05575117370892019 
0 0.7946742957746479 0.8201291079812206 0.10783450704225352 0.04401408450704225 
0 0.7887323943661971 0.8661971830985915 0.10651408450704225 0.04225352112676056 
0 0.9390404929577465 0.6851525821596244 0.10783450704225352 0.10269953051643192 
0 0.9324383802816901 0.7634976525821596 0.09463028169014084 0.06572769953051644 
0 0.9141725352112676 0.8265845070422535 0.09330985915492958 0.06631455399061033 
0 0.9119718309859155 0.880868544600939 0.09154929577464789 0.03990610328638498 
0 0.9625880281690141 0.5894953051643192 0.06514084507042253 0.08509389671361503 
0 0.9815140845070423 0.840669014084507 0.03697183098591549 0.09096244131455399 
0 0.8661971830985915 0.5117370892018779 0.09242957746478873 0.05868544600938967 
0 0.7627640845070423 0.2177230046948357 0.12323943661971831 0.057511737089201875 
0 0.2517605633802817 0.8838028169014085 0.11971830985915492 0.04225352112676056 
0 0.24295774647887325 0.8245305164319249 0.12235915492957747 0.05868544600938967 
0 0.10651408450704225 0.8421361502347418 0.13732394366197184 0.0528169014084507 
0 0.3430897887323944 0.13556338028169015 0.13952464788732394 0.06924882629107981 
0 0.22161091549295775 0.3444835680751174 0.11223591549295775 0.08215962441314555 
0 0.21148767605633803 0.25088028169014087 0.11223591549295775 0.09096244131455399 
0 0.20290492957746478 0.15404929577464788 0.12323943661971831 0.09683098591549295 
0 0.09110915492957747 0.335093896713615 0.1267605633802817 0.09272300469483569 
0 0.08230633802816902 0.23444835680751175 0.1311619718309859 0.10269953051643192 
0 0.11421654929577464 0.8902582159624414 0.1289612676056338 0.04107981220657277 
0 0.5224471830985915 0.7429577464788732 0.13556338028169015 0.09859154929577464 
0 0.6485475352112676 0.750293427230047 0.11663732394366197 0.1073943661971831 
0 0.6516285211267606 0.4994131455399061 0.12984154929577466 0.08098591549295775 
0 0.6463468309859155 0.6117957746478874 0.11223591549295775 0.06748826291079812 
0 0.6463468309859155 0.670481220657277 0.11663732394366197 0.04988262910798122 
0 0.6351232394366197 0.8653169014084507 0.11443661971830986 0.061619718309859156 
0 0.8254841549295775 0.5865610328638498 0.12984154929577466 0.09683098591549295 
0 0.5180457746478874 0.8573943661971831 0.11795774647887323 0.051643192488262914 
0 0.34749119718309857 0.26173708920187794 0.13336267605633803 0.051643192488262914 
0 0.34683098591549294 0.2051056338028169 0.14084507042253522 0.05575117370892019 
0 0.35079225352112675 0.36883802816901406 0.11971830985915492 0.04518779342723005 
0 0.3871038732394366 0.5117370892018779 0.12632042253521128 0.07629107981220658 
0 0.3800616197183099 0.5991784037558685 0.13424295774647887 0.08333333333333333 
0 0.38116197183098594 0.6965962441314554 0.14084507042253522 0.09976525821596244 
0 0.34683098591549294 0.31220657276995306 0.12323943661971831 0.0528169014084507 
0 0.38204225352112675 0.8705985915492958 0.12323943661971831 0.04284037558685446 
0 0.5180457746478874 0.5082159624413145 0.11971830985915492 0.0715962441314554 
0 0.3783010563380282 0.8213028169014085 0.12632042253521128 0.04988262910798122 
0 0.6254401408450704 0.2177230046948357 0.12323943661971831 0.06338028169014084 
0 0.48723591549295775 0.35475352112676056 0.11355633802816902 0.04988262910798122 
0 0.48723591549295775 0.2934272300469484 0.11971830985915492 0.06455399061032864 
0 0.48877640845070425 0.2221244131455399 0.12544014084507044 0.06631455399061033 
0 0.4894366197183099 0.14524647887323944 0.13556338028169015 0.07922535211267606 
0 0.5180457746478874 0.5991784037558685 0.12852112676056338 0.09272300469483569 
0 0.2566021126760563 0.5249413145539906 0.12323943661971831 0.0733568075117371 
0 0.2462588028169014 0.6006455399061033 0.12455985915492958 0.07805164319248827 
0 0.10607394366197183 0.6836854460093896 0.11883802816901408 0.06455399061032864 
0 0.12522007042253522 0.5293427230046949 0.13512323943661972 0.06455399061032864 
0 0.11025528169014084 0.6094483568075117 0.13424295774647887 0.08626760563380281 
0 0.10321302816901408 0.7634976525821596 0.13952464788732394 0.0892018779342723 
0 0.9601672535211268 0.346537558685446 0.07966549295774648 0.0534037558685446 
0 0.965669014084507 0.28726525821596244 0.06866197183098592 0.04401408450704225 
0 0.977112676056338 0.22887323943661972 0.045774647887323945 0.05046948356807512 
0 0.8591549295774648 0.3482981220657277 0.10651408450704225 0.056924882629107984 
0 0.8679577464788732 0.28667840375586856 0.11355633802816902 0.06044600938967136 
0 0.8890845070422535 0.22593896713615025 0.11971830985915492 0.05868544600938967 
0 0.8983274647887324 0.15991784037558684 0.12764084507042253 0.0733568075117371 
0 0.7420774647887324 0.3403755868544601 0.1056338028169014 0.05868544600938967 
0 0.24031690140845072 0.6901408450704225 0.12764084507042253 0.09859154929577464 
0 0.7480193661971831 0.2802230046948357 0.1131161971830986 0.04988262910798122 
0 0.7623239436619719 0.1467136150234742 0.12852112676056338 0.07629107981220658 
0 0.6126760563380281 0.3482981220657277 0.11795774647887323 0.056924882629107984 
0 0.6263204225352113 0.2831572769953052 0.11883802816901408 0.06748826291079812 
0 0.8111795774647887 0.7112676056338029 0.11883802816901408 0.07042253521126761 
0 0.7959947183098591 0.7731807511737089 0.10783450704225352 0.05575117370892019 
0 0.7946742957746479 0.8201291079812206 0.10783450704225352 0.04401408450704225 
0 0.7887323943661971 0.8661971830985915 0.10651408450704225 0.04225352112676056 
0 0.9390404929577465 0.6851525821596244 0.10783450704225352 0.10269953051643192 
0 0.9324383802816901 0.7634976525821596 0.09463028169014084 0.06572769953051644 
0 0.9141725352112676 0.8265845070422535 0.09330985915492958 0.06631455399061033 
0 0.9119718309859155 0.880868544600939 0.09154929577464789 0.03990610328638498 
0 0.9625880281690141 0.5894953051643192 0.06514084507042253 0.08509389671361503 
0 0.9815140845070423 0.840669014084507 0.03697183098591549 0.09096244131455399 
0 0.8661971830985915 0.5117370892018779 0.09242957746478873 0.05868544600938967 
0 0.7627640845070423 0.2177230046948357 0.12323943661971831 0.057511737089201875 
0 0.2517605633802817 0.8838028169014085 0.11971830985915492 0.04225352112676056 
0 0.24295774647887325 0.8245305164319249 0.12235915492957747 0.05868544600938967 
0 0.10651408450704225 0.8421361502347418 0.13732394366197184 0.0528169014084507 
0 0.3430897887323944 0.13556338028169015 0.13952464788732394 0.06924882629107981 
0 0.22161091549295775 0.3444835680751174 0.11223591549295775 0.08215962441314555 
0 0.21148767605633803 0.25088028169014087 0.11223591549295775 0.09096244131455399 
0 0.20290492957746478 0.15404929577464788 0.12323943661971831 0.09683098591549295 
0 0.09110915492957747 0.335093896713615 0.1267605633802817 0.09272300469483569 
0 0.08230633802816902 0.23444835680751175 0.1311619718309859 0.10269953051643192 
0 0.11421654929577464 0.8902582159624414 0.1289612676056338 0.04107981220657277 
0 0.5224471830985915 0.7429577464788732 0.13556338028169015 0.09859154929577464 
0 0.6485475352112676 0.750293427230047 0.11663732394366197 0.1073943661971831 
0 0.6516285211267606 0.4994131455399061 0.12984154929577466 0.08098591549295775 
0 0.6463468309859155 0.6117957746478874 0.11223591549295775 0.06748826291079812 
0 0.6463468309859155 0.670481220657277 0.11663732394366197 0.04988262910798122 
0 0.6351232394366197 0.8653169014084507 0.11443661971830986 0.061619718309859156 
0 0.8254841549295775 0.5865610328638498 0.12984154929577466 0.09683098591549295 
0 0.5180457746478874 0.8573943661971831 0.11795774647887323 0.051643192488262914 
0 0.34749119718309857 0.26173708920187794 0.13336267605633803 0.051643192488262914 
0 0.34683098591549294 0.2051056338028169 0.14084507042253522 0.05575117370892019 
0 0.35079225352112675 0.36883802816901406 0.11971830985915492 0.04518779342723005 
0 0.3871038732394366 0.5117370892018779 0.12632042253521128 0.07629107981220658 
0 0.3800616197183099 0.5991784037558685 0.13424295774647887 0.08333333333333333 
0 0.38116197183098594 0.6965962441314554 0.14084507042253522 0.09976525821596244 
0 0.34683098591549294 0.31220657276995306 0.12323943661971831 0.0528169014084507 
0 0.38204225352112675 0.8705985915492958 0.12323943661971831 0.04284037558685446 
0 0.5180457746478874 0.5082159624413145 0.11971830985915492 0.0715962441314554 
0 0.3783010563380282 0.8213028169014085 0.12632042253521128 0.04988262910798122 
0 0.6254401408450704 0.2177230046948357 0.12323943661971831 0.06338028169014084 
0 0.48723591549295775 0.35475352112676056 0.11355633802816902 0.04988262910798122 
0 0.48723591549295775 0.2934272300469484 0.11971830985915492 0.06455399061032864 
0 0.48877640845070425 0.2221244131455399 0.12544014084507044 0.06631455399061033 
0 0.4894366197183099 0.14524647887323944 0.13556338028169015 0.07922535211267606 
0 0.5180457746478874 0.5991784037558685 0.12852112676056338 0.09272300469483569 
