0 0.3798415492957746 0.8843896713615024 0.13028169014084506 0.06455399061032864 
0 0.08318661971830986 0.7115610328638498 0.125 0.07922535211267606 
0 0.5464348591549296 0.14906103286384975 0.15360915492957747 0.15610328638497653 
0 0.3809419014084507 0.13703051643192488 0.15184859154929578 0.15434272300469484 
0 0.0664612676056338 0.3931924882629108 0.13204225352112675 0.11384976525821597 
0 0.8303257042253521 0.7004107981220657 0.10959507042253522 0.09800469483568075 
0 0.9654489436619719 0.7717136150234741 0.07350352112676056 0.11737089201877934 
0 0.23789612676056338 0.8791079812206573 0.1368838028169014 0.06338028169014084 
0 0.3829225352112676 0.414906103286385 0.15933098591549297 0.1267605633802817 
0 0.6698943661971831 0.5771713615023474 0.10475352112676056 0.056924882629107984 
0 0.6925616197183099 0.8717723004694836 0.144806338028169 0.08392018779342723 
0 0.8459507042253521 0.8705985915492958 0.14172535211267606 0.09800469483568075 
0 0.9625880281690141 0.8758802816901409 0.07130281690140845 0.09096244131455399 
0 0.061399647887323945 0.13028169014084506 0.12191901408450705 0.13497652582159625 
0 0.0625 0.26965962441314556 0.12235915492957747 0.13204225352112675 
0 0.7040052816901409 0.13703051643192488 0.14216549295774647 0.13908450704225353 
0 0.8400088028169014 0.7860915492957746 0.1386443661971831 0.061619718309859156 
0 0.08560739436619719 0.6402582159624414 0.12455985915492958 0.06572769953051644 
0 0.53125 0.6455399061032864 0.1443661971830986 0.1255868544600939 
0 0.5292693661971831 0.8679577464788732 0.13512323943661972 0.09507042253521127 
0 0.6945422535211268 0.744424882629108 0.14964788732394366 0.16607981220657278 
0 0.08714788732394366 0.8708920187793427 0.12940140845070422 0.06338028169014084 
0 0.5316901408450704 0.7637910798122066 0.14348591549295775 0.11561032863849766 
0 0.8767605633802817 0.28667840375586856 0.1619718309859155 0.11913145539906103 
0 0.3824823943661972 0.2828638497652582 0.15757042253521128 0.13497652582159625 
0 0.543794014084507 0.28726525821596244 0.1500880281690141 0.12969483568075119 
0 0.37610035211267606 0.6660798122065728 0.13776408450704225 0.07863849765258216 
0 0.21919014084507044 0.3210093896713615 0.15845070422535212 0.09389671361502347 
0 0.21368838028169015 0.23092723004694835 0.16065140845070422 0.09565727699530517 
0 0.2211707746478873 0.6725352112676056 0.13952464788732394 0.08098591549295775 
0 0.7172095070422535 0.2813967136150235 0.15536971830985916 0.13204225352112675 
0 0.37588028169014087 0.744131455399061 0.125 0.06690140845070422 
0 0.230193661971831 0.8092723004694836 0.13380281690140844 0.0715962441314554 
0 0.5424735915492958 0.414906103286385 0.1500880281690141 0.13262910798122066 
0 0.37764084507042256 0.8163145539906104 0.12764084507042253 0.06572769953051644 
0 0.7150088028169014 0.41725352112676056 0.1641725352112676 0.12441314553990611 
0 0.22227112676056338 0.41431924882629106 0.1522887323943662 0.10446009389671361 
0 0.22557218309859156 0.5889084507042254 0.14568661971830985 0.08039906103286384 
0 0.8778609154929577 0.4119718309859155 0.17297535211267606 0.13262910798122066 
0 0.21786971830985916 0.12822769953051644 0.1742957746478873 0.10974178403755869 
0 0.375 0.5845070422535211 0.12852112676056338 0.08333333333333333 
0 0.8816021126760564 0.14847417840375587 0.16109154929577466 0.14906103286384975 
0 0.2282130281690141 0.7438380281690141 0.14920774647887325 0.05575117370892019 
0 0.08538732394366197 0.7987089201877934 0.1311619718309859 0.05985915492957746 
0 0.3798415492957746 0.8843896713615024 0.13028169014084506 0.06455399061032864 
0 0.08318661971830986 0.7115610328638498 0.125 0.07922535211267606 
0 0.5464348591549296 0.14906103286384975 0.15360915492957747 0.15610328638497653 
0 0.3809419014084507 0.13703051643192488 0.15184859154929578 0.15434272300469484 
0 0.0664612676056338 0.3931924882629108 0.13204225352112675 0.11384976525821597 
0 0.8303257042253521 0.7004107981220657 0.10959507042253522 0.09800469483568075 
0 0.9654489436619719 0.7717136150234741 0.07350352112676056 0.11737089201877934 
0 0.23789612676056338 0.8791079812206573 0.1368838028169014 0.06338028169014084 
0 0.3829225352112676 0.414906103286385 0.15933098591549297 0.1267605633802817 
0 0.6698943661971831 0.5771713615023474 0.10475352112676056 0.056924882629107984 
0 0.6925616197183099 0.8717723004694836 0.144806338028169 0.08392018779342723 
0 0.8459507042253521 0.8705985915492958 0.14172535211267606 0.09800469483568075 
0 0.9625880281690141 0.8758802816901409 0.07130281690140845 0.09096244131455399 
0 0.061399647887323945 0.13028169014084506 0.12191901408450705 0.13497652582159625 
0 0.0625 0.26965962441314556 0.12235915492957747 0.13204225352112675 
0 0.7040052816901409 0.13703051643192488 0.14216549295774647 0.13908450704225353 
0 0.8400088028169014 0.7860915492957746 0.1386443661971831 0.061619718309859156 
0 0.08560739436619719 0.6402582159624414 0.12455985915492958 0.06572769953051644 
0 0.53125 0.6455399061032864 0.1443661971830986 0.1255868544600939 
0 0.5292693661971831 0.8679577464788732 0.13512323943661972 0.09507042253521127 
0 0.6945422535211268 0.744424882629108 0.14964788732394366 0.16607981220657278 
0 0.08714788732394366 0.8708920187793427 0.12940140845070422 0.06338028169014084 
0 0.5316901408450704 0.7637910798122066 0.14348591549295775 0.11561032863849766 
0 0.8767605633802817 0.28667840375586856 0.1619718309859155 0.11913145539906103 
0 0.3824823943661972 0.2828638497652582 0.15757042253521128 0.13497652582159625 
0 0.543794014084507 0.28726525821596244 0.1500880281690141 0.12969483568075119 
0 0.37610035211267606 0.6660798122065728 0.13776408450704225 0.07863849765258216 
0 0.21919014084507044 0.3210093896713615 0.15845070422535212 0.09389671361502347 
0 0.21368838028169015 0.23092723004694835 0.16065140845070422 0.09565727699530517 
0 0.2211707746478873 0.6725352112676056 0.13952464788732394 0.08098591549295775 
0 0.7172095070422535 0.2813967136150235 0.15536971830985916 0.13204225352112675 
0 0.37588028169014087 0.744131455399061 0.125 0.06690140845070422 
0 0.230193661971831 0.8092723004694836 0.13380281690140844 0.0715962441314554 
0 0.5424735915492958 0.414906103286385 0.1500880281690141 0.13262910798122066 
0 0.37764084507042256 0.8163145539906104 0.12764084507042253 0.06572769953051644 
0 0.7150088028169014 0.41725352112676056 0.1641725352112676 0.12441314553990611 
0 0.22227112676056338 0.41431924882629106 0.1522887323943662 0.10446009389671361 
0 0.22557218309859156 0.5889084507042254 0.14568661971830985 0.08039906103286384 
0 0.8778609154929577 0.4119718309859155 0.17297535211267606 0.13262910798122066 
0 0.21786971830985916 0.12822769953051644 0.1742957746478873 0.10974178403755869 
0 0.375 0.5845070422535211 0.12852112676056338 0.08333333333333333 
0 0.8816021126760564 0.14847417840375587 0.16109154929577466 0.14906103286384975 
0 0.2282130281690141 0.7438380281690141 0.14920774647887325 0.05575117370892019 
0 0.08538732394366197 0.7987089201877934 0.1311619718309859 0.05985915492957746 
0 0.3798415492957746 0.8843896713615024 0.13028169014084506 0.06455399061032864 
0 0.08318661971830986 0.7115610328638498 0.125 0.07922535211267606 
0 0.5464348591549296 0.14906103286384975 0.15360915492957747 0.15610328638497653 
0 0.3809419014084507 0.13703051643192488 0.15184859154929578 0.15434272300469484 
0 0.0664612676056338 0.3931924882629108 0.13204225352112675 0.11384976525821597 
0 0.8303257042253521 0.7004107981220657 0.10959507042253522 0.09800469483568075 
0 0.9654489436619719 0.7717136150234741 0.07350352112676056 0.11737089201877934 
0 0.23789612676056338 0.8791079812206573 0.1368838028169014 0.06338028169014084 
0 0.3829225352112676 0.414906103286385 0.15933098591549297 0.1267605633802817 
0 0.6698943661971831 0.5771713615023474 0.10475352112676056 0.056924882629107984 
0 0.6925616197183099 0.8717723004694836 0.144806338028169 0.08392018779342723 
0 0.8459507042253521 0.8705985915492958 0.14172535211267606 0.09800469483568075 
0 0.9625880281690141 0.8758802816901409 0.07130281690140845 0.09096244131455399 
0 0.061399647887323945 0.13028169014084506 0.12191901408450705 0.13497652582159625 
0 0.0625 0.26965962441314556 0.12235915492957747 0.13204225352112675 
0 0.7040052816901409 0.13703051643192488 0.14216549295774647 0.13908450704225353 
0 0.8400088028169014 0.7860915492957746 0.1386443661971831 0.061619718309859156 
0 0.08560739436619719 0.6402582159624414 0.12455985915492958 0.06572769953051644 
0 0.53125 0.6455399061032864 0.1443661971830986 0.1255868544600939 
0 0.5292693661971831 0.8679577464788732 0.13512323943661972 0.09507042253521127 
0 0.6945422535211268 0.744424882629108 0.14964788732394366 0.16607981220657278 
0 0.08714788732394366 0.8708920187793427 0.12940140845070422 0.06338028169014084 
0 0.5316901408450704 0.7637910798122066 0.14348591549295775 0.11561032863849766 
0 0.8767605633802817 0.28667840375586856 0.1619718309859155 0.11913145539906103 
0 0.3824823943661972 0.2828638497652582 0.15757042253521128 0.13497652582159625 
0 0.543794014084507 0.28726525821596244 0.1500880281690141 0.12969483568075119 
0 0.37610035211267606 0.6660798122065728 0.13776408450704225 0.07863849765258216 
0 0.21919014084507044 0.3210093896713615 0.15845070422535212 0.09389671361502347 
0 0.21368838028169015 0.23092723004694835 0.16065140845070422 0.09565727699530517 
0 0.2211707746478873 0.6725352112676056 0.13952464788732394 0.08098591549295775 
0 0.7172095070422535 0.2813967136150235 0.15536971830985916 0.13204225352112675 
0 0.37588028169014087 0.744131455399061 0.125 0.06690140845070422 
0 0.230193661971831 0.8092723004694836 0.13380281690140844 0.0715962441314554 
0 0.5424735915492958 0.414906103286385 0.1500880281690141 0.13262910798122066 
0 0.37764084507042256 0.8163145539906104 0.12764084507042253 0.06572769953051644 
0 0.7150088028169014 0.41725352112676056 0.1641725352112676 0.12441314553990611 
0 0.22227112676056338 0.41431924882629106 0.1522887323943662 0.10446009389671361 
0 0.22557218309859156 0.5889084507042254 0.14568661971830985 0.08039906103286384 
0 0.8778609154929577 0.4119718309859155 0.17297535211267606 0.13262910798122066 
0 0.21786971830985916 0.12822769953051644 0.1742957746478873 0.10974178403755869 
0 0.375 0.5845070422535211 0.12852112676056338 0.08333333333333333 
0 0.8816021126760564 0.14847417840375587 0.16109154929577466 0.14906103286384975 
0 0.2282130281690141 0.7438380281690141 0.14920774647887325 0.05575117370892019 
0 0.08538732394366197 0.7987089201877934 0.1311619718309859 0.05985915492957746 
