0 0.06426056338028169 0.5698356807511737 0.12323943661971831 0.0892018779342723 
0 0.9634683098591549 0.318075117370892 0.07306338028169014 0.046948356807511735 
0 0.9535651408450704 0.4063967136150235 0.09286971830985916 0.041666666666666664 
0 0.9606073943661971 0.36502347417840375 0.07878521126760564 0.046948356807511735 
0 0.9689700704225352 0.26085680751173707 0.06205985915492958 0.05575117370892019 
0 0.8481514084507042 0.39436619718309857 0.09330985915492958 0.07629107981220658 
0 0.8650968309859155 0.30369718309859156 0.11663732394366197 0.08509389671361503 
0 0.8723591549295775 0.1869131455399061 0.12235915492957747 0.1273474178403756 
0 0.7293133802816901 0.3755868544600939 0.10915492957746478 0.07629107981220658 
0 0.7319542253521126 0.2602699530516432 0.11883802816901408 0.13673708920187794 
0 0.05435739436619718 0.6681338028169014 0.10783450704225352 0.09213615023474178 
0 0.9749119718309859 0.19131455399061034 0.05017605633802817 0.06924882629107981 
0 0.06360035211267606 0.8169014084507042 0.12632042253521128 0.05868544600938967 
0 0.08164612676056338 0.9366197183098591 0.13424295774647887 0.03990610328638498 
0 0.889524647887324 0.755575117370892 0.136443661971831 0.13791079812206572 
0 0.7396566901408451 0.568368544600939 0.09463028169014084 0.06866197183098592 
0 0.84375 0.5619131455399061 0.11355633802816902 0.06748826291079812 
0 0.8668573943661971 0.6373239436619719 0.12191901408450705 0.07746478873239436 
0 0.07020246478873239 0.8823356807511737 0.13512323943661972 0.06631455399061033 
0 0.870818661971831 0.8603286384976526 0.1034330985915493 0.057511737089201875 
0 0.8507922535211268 0.9184272300469484 0.10123239436619719 0.04107981220657277 
0 0.9513644366197183 0.5531103286384976 0.09727112676056338 0.06514084507042253 
0 0.9641285211267606 0.6382042253521126 0.0682218309859155 0.09096244131455399 
0 0.9793133802816901 0.7546948356807511 0.04137323943661972 0.13028169014084506 
0 0.9636883802816901 0.9043427230046949 0.07174295774647887 0.04225352112676056 
0 0.9680897887323944 0.8603286384976526 0.06029929577464789 0.04812206572769953 
0 0.05039612676056338 0.2567488262910798 0.09815140845070422 0.0733568075117371 
0 0.05479753521126761 0.32188967136150237 0.10695422535211267 0.05457746478873239 
0 0.06073943661971831 0.37910798122065725 0.1056338028169014 0.05985915492957746 
0 0.15977112676056338 0.2549882629107981 0.1056338028169014 0.061619718309859156 
0 0.16329225352112675 0.3204225352112676 0.1056338028169014 0.06338028169014084 
0 0.16549295774647887 0.38204225352112675 0.10123239436619719 0.057511737089201875 
0 0.2678257042253521 0.2505868544600939 0.1034330985915493 0.07042253521126761 
0 0.2704665492957746 0.32188967136150237 0.10695422535211267 0.06044600938967136 
0 0.2704665492957746 0.3870305164319249 0.10871478873239436 0.05575117370892019 
0 0.3699383802816901 0.22887323943661972 0.1034330985915493 0.0880281690140845 
0 0.3756602112676056 0.31514084507042256 0.09463028169014084 0.07042253521126761 
0 0.3772007042253521 0.38791079812206575 0.09595070422535211 0.07511737089201878 
0 0.4746919014084507 0.22946009389671362 0.09903169014084508 0.06924882629107981 
0 0.4766725352112676 0.29019953051643194 0.09683098591549295 0.04988262910798122 
0 0.4744718309859155 0.3453638497652582 0.09683098591549295 0.056924882629107984 
0 0.4766725352112676 0.4005281690140845 0.0880281690140845 0.04988262910798122 
0 0.590669014084507 0.2890258215962441 0.11971830985915492 0.12030516431924883 
0 0.5889084507042254 0.3908450704225352 0.11883802816901408 0.05985915492957746 
0 0.7508802816901409 0.6402582159624414 0.1056338028169014 0.06924882629107981 
0 0.5801056338028169 0.1892605633802817 0.11003521126760564 0.061619718309859156 
0 0.7348151408450704 0.9330985915492958 0.1131161971830986 0.04107981220657277 
0 0.745818661971831 0.8119131455399061 0.12632042253521128 0.08626760563380281 
0 0.2011443661971831 0.5492957746478874 0.1329225352112676 0.09272300469483569 
0 0.19102112676056338 0.6496478873239436 0.13556338028169015 0.09976525821596244 
0 0.1875 0.7356220657276995 0.14084507042253522 0.06044600938967136 
0 0.19630281690140844 0.8119131455399061 0.13204225352112675 0.06866197183098592 
0 0.20620598591549297 0.8785211267605634 0.12984154929577466 0.0528169014084507 
0 0.21236795774647887 0.9301643192488263 0.12632042253521128 0.04107981220657277 
0 0.33252640845070425 0.5522300469483568 0.12544014084507044 0.09507042253521127 
0 0.3287852112676056 0.6519953051643192 0.13556338028169015 0.09507042253521127 
0 0.3259242957746479 0.73268779342723 0.13424295774647887 0.06044600938967136 
0 0.33098591549295775 0.8031103286384976 0.13556338028169015 0.056924882629107984 
0 0.3320862676056338 0.8799882629107981 0.12191901408450705 0.061619718309859156 
0 0.33494718309859156 0.9345657276995305 0.11003521126760564 0.03814553990610329 
0 0.4707306338028169 0.5076291079812206 0.1307218309859155 0.04107981220657277 
0 0.7436179577464789 0.8817488262910798 0.1113556338028169 0.04988262910798122 
0 0.6111355633802817 0.5076291079812206 0.1386443661971831 0.04107981220657277 
0 0.4762323943661972 0.6613849765258216 0.15492957746478872 0.09976525821596244 
0 0.6098151408450704 0.880868544600939 0.12544014084507044 0.057511737089201875 
0 0.6126760563380281 0.818368544600939 0.1267605633802817 0.061619718309859156 
0 0.4707306338028169 0.568368544600939 0.14392605633802816 0.06866197183098592 
0 0.6241197183098591 0.749706572769953 0.13204225352112675 0.0733568075117371 
0 0.578125 0.1164906103286385 0.11663732394366197 0.07453051643192488 
0 0.4636883802816901 0.8852699530516432 0.12984154929577466 0.05457746478873239 
0 0.46963028169014087 0.8177816901408451 0.12411971830985916 0.07805164319248827 
0 0.6159771126760564 0.5701291079812206 0.14392605633802816 0.0721830985915493 
0 0.6298415492957746 0.6607981220657277 0.14524647887323944 0.10093896713615023 
0 0.47183098591549294 0.7400234741784038 0.15757042253521128 0.057511737089201875 
0 0.06426056338028169 0.5698356807511737 0.12323943661971831 0.0892018779342723 
0 0.9634683098591549 0.318075117370892 0.07306338028169014 0.046948356807511735 
0 0.9535651408450704 0.4063967136150235 0.09286971830985916 0.041666666666666664 
0 0.9606073943661971 0.36502347417840375 0.07878521126760564 0.046948356807511735 
0 0.9689700704225352 0.26085680751173707 0.06205985915492958 0.05575117370892019 
0 0.8481514084507042 0.39436619718309857 0.09330985915492958 0.07629107981220658 
0 0.8650968309859155 0.30369718309859156 0.11663732394366197 0.08509389671361503 
0 0.8723591549295775 0.1869131455399061 0.12235915492957747 0.1273474178403756 
0 0.7293133802816901 0.3755868544600939 0.10915492957746478 0.07629107981220658 
0 0.7319542253521126 0.2602699530516432 0.11883802816901408 0.13673708920187794 
0 0.05435739436619718 0.6681338028169014 0.10783450704225352 0.09213615023474178 
0 0.9749119718309859 0.19131455399061034 0.05017605633802817 0.06924882629107981 
0 0.06360035211267606 0.8169014084507042 0.12632042253521128 0.05868544600938967 
0 0.08164612676056338 0.9366197183098591 0.13424295774647887 0.03990610328638498 
0 0.889524647887324 0.755575117370892 0.136443661971831 0.13791079812206572 
0 0.7396566901408451 0.568368544600939 0.09463028169014084 0.06866197183098592 
0 0.84375 0.5619131455399061 0.11355633802816902 0.06748826291079812 
0 0.8668573943661971 0.6373239436619719 0.12191901408450705 0.07746478873239436 
0 0.07020246478873239 0.8823356807511737 0.13512323943661972 0.06631455399061033 
0 0.870818661971831 0.8603286384976526 0.1034330985915493 0.057511737089201875 
0 0.8507922535211268 0.9184272300469484 0.10123239436619719 0.04107981220657277 
0 0.9513644366197183 0.5531103286384976 0.09727112676056338 0.06514084507042253 
0 0.9641285211267606 0.6382042253521126 0.0682218309859155 0.09096244131455399 
0 0.9793133802816901 0.7546948356807511 0.04137323943661972 0.13028169014084506 
0 0.9636883802816901 0.9043427230046949 0.07174295774647887 0.04225352112676056 
0 0.9680897887323944 0.8603286384976526 0.06029929577464789 0.04812206572769953 
0 0.05039612676056338 0.2567488262910798 0.09815140845070422 0.0733568075117371 
0 0.05479753521126761 0.32188967136150237 0.10695422535211267 0.05457746478873239 
0 0.06073943661971831 0.37910798122065725 0.1056338028169014 0.05985915492957746 
0 0.15977112676056338 0.2549882629107981 0.1056338028169014 0.061619718309859156 
0 0.16329225352112675 0.3204225352112676 0.1056338028169014 0.06338028169014084 
0 0.16549295774647887 0.38204225352112675 0.10123239436619719 0.057511737089201875 
0 0.2678257042253521 0.2505868544600939 0.1034330985915493 0.07042253521126761 
0 0.2704665492957746 0.32188967136150237 0.10695422535211267 0.06044600938967136 
0 0.2704665492957746 0.3870305164319249 0.10871478873239436 0.05575117370892019 
0 0.3699383802816901 0.22887323943661972 0.1034330985915493 0.0880281690140845 
0 0.3756602112676056 0.31514084507042256 0.09463028169014084 0.07042253521126761 
0 0.3772007042253521 0.38791079812206575 0.09595070422535211 0.07511737089201878 
0 0.4746919014084507 0.22946009389671362 0.09903169014084508 0.06924882629107981 
0 0.4766725352112676 0.29019953051643194 0.09683098591549295 0.04988262910798122 
0 0.4744718309859155 0.3453638497652582 0.09683098591549295 0.056924882629107984 
0 0.4766725352112676 0.4005281690140845 0.0880281690140845 0.04988262910798122 
0 0.590669014084507 0.2890258215962441 0.11971830985915492 0.12030516431924883 
0 0.5889084507042254 0.3908450704225352 0.11883802816901408 0.05985915492957746 
0 0.7508802816901409 0.6402582159624414 0.1056338028169014 0.06924882629107981 
0 0.5801056338028169 0.1892605633802817 0.11003521126760564 0.061619718309859156 
0 0.7348151408450704 0.9330985915492958 0.1131161971830986 0.04107981220657277 
0 0.745818661971831 0.8119131455399061 0.12632042253521128 0.08626760563380281 
0 0.2011443661971831 0.5492957746478874 0.1329225352112676 0.09272300469483569 
0 0.19102112676056338 0.6496478873239436 0.13556338028169015 0.09976525821596244 
0 0.1875 0.7356220657276995 0.14084507042253522 0.06044600938967136 
0 0.19630281690140844 0.8119131455399061 0.13204225352112675 0.06866197183098592 
0 0.20620598591549297 0.8785211267605634 0.12984154929577466 0.0528169014084507 
0 0.21236795774647887 0.9301643192488263 0.12632042253521128 0.04107981220657277 
0 0.33252640845070425 0.5522300469483568 0.12544014084507044 0.09507042253521127 
0 0.3287852112676056 0.6519953051643192 0.13556338028169015 0.09507042253521127 
0 0.3259242957746479 0.73268779342723 0.13424295774647887 0.06044600938967136 
0 0.33098591549295775 0.8031103286384976 0.13556338028169015 0.056924882629107984 
0 0.3320862676056338 0.8799882629107981 0.12191901408450705 0.061619718309859156 
0 0.33494718309859156 0.9345657276995305 0.11003521126760564 0.03814553990610329 
0 0.4707306338028169 0.5076291079812206 0.1307218309859155 0.04107981220657277 
0 0.7436179577464789 0.8817488262910798 0.1113556338028169 0.04988262910798122 
0 0.6111355633802817 0.5076291079812206 0.1386443661971831 0.04107981220657277 
0 0.4762323943661972 0.6613849765258216 0.15492957746478872 0.09976525821596244 
0 0.6098151408450704 0.880868544600939 0.12544014084507044 0.057511737089201875 
0 0.6126760563380281 0.818368544600939 0.1267605633802817 0.061619718309859156 
0 0.4707306338028169 0.568368544600939 0.14392605633802816 0.06866197183098592 
0 0.6241197183098591 0.749706572769953 0.13204225352112675 0.0733568075117371 
0 0.578125 0.1164906103286385 0.11663732394366197 0.07453051643192488 
0 0.4636883802816901 0.8852699530516432 0.12984154929577466 0.05457746478873239 
0 0.46963028169014087 0.8177816901408451 0.12411971830985916 0.07805164319248827 
0 0.6159771126760564 0.5701291079812206 0.14392605633802816 0.0721830985915493 
0 0.6298415492957746 0.6607981220657277 0.14524647887323944 0.10093896713615023 
0 0.47183098591549294 0.7400234741784038 0.15757042253521128 0.057511737089201875 
0 0.06426056338028169 0.5698356807511737 0.12323943661971831 0.0892018779342723 
0 0.9634683098591549 0.318075117370892 0.07306338028169014 0.046948356807511735 
0 0.9535651408450704 0.4063967136150235 0.09286971830985916 0.041666666666666664 
0 0.9606073943661971 0.36502347417840375 0.07878521126760564 0.046948356807511735 
0 0.9689700704225352 0.26085680751173707 0.06205985915492958 0.05575117370892019 
0 0.8481514084507042 0.39436619718309857 0.09330985915492958 0.07629107981220658 
0 0.8650968309859155 0.30369718309859156 0.11663732394366197 0.08509389671361503 
0 0.8723591549295775 0.1869131455399061 0.12235915492957747 0.1273474178403756 
0 0.7293133802816901 0.3755868544600939 0.10915492957746478 0.07629107981220658 
0 0.7319542253521126 0.2602699530516432 0.11883802816901408 0.13673708920187794 
0 0.05435739436619718 0.6681338028169014 0.10783450704225352 0.09213615023474178 
0 0.9749119718309859 0.19131455399061034 0.05017605633802817 0.06924882629107981 
0 0.06360035211267606 0.8169014084507042 0.12632042253521128 0.05868544600938967 
0 0.08164612676056338 0.9366197183098591 0.13424295774647887 0.03990610328638498 
0 0.889524647887324 0.755575117370892 0.136443661971831 0.13791079812206572 
0 0.7396566901408451 0.568368544600939 0.09463028169014084 0.06866197183098592 
0 0.84375 0.5619131455399061 0.11355633802816902 0.06748826291079812 
0 0.8668573943661971 0.6373239436619719 0.12191901408450705 0.07746478873239436 
0 0.07020246478873239 0.8823356807511737 0.13512323943661972 0.06631455399061033 
0 0.870818661971831 0.8603286384976526 0.1034330985915493 0.057511737089201875 
0 0.8507922535211268 0.9184272300469484 0.10123239436619719 0.04107981220657277 
0 0.9513644366197183 0.5531103286384976 0.09727112676056338 0.06514084507042253 
0 0.9641285211267606 0.6382042253521126 0.0682218309859155 0.09096244131455399 
0 0.9793133802816901 0.7546948356807511 0.04137323943661972 0.13028169014084506 
0 0.9636883802816901 0.9043427230046949 0.07174295774647887 0.04225352112676056 
0 0.9680897887323944 0.8603286384976526 0.06029929577464789 0.04812206572769953 
0 0.05039612676056338 0.2567488262910798 0.09815140845070422 0.0733568075117371 
0 0.05479753521126761 0.32188967136150237 0.10695422535211267 0.05457746478873239 
0 0.06073943661971831 0.37910798122065725 0.1056338028169014 0.05985915492957746 
0 0.15977112676056338 0.2549882629107981 0.1056338028169014 0.061619718309859156 
0 0.16329225352112675 0.3204225352112676 0.1056338028169014 0.06338028169014084 
0 0.16549295774647887 0.38204225352112675 0.10123239436619719 0.057511737089201875 
0 0.2678257042253521 0.2505868544600939 0.1034330985915493 0.07042253521126761 
0 0.2704665492957746 0.32188967136150237 0.10695422535211267 0.06044600938967136 
0 0.2704665492957746 0.3870305164319249 0.10871478873239436 0.05575117370892019 
0 0.3699383802816901 0.22887323943661972 0.1034330985915493 0.0880281690140845 
0 0.3756602112676056 0.31514084507042256 0.09463028169014084 0.07042253521126761 
0 0.3772007042253521 0.38791079812206575 0.09595070422535211 0.07511737089201878 
0 0.4746919014084507 0.22946009389671362 0.09903169014084508 0.06924882629107981 
0 0.4766725352112676 0.29019953051643194 0.09683098591549295 0.04988262910798122 
0 0.4744718309859155 0.3453638497652582 0.09683098591549295 0.056924882629107984 
0 0.4766725352112676 0.4005281690140845 0.0880281690140845 0.04988262910798122 
0 0.590669014084507 0.2890258215962441 0.11971830985915492 0.12030516431924883 
0 0.5889084507042254 0.3908450704225352 0.11883802816901408 0.05985915492957746 
0 0.7508802816901409 0.6402582159624414 0.1056338028169014 0.06924882629107981 
0 0.5801056338028169 0.1892605633802817 0.11003521126760564 0.061619718309859156 
0 0.7348151408450704 0.9330985915492958 0.1131161971830986 0.04107981220657277 
0 0.745818661971831 0.8119131455399061 0.12632042253521128 0.08626760563380281 
0 0.2011443661971831 0.5492957746478874 0.1329225352112676 0.09272300469483569 
0 0.19102112676056338 0.6496478873239436 0.13556338028169015 0.09976525821596244 
0 0.1875 0.7356220657276995 0.14084507042253522 0.06044600938967136 
0 0.19630281690140844 0.8119131455399061 0.13204225352112675 0.06866197183098592 
0 0.20620598591549297 0.8785211267605634 0.12984154929577466 0.0528169014084507 
0 0.21236795774647887 0.9301643192488263 0.12632042253521128 0.04107981220657277 
0 0.33252640845070425 0.5522300469483568 0.12544014084507044 0.09507042253521127 
0 0.3287852112676056 0.6519953051643192 0.13556338028169015 0.09507042253521127 
0 0.3259242957746479 0.73268779342723 0.13424295774647887 0.06044600938967136 
0 0.33098591549295775 0.8031103286384976 0.13556338028169015 0.056924882629107984 
0 0.3320862676056338 0.8799882629107981 0.12191901408450705 0.061619718309859156 
0 0.33494718309859156 0.9345657276995305 0.11003521126760564 0.03814553990610329 
0 0.4707306338028169 0.5076291079812206 0.1307218309859155 0.04107981220657277 
0 0.7436179577464789 0.8817488262910798 0.1113556338028169 0.04988262910798122 
0 0.6111355633802817 0.5076291079812206 0.1386443661971831 0.04107981220657277 
0 0.4762323943661972 0.6613849765258216 0.15492957746478872 0.09976525821596244 
0 0.6098151408450704 0.880868544600939 0.12544014084507044 0.057511737089201875 
0 0.6126760563380281 0.818368544600939 0.1267605633802817 0.061619718309859156 
0 0.4707306338028169 0.568368544600939 0.14392605633802816 0.06866197183098592 
0 0.6241197183098591 0.749706572769953 0.13204225352112675 0.0733568075117371 
0 0.578125 0.1164906103286385 0.11663732394366197 0.07453051643192488 
0 0.4636883802816901 0.8852699530516432 0.12984154929577466 0.05457746478873239 
0 0.46963028169014087 0.8177816901408451 0.12411971830985916 0.07805164319248827 
0 0.6159771126760564 0.5701291079812206 0.14392605633802816 0.0721830985915493 
0 0.6298415492957746 0.6607981220657277 0.14524647887323944 0.10093896713615023 
0 0.47183098591549294 0.7400234741784038 0.15757042253521128 0.057511737089201875 
