0 0.198943661971831 0.8659037558685446 0.10211267605633803 0.04636150234741784 
0 0.6170774647887324 0.9328051643192489 0.11795774647887323 0.05927230046948357 
0 0.5068221830985915 0.8887910798122066 0.09375 0.04988262910798122 
0 0.5052816901408451 0.9454225352112676 0.09683098591549295 0.057511737089201875 
0 0.40360915492957744 0.7802230046948356 0.09595070422535211 0.07687793427230047 
0 0.08824823943661972 0.8664906103286385 0.11047535211267606 0.051056338028169015 
0 0.7546214788732394 0.9140258215962441 0.10695422535211267 0.0733568075117371 
0 0.09330985915492958 0.346537558685446 0.11355633802816902 0.11326291079812206 
0 0.3069982394366197 0.8685446009389671 0.09991197183098592 0.06103286384976526 
0 0.6179577464788732 0.8697183098591549 0.11355633802816902 0.05868544600938967 
0 0.20048415492957747 0.9266431924882629 0.10607394366197183 0.05985915492957746 
0 0.30545774647887325 0.926349765258216 0.09154929577464789 0.06044600938967136 
0 0.8785211267605634 0.9251760563380281 0.1056338028169014 0.08274647887323944 
0 0.40338908450704225 0.9357394366197183 0.09815140845070422 0.05927230046948357 
0 0.4055897887323944 0.8656103286384976 0.09815140845070422 0.07042253521126761 
0 0.08934859154929578 0.9187206572769953 0.10827464788732394 0.058098591549295774 
0 0.6996038732394366 0.45686619718309857 0.12015845070422536 0.11913145539906103 
0 0.36311619718309857 0.01995305164319249 0.15580985915492956 0.03873239436619718 
0 0.5261883802816901 0.22740610328638497 0.09463028169014084 0.04988262910798122 
0 0.5680017605633803 0.4025821596244131 0.11663732394366197 0.04225352112676056 
0 0.8910651408450704 0.846244131455399 0.12632042253521128 0.08215962441314555 
0 0.737455985915493 0.2948943661971831 0.07262323943661972 0.09096244131455399 
0 0.6434859154929577 0.2323943661971831 0.08890845070422536 0.036384976525821594 
0 0.6401848591549296 0.28667840375586856 0.09991197183098592 0.06631455399061033 
0 0.305237676056338 0.7576291079812206 0.09903169014084508 0.02464788732394366 
0 0.20378521126760563 0.7576291079812206 0.1056338028169014 0.022300469483568074 
0 0.5246478873239436 0.29694835680751175 0.09154929577464789 0.08098591549295775 
0 0.09551056338028169 0.7570422535211268 0.11091549295774648 0.029342723004694836 
0 0.2088468309859155 0.7244718309859155 0.1113556338028169 0.03227699530516432 
0 0.10475352112676056 0.7268192488262911 0.10123239436619719 0.03697183098591549 
0 0.9612676056338029 0.3198356807511737 0.07746478873239436 0.07981220657276995 
0 0.07636443661971831 0.4369131455399061 0.1386443661971831 0.0534037558685446 
0 0.07350352112676056 0.5126173708920188 0.14172535211267606 0.09800469483568075 
0 0.05479753521126761 0.07482394366197183 0.10431338028169014 0.12030516431924883 
0 0.5297095070422535 0.027288732394366196 0.15184859154929578 0.0534037558685446 
0 0.3100792253521127 0.7238849765258216 0.09375 0.031103286384976527 
0 0.6146566901408451 0.8048708920187794 0.11223591549295775 0.07687793427230047 
0 0.8516725352112676 0.10416666666666667 0.14348591549295775 0.11443661971830986 
0 0.8998679577464789 0.7564553990610329 0.10695422535211267 0.08568075117370892 
0 0.965669014084507 0.11003521126760564 0.06866197183098592 0.11678403755868545 
0 0.22359154929577466 0.4102112676056338 0.14788732394366197 0.11502347417840375 
0 0.532350352112676 0.5267018779342723 0.1289612676056338 0.12030516431924883 
0 0.19014084507042253 0.02142018779342723 0.1505281690140845 0.041666666666666664 
0 0.3972271126760563 0.2681924882629108 0.14568661971830985 0.11737089201877934 
0 0.8257042253521126 0.5357981220657277 0.12059859154929578 0.10446009389671361 
0 0.8477112676056338 0.30839201877934275 0.14524647887323944 0.12852112676056338 
0 0.7605633802816901 0.8400821596244131 0.12147887323943662 0.06866197183098592 
0 0.3921654929577465 0.37910798122065725 0.12323943661971831 0.0892018779342723 
0 0.5272887323943662 0.10093896713615023 0.14788732394366197 0.08215962441314555 
0 0.198943661971831 0.08392018779342723 0.12764084507042253 0.06455399061032864 
0 0.304137323943662 0.7995892018779343 0.09683098591549295 0.05575117370892019 
0 0.2264524647887324 0.289906103286385 0.15096830985915494 0.12089201877934272 
0 0.6850792253521126 0.09301643192488263 0.15360915492957747 0.1273474178403756 
0 0.6113556338028169 0.7291666666666666 0.10915492957746478 0.06748826291079812 
0 0.22161091549295775 0.5202464788732394 0.13424295774647887 0.10035211267605634 
0 0.1936619718309859 0.8080985915492958 0.10387323943661972 0.06455399061032864 
0 0.7662852112676056 0.755868544600939 0.14084507042253522 0.08450704225352113 
0 0.08560739436619719 0.8025234741784038 0.10431338028169014 0.06748826291079812 
0 0.6106954225352113 0.6690140845070423 0.09727112676056338 0.04107981220657277 
0 0.8342869718309859 0.4301643192488263 0.1386443661971831 0.10211267605633803 
0 0.3789612676056338 0.4536384976525822 0.1382042253521127 0.057511737089201875 
0 0.8970070422535211 0.6875 0.1056338028169014 0.051056338028169015 
0 0.5017605633802817 0.7849178403755869 0.08626760563380281 0.04753521126760563 
0 0.379181338028169 0.5322769953051644 0.14040492957746478 0.09389671361502347 
0 0.5074823943661971 0.7373826291079812 0.09683098591549295 0.04753521126760563 
0 0.5048415492957746 0.8374413145539906 0.09595070422535211 0.04460093896713615 
0 0.9511443661971831 0.556924882629108 0.0977112676056338 0.0539906103286385 
0 0.3576144366197183 0.09360328638497653 0.1500880281690141 0.07922535211267606 
0 0.9529049295774648 0.49002347417840375 0.09419014084507042 0.07629107981220658 
0 0.957306338028169 0.409037558685446 0.08538732394366197 0.07629107981220658 
0 0.198943661971831 0.8659037558685446 0.10211267605633803 0.04636150234741784 
0 0.6170774647887324 0.9328051643192489 0.11795774647887323 0.05927230046948357 
0 0.5068221830985915 0.8887910798122066 0.09375 0.04988262910798122 
0 0.5052816901408451 0.9454225352112676 0.09683098591549295 0.057511737089201875 
0 0.40360915492957744 0.7802230046948356 0.09595070422535211 0.07687793427230047 
0 0.08824823943661972 0.8664906103286385 0.11047535211267606 0.051056338028169015 
0 0.7546214788732394 0.9140258215962441 0.10695422535211267 0.0733568075117371 
0 0.09330985915492958 0.346537558685446 0.11355633802816902 0.11326291079812206 
0 0.3069982394366197 0.8685446009389671 0.09991197183098592 0.06103286384976526 
0 0.6179577464788732 0.8697183098591549 0.11355633802816902 0.05868544600938967 
0 0.20048415492957747 0.9266431924882629 0.10607394366197183 0.05985915492957746 
0 0.30545774647887325 0.926349765258216 0.09154929577464789 0.06044600938967136 
0 0.8785211267605634 0.9251760563380281 0.1056338028169014 0.08274647887323944 
0 0.40338908450704225 0.9357394366197183 0.09815140845070422 0.05927230046948357 
0 0.4055897887323944 0.8656103286384976 0.09815140845070422 0.07042253521126761 
0 0.08934859154929578 0.9187206572769953 0.10827464788732394 0.058098591549295774 
0 0.6996038732394366 0.45686619718309857 0.12015845070422536 0.11913145539906103 
0 0.36311619718309857 0.01995305164319249 0.15580985915492956 0.03873239436619718 
0 0.5261883802816901 0.22740610328638497 0.09463028169014084 0.04988262910798122 
0 0.5680017605633803 0.4025821596244131 0.11663732394366197 0.04225352112676056 
0 0.8910651408450704 0.846244131455399 0.12632042253521128 0.08215962441314555 
0 0.737455985915493 0.2948943661971831 0.07262323943661972 0.09096244131455399 
0 0.6434859154929577 0.2323943661971831 0.08890845070422536 0.036384976525821594 
0 0.6401848591549296 0.28667840375586856 0.09991197183098592 0.06631455399061033 
0 0.305237676056338 0.7576291079812206 0.09903169014084508 0.02464788732394366 
0 0.20378521126760563 0.7576291079812206 0.1056338028169014 0.022300469483568074 
0 0.5246478873239436 0.29694835680751175 0.09154929577464789 0.08098591549295775 
0 0.09551056338028169 0.7570422535211268 0.11091549295774648 0.029342723004694836 
0 0.2088468309859155 0.7244718309859155 0.1113556338028169 0.03227699530516432 
0 0.10475352112676056 0.7268192488262911 0.10123239436619719 0.03697183098591549 
0 0.9612676056338029 0.3198356807511737 0.07746478873239436 0.07981220657276995 
0 0.07636443661971831 0.4369131455399061 0.1386443661971831 0.0534037558685446 
0 0.07350352112676056 0.5126173708920188 0.14172535211267606 0.09800469483568075 
0 0.05479753521126761 0.07482394366197183 0.10431338028169014 0.12030516431924883 
0 0.5297095070422535 0.027288732394366196 0.15184859154929578 0.0534037558685446 
0 0.3100792253521127 0.7238849765258216 0.09375 0.031103286384976527 
0 0.6146566901408451 0.8048708920187794 0.11223591549295775 0.07687793427230047 
0 0.8516725352112676 0.10416666666666667 0.14348591549295775 0.11443661971830986 
0 0.8998679577464789 0.7564553990610329 0.10695422535211267 0.08568075117370892 
0 0.965669014084507 0.11003521126760564 0.06866197183098592 0.11678403755868545 
0 0.22359154929577466 0.4102112676056338 0.14788732394366197 0.11502347417840375 
0 0.532350352112676 0.5267018779342723 0.1289612676056338 0.12030516431924883 
0 0.19014084507042253 0.02142018779342723 0.1505281690140845 0.041666666666666664 
0 0.3972271126760563 0.2681924882629108 0.14568661971830985 0.11737089201877934 
0 0.8257042253521126 0.5357981220657277 0.12059859154929578 0.10446009389671361 
0 0.8477112676056338 0.30839201877934275 0.14524647887323944 0.12852112676056338 
0 0.7605633802816901 0.8400821596244131 0.12147887323943662 0.06866197183098592 
0 0.3921654929577465 0.37910798122065725 0.12323943661971831 0.0892018779342723 
0 0.5272887323943662 0.10093896713615023 0.14788732394366197 0.08215962441314555 
0 0.198943661971831 0.08392018779342723 0.12764084507042253 0.06455399061032864 
0 0.304137323943662 0.7995892018779343 0.09683098591549295 0.05575117370892019 
0 0.2264524647887324 0.289906103286385 0.15096830985915494 0.12089201877934272 
0 0.6850792253521126 0.09301643192488263 0.15360915492957747 0.1273474178403756 
0 0.6113556338028169 0.7291666666666666 0.10915492957746478 0.06748826291079812 
0 0.22161091549295775 0.5202464788732394 0.13424295774647887 0.10035211267605634 
0 0.1936619718309859 0.8080985915492958 0.10387323943661972 0.06455399061032864 
0 0.7662852112676056 0.755868544600939 0.14084507042253522 0.08450704225352113 
0 0.08560739436619719 0.8025234741784038 0.10431338028169014 0.06748826291079812 
0 0.6106954225352113 0.6690140845070423 0.09727112676056338 0.04107981220657277 
0 0.8342869718309859 0.4301643192488263 0.1386443661971831 0.10211267605633803 
0 0.3789612676056338 0.4536384976525822 0.1382042253521127 0.057511737089201875 
0 0.8970070422535211 0.6875 0.1056338028169014 0.051056338028169015 
0 0.5017605633802817 0.7849178403755869 0.08626760563380281 0.04753521126760563 
0 0.379181338028169 0.5322769953051644 0.14040492957746478 0.09389671361502347 
0 0.5074823943661971 0.7373826291079812 0.09683098591549295 0.04753521126760563 
0 0.5048415492957746 0.8374413145539906 0.09595070422535211 0.04460093896713615 
0 0.9511443661971831 0.556924882629108 0.0977112676056338 0.0539906103286385 
0 0.3576144366197183 0.09360328638497653 0.1500880281690141 0.07922535211267606 
0 0.9529049295774648 0.49002347417840375 0.09419014084507042 0.07629107981220658 
0 0.957306338028169 0.409037558685446 0.08538732394366197 0.07629107981220658 
0 0.198943661971831 0.8659037558685446 0.10211267605633803 0.04636150234741784 
0 0.6170774647887324 0.9328051643192489 0.11795774647887323 0.05927230046948357 
0 0.5068221830985915 0.8887910798122066 0.09375 0.04988262910798122 
0 0.5052816901408451 0.9454225352112676 0.09683098591549295 0.057511737089201875 
0 0.40360915492957744 0.7802230046948356 0.09595070422535211 0.07687793427230047 
0 0.08824823943661972 0.8664906103286385 0.11047535211267606 0.051056338028169015 
0 0.7546214788732394 0.9140258215962441 0.10695422535211267 0.0733568075117371 
0 0.09330985915492958 0.346537558685446 0.11355633802816902 0.11326291079812206 
0 0.3069982394366197 0.8685446009389671 0.09991197183098592 0.06103286384976526 
0 0.6179577464788732 0.8697183098591549 0.11355633802816902 0.05868544600938967 
0 0.20048415492957747 0.9266431924882629 0.10607394366197183 0.05985915492957746 
0 0.30545774647887325 0.926349765258216 0.09154929577464789 0.06044600938967136 
0 0.8785211267605634 0.9251760563380281 0.1056338028169014 0.08274647887323944 
0 0.40338908450704225 0.9357394366197183 0.09815140845070422 0.05927230046948357 
0 0.4055897887323944 0.8656103286384976 0.09815140845070422 0.07042253521126761 
0 0.08934859154929578 0.9187206572769953 0.10827464788732394 0.058098591549295774 
0 0.6996038732394366 0.45686619718309857 0.12015845070422536 0.11913145539906103 
0 0.36311619718309857 0.01995305164319249 0.15580985915492956 0.03873239436619718 
0 0.5261883802816901 0.22740610328638497 0.09463028169014084 0.04988262910798122 
0 0.5680017605633803 0.4025821596244131 0.11663732394366197 0.04225352112676056 
0 0.8910651408450704 0.846244131455399 0.12632042253521128 0.08215962441314555 
0 0.737455985915493 0.2948943661971831 0.07262323943661972 0.09096244131455399 
0 0.6434859154929577 0.2323943661971831 0.08890845070422536 0.036384976525821594 
0 0.6401848591549296 0.28667840375586856 0.09991197183098592 0.06631455399061033 
0 0.305237676056338 0.7576291079812206 0.09903169014084508 0.02464788732394366 
0 0.20378521126760563 0.7576291079812206 0.1056338028169014 0.022300469483568074 
0 0.5246478873239436 0.29694835680751175 0.09154929577464789 0.08098591549295775 
0 0.09551056338028169 0.7570422535211268 0.11091549295774648 0.029342723004694836 
0 0.2088468309859155 0.7244718309859155 0.1113556338028169 0.03227699530516432 
0 0.10475352112676056 0.7268192488262911 0.10123239436619719 0.03697183098591549 
0 0.9612676056338029 0.3198356807511737 0.07746478873239436 0.07981220657276995 
0 0.07636443661971831 0.4369131455399061 0.1386443661971831 0.0534037558685446 
0 0.07350352112676056 0.5126173708920188 0.14172535211267606 0.09800469483568075 
0 0.05479753521126761 0.07482394366197183 0.10431338028169014 0.12030516431924883 
0 0.5297095070422535 0.027288732394366196 0.15184859154929578 0.0534037558685446 
0 0.3100792253521127 0.7238849765258216 0.09375 0.031103286384976527 
0 0.6146566901408451 0.8048708920187794 0.11223591549295775 0.07687793427230047 
0 0.8516725352112676 0.10416666666666667 0.14348591549295775 0.11443661971830986 
0 0.8998679577464789 0.7564553990610329 0.10695422535211267 0.08568075117370892 
0 0.965669014084507 0.11003521126760564 0.06866197183098592 0.11678403755868545 
0 0.22359154929577466 0.4102112676056338 0.14788732394366197 0.11502347417840375 
0 0.532350352112676 0.5267018779342723 0.1289612676056338 0.12030516431924883 
0 0.19014084507042253 0.02142018779342723 0.1505281690140845 0.041666666666666664 
0 0.3972271126760563 0.2681924882629108 0.14568661971830985 0.11737089201877934 
0 0.8257042253521126 0.5357981220657277 0.12059859154929578 0.10446009389671361 
0 0.8477112676056338 0.30839201877934275 0.14524647887323944 0.12852112676056338 
0 0.7605633802816901 0.8400821596244131 0.12147887323943662 0.06866197183098592 
0 0.3921654929577465 0.37910798122065725 0.12323943661971831 0.0892018779342723 
0 0.5272887323943662 0.10093896713615023 0.14788732394366197 0.08215962441314555 
0 0.198943661971831 0.08392018779342723 0.12764084507042253 0.06455399061032864 
0 0.304137323943662 0.7995892018779343 0.09683098591549295 0.05575117370892019 
0 0.2264524647887324 0.289906103286385 0.15096830985915494 0.12089201877934272 
0 0.6850792253521126 0.09301643192488263 0.15360915492957747 0.1273474178403756 
0 0.6113556338028169 0.7291666666666666 0.10915492957746478 0.06748826291079812 
0 0.22161091549295775 0.5202464788732394 0.13424295774647887 0.10035211267605634 
0 0.1936619718309859 0.8080985915492958 0.10387323943661972 0.06455399061032864 
0 0.7662852112676056 0.755868544600939 0.14084507042253522 0.08450704225352113 
0 0.08560739436619719 0.8025234741784038 0.10431338028169014 0.06748826291079812 
0 0.6106954225352113 0.6690140845070423 0.09727112676056338 0.04107981220657277 
0 0.8342869718309859 0.4301643192488263 0.1386443661971831 0.10211267605633803 
0 0.3789612676056338 0.4536384976525822 0.1382042253521127 0.057511737089201875 
0 0.8970070422535211 0.6875 0.1056338028169014 0.051056338028169015 
0 0.5017605633802817 0.7849178403755869 0.08626760563380281 0.04753521126760563 
0 0.379181338028169 0.5322769953051644 0.14040492957746478 0.09389671361502347 
0 0.5074823943661971 0.7373826291079812 0.09683098591549295 0.04753521126760563 
0 0.5048415492957746 0.8374413145539906 0.09595070422535211 0.04460093896713615 
0 0.9511443661971831 0.556924882629108 0.0977112676056338 0.0539906103286385 
0 0.3576144366197183 0.09360328638497653 0.1500880281690141 0.07922535211267606 
0 0.9529049295774648 0.49002347417840375 0.09419014084507042 0.07629107981220658 
0 0.957306338028169 0.409037558685446 0.08538732394366197 0.07629107981220658 
