0 0.7084066901408451 0.710093896713615 0.08230633802816902 0.17018779342723006 
0 0.6309419014084507 0.7180164319248826 0.0682218309859155 0.17194835680751175 
0 0.5519366197183099 0.7180164319248826 0.08714788732394366 0.17194835680751175 
0 0.46963028169014087 0.7259389671361502 0.06954225352112677 0.176056338028169 
0 0.21808978873239437 0.7473591549295775 0.09903169014084508 0.17781690140845072 
0 0.3100792253521127 0.7406103286384976 0.07174295774647887 0.17018779342723006 
0 0.12015845070422536 0.7546948356807511 0.08362676056338028 0.16901408450704225 
0 0.7880721830985915 0.7033450704225352 0.06382042253521127 0.17194835680751175 
0 0.03895246478873239 0.7573356807511737 0.07702464788732394 0.16960093896713616 
0 0.3908450704225352 0.7321009389671361 0.07922535211267606 0.17312206572769953 
0 0.8642165492957746 0.6939553990610329 0.07262323943661972 0.16725352112676056 
0 0.6214788732394366 0.9225352112676056 0.07130281690140845 0.13497652582159625 
0 0.15162852112676056 0.9445422535211268 0.07174295774647887 0.10856807511737089 
0 0.23173415492957747 0.9445422535211268 0.08670774647887323 0.11091549295774648 
0 0.32196302816901406 0.9363262910798122 0.07350352112676056 0.1273474178403756 
0 0.3930457746478873 0.931924882629108 0.06338028169014084 0.13615023474178403 
0 0.4669894366197183 0.9328051643192489 0.0818661971830986 0.13438967136150234 
0 0.5466549295774648 0.9284037558685446 0.07834507042253522 0.13497652582159625 
0 0.7018045774647887 0.9196009389671361 0.08934859154929578 0.15258215962441316 
0 0.7827904929577465 0.8999413145539906 0.0682218309859155 0.1426056338028169 
0 0.862455985915493 0.8984741784037559 0.07790492957746478 0.1396713615023474 
0 0.8794014084507042 0.46332159624413144 0.09242957746478873 0.18485915492957747 
0 0.06558098591549295 0.9451291079812206 0.09859154929577464 0.10974178403755869 
0 0.7832306338028169 0.4706572769953052 0.0761443661971831 0.18779342723004694 
0 0.3558538732394366 0.4979460093896714 0.07702464788732394 0.18955399061032863 
0 0.6161971830985915 0.48034037558685444 0.08450704225352113 0.1977699530516432 
0 0.05897887323943662 0.06543427230046948 0.11179577464788733 0.12969483568075119 
0 0.6996038732394366 0.4750586854460094 0.07350352112676056 0.1965962441314554 
0 0.1758362676056338 0.06484741784037559 0.11575704225352113 0.12852112676056338 
0 0.30127640845070425 0.0619131455399061 0.12455985915492958 0.12265258215962441 
0 0.4894366197183099 0.05663145539906103 0.11355633802816902 0.11208920187793427 
0 0.6111355633802817 0.05604460093896713 0.11223591549295775 0.11091549295774648 
0 0.7150088028169014 0.05369718309859155 0.08934859154929578 0.10622065727699531 
0 0.804137323943662 0.053110328638497656 0.07834507042253522 0.10504694835680752 
0 0.1505281690140845 0.26965962441314556 0.1487676056338028 0.1965962441314554 
0 0.2737676056338028 0.2661384976525822 0.09330985915492958 0.18368544600938966 
0 0.3789612676056338 0.25586854460093894 0.1056338028169014 0.19248826291079812 
0 0.8954665492957746 0.05369718309859155 0.09551056338028169 0.10622065727699531 
0 0.5985915492957746 0.24647887323943662 0.09330985915492958 0.18192488262910797 
0 0.53125 0.48708920187793425 0.08450704225352113 0.1936619718309859 
0 0.4982394366197183 0.25440140845070425 0.0977112676056338 0.18016431924882628 
0 0.2792693661971831 0.5052816901408451 0.07174295774647887 0.19483568075117372 
0 0.19234154929577466 0.5140845070422535 0.0977112676056338 0.20422535211267606 
0 0.09330985915492958 0.5134976525821596 0.10035211267605634 0.20539906103286384 
0 0.44212147887323944 0.48914319248826293 0.08494718309859155 0.20129107981220656 
0 0.8787411971830986 0.2391431924882629 0.09815140845070422 0.1613849765258216 
0 0.7808098591549296 0.24295774647887325 0.08714788732394366 0.17136150234741784 
0 0.6941021126760564 0.24559859154929578 0.0801056338028169 0.1742957746478873 
0 0.021786971830985914 0.5214201877934272 0.042693661971830985 0.18603286384976525 
0 0.7084066901408451 0.710093896713615 0.08230633802816902 0.17018779342723006 
0 0.6309419014084507 0.7180164319248826 0.0682218309859155 0.17194835680751175 
0 0.5519366197183099 0.7180164319248826 0.08714788732394366 0.17194835680751175 
0 0.46963028169014087 0.7259389671361502 0.06954225352112677 0.176056338028169 
0 0.21808978873239437 0.7473591549295775 0.09903169014084508 0.17781690140845072 
0 0.3100792253521127 0.7406103286384976 0.07174295774647887 0.17018779342723006 
0 0.12015845070422536 0.7546948356807511 0.08362676056338028 0.16901408450704225 
0 0.7880721830985915 0.7033450704225352 0.06382042253521127 0.17194835680751175 
0 0.03895246478873239 0.7573356807511737 0.07702464788732394 0.16960093896713616 
0 0.3908450704225352 0.7321009389671361 0.07922535211267606 0.17312206572769953 
0 0.8642165492957746 0.6939553990610329 0.07262323943661972 0.16725352112676056 
0 0.6214788732394366 0.9225352112676056 0.07130281690140845 0.13497652582159625 
0 0.15162852112676056 0.9445422535211268 0.07174295774647887 0.10856807511737089 
0 0.23173415492957747 0.9445422535211268 0.08670774647887323 0.11091549295774648 
0 0.32196302816901406 0.9363262910798122 0.07350352112676056 0.1273474178403756 
0 0.3930457746478873 0.931924882629108 0.06338028169014084 0.13615023474178403 
0 0.4669894366197183 0.9328051643192489 0.0818661971830986 0.13438967136150234 
0 0.5466549295774648 0.9284037558685446 0.07834507042253522 0.13497652582159625 
0 0.7018045774647887 0.9196009389671361 0.08934859154929578 0.15258215962441316 
0 0.7827904929577465 0.8999413145539906 0.0682218309859155 0.1426056338028169 
0 0.862455985915493 0.8984741784037559 0.07790492957746478 0.1396713615023474 
0 0.8794014084507042 0.46332159624413144 0.09242957746478873 0.18485915492957747 
0 0.06558098591549295 0.9451291079812206 0.09859154929577464 0.10974178403755869 
0 0.7832306338028169 0.4706572769953052 0.0761443661971831 0.18779342723004694 
0 0.3558538732394366 0.4979460093896714 0.07702464788732394 0.18955399061032863 
0 0.6161971830985915 0.48034037558685444 0.08450704225352113 0.1977699530516432 
0 0.05897887323943662 0.06543427230046948 0.11179577464788733 0.12969483568075119 
0 0.6996038732394366 0.4750586854460094 0.07350352112676056 0.1965962441314554 
0 0.1758362676056338 0.06484741784037559 0.11575704225352113 0.12852112676056338 
0 0.30127640845070425 0.0619131455399061 0.12455985915492958 0.12265258215962441 
0 0.4894366197183099 0.05663145539906103 0.11355633802816902 0.11208920187793427 
0 0.6111355633802817 0.05604460093896713 0.11223591549295775 0.11091549295774648 
0 0.7150088028169014 0.05369718309859155 0.08934859154929578 0.10622065727699531 
0 0.804137323943662 0.053110328638497656 0.07834507042253522 0.10504694835680752 
0 0.1505281690140845 0.26965962441314556 0.1487676056338028 0.1965962441314554 
0 0.2737676056338028 0.2661384976525822 0.09330985915492958 0.18368544600938966 
0 0.3789612676056338 0.25586854460093894 0.1056338028169014 0.19248826291079812 
0 0.8954665492957746 0.05369718309859155 0.09551056338028169 0.10622065727699531 
0 0.5985915492957746 0.24647887323943662 0.09330985915492958 0.18192488262910797 
0 0.53125 0.48708920187793425 0.08450704225352113 0.1936619718309859 
0 0.4982394366197183 0.25440140845070425 0.0977112676056338 0.18016431924882628 
0 0.2792693661971831 0.5052816901408451 0.07174295774647887 0.19483568075117372 
0 0.19234154929577466 0.5140845070422535 0.0977112676056338 0.20422535211267606 
0 0.09330985915492958 0.5134976525821596 0.10035211267605634 0.20539906103286384 
0 0.44212147887323944 0.48914319248826293 0.08494718309859155 0.20129107981220656 
0 0.8787411971830986 0.2391431924882629 0.09815140845070422 0.1613849765258216 
0 0.7808098591549296 0.24295774647887325 0.08714788732394366 0.17136150234741784 
0 0.6941021126760564 0.24559859154929578 0.0801056338028169 0.1742957746478873 
0 0.021786971830985914 0.5214201877934272 0.042693661971830985 0.18603286384976525 
0 0.7084066901408451 0.710093896713615 0.08230633802816902 0.17018779342723006 
0 0.6309419014084507 0.7180164319248826 0.0682218309859155 0.17194835680751175 
0 0.5519366197183099 0.7180164319248826 0.08714788732394366 0.17194835680751175 
0 0.46963028169014087 0.7259389671361502 0.06954225352112677 0.176056338028169 
0 0.21808978873239437 0.7473591549295775 0.09903169014084508 0.17781690140845072 
0 0.3100792253521127 0.7406103286384976 0.07174295774647887 0.17018779342723006 
0 0.12015845070422536 0.7546948356807511 0.08362676056338028 0.16901408450704225 
0 0.7880721830985915 0.7033450704225352 0.06382042253521127 0.17194835680751175 
0 0.03895246478873239 0.7573356807511737 0.07702464788732394 0.16960093896713616 
0 0.3908450704225352 0.7321009389671361 0.07922535211267606 0.17312206572769953 
0 0.8642165492957746 0.6939553990610329 0.07262323943661972 0.16725352112676056 
0 0.6214788732394366 0.9225352112676056 0.07130281690140845 0.13497652582159625 
0 0.15162852112676056 0.9445422535211268 0.07174295774647887 0.10856807511737089 
0 0.23173415492957747 0.9445422535211268 0.08670774647887323 0.11091549295774648 
0 0.32196302816901406 0.9363262910798122 0.07350352112676056 0.1273474178403756 
0 0.3930457746478873 0.931924882629108 0.06338028169014084 0.13615023474178403 
0 0.4669894366197183 0.9328051643192489 0.0818661971830986 0.13438967136150234 
0 0.5466549295774648 0.9284037558685446 0.07834507042253522 0.13497652582159625 
0 0.7018045774647887 0.9196009389671361 0.08934859154929578 0.15258215962441316 
0 0.7827904929577465 0.8999413145539906 0.0682218309859155 0.1426056338028169 
0 0.862455985915493 0.8984741784037559 0.07790492957746478 0.1396713615023474 
0 0.8794014084507042 0.46332159624413144 0.09242957746478873 0.18485915492957747 
0 0.06558098591549295 0.9451291079812206 0.09859154929577464 0.10974178403755869 
0 0.7832306338028169 0.4706572769953052 0.0761443661971831 0.18779342723004694 
0 0.3558538732394366 0.4979460093896714 0.07702464788732394 0.18955399061032863 
0 0.6161971830985915 0.48034037558685444 0.08450704225352113 0.1977699530516432 
0 0.05897887323943662 0.06543427230046948 0.11179577464788733 0.12969483568075119 
0 0.6996038732394366 0.4750586854460094 0.07350352112676056 0.1965962441314554 
0 0.1758362676056338 0.06484741784037559 0.11575704225352113 0.12852112676056338 
0 0.30127640845070425 0.0619131455399061 0.12455985915492958 0.12265258215962441 
0 0.4894366197183099 0.05663145539906103 0.11355633802816902 0.11208920187793427 
0 0.6111355633802817 0.05604460093896713 0.11223591549295775 0.11091549295774648 
0 0.7150088028169014 0.05369718309859155 0.08934859154929578 0.10622065727699531 
0 0.804137323943662 0.053110328638497656 0.07834507042253522 0.10504694835680752 
0 0.1505281690140845 0.26965962441314556 0.1487676056338028 0.1965962441314554 
0 0.2737676056338028 0.2661384976525822 0.09330985915492958 0.18368544600938966 
0 0.3789612676056338 0.25586854460093894 0.1056338028169014 0.19248826291079812 
0 0.8954665492957746 0.05369718309859155 0.09551056338028169 0.10622065727699531 
0 0.5985915492957746 0.24647887323943662 0.09330985915492958 0.18192488262910797 
0 0.53125 0.48708920187793425 0.08450704225352113 0.1936619718309859 
0 0.4982394366197183 0.25440140845070425 0.0977112676056338 0.18016431924882628 
0 0.2792693661971831 0.5052816901408451 0.07174295774647887 0.19483568075117372 
0 0.19234154929577466 0.5140845070422535 0.0977112676056338 0.20422535211267606 
0 0.09330985915492958 0.5134976525821596 0.10035211267605634 0.20539906103286384 
0 0.44212147887323944 0.48914319248826293 0.08494718309859155 0.20129107981220656 
0 0.8787411971830986 0.2391431924882629 0.09815140845070422 0.1613849765258216 
0 0.7808098591549296 0.24295774647887325 0.08714788732394366 0.17136150234741784 
0 0.6941021126760564 0.24559859154929578 0.0801056338028169 0.1742957746478873 
0 0.021786971830985914 0.5214201877934272 0.042693661971830985 0.18603286384976525 
