0 0.035651408450704226 0.0801056338028169 0.07042253521126761 0.08744131455399061 
0 0.15602992957746478 0.28726525821596244 0.1641725352112676 0.09683098591549295 
0 0.035651408450704226 0.3703051643192488 0.07042253521126761 0.07746478873239436 
0 0.1538292253521127 0.0880281690140845 0.16593309859154928 0.09976525821596244 
0 0.15492957746478872 0.18896713615023475 0.1637323943661972 0.0880281690140845 
0 0.35563380281690143 0.7458920187793427 0.16285211267605634 0.0892018779342723 
0 0.1542693661971831 0.37089201877934275 0.15625 0.07042253521126761 
0 0.0371919014084507 0.27992957746478875 0.07174295774647887 0.0880281690140845 
0 0.35629401408450706 0.8339201877934272 0.15536971830985916 0.0892018779342723 
0 0.6698943661971831 0.7004107981220657 0.13996478873239437 0.10974178403755869 
0 0.5162852112676056 0.653462441314554 0.15404929577464788 0.08626760563380281 
0 0.5169454225352113 0.7464788732394366 0.15096830985915494 0.0880281690140845 
0 0.5173855633802817 0.8389084507042254 0.14744718309859156 0.07922535211267606 
0 0.6698943661971831 0.5742370892018779 0.1505281690140845 0.13086854460093897 
0 0.6709947183098591 0.8192488262910798 0.14216549295774647 0.1068075117370892 
0 0.8191021126760564 0.5713028169014085 0.14524647887323944 0.11326291079812206 
0 0.8195422535211268 0.6924882629107981 0.1443661971830986 0.1056338028169014 
0 0.8202024647887324 0.8125 0.1386443661971831 0.12030516431924883 
0 0.9460827464788732 0.5786384976525821 0.10255281690140845 0.11267605633802817 
0 0.9480633802816901 0.6954225352112676 0.10387323943661972 0.1056338028169014 
0 0.9480633802816901 0.8107394366197183 0.10387323943661972 0.11091549295774648 
0 0.316681338028169 0.07981220657276995 0.15536971830985916 0.10446009389671361 
0 0.394806338028169 0.977406103286385 0.1311619718309859 0.04518779342723005 
0 0.5143045774647887 0.5580985915492958 0.15625 0.09507042253521127 
0 0.3188820422535211 0.18779342723004694 0.15536971830985916 0.0880281690140845 
0 0.03675176056338028 0.18104460093896713 0.07262323943661972 0.10152582159624413 
0 0.3184419014084507 0.3703051643192488 0.15625 0.08685446009389672 
0 0.31932218309859156 0.278462441314554 0.15625 0.08509389671361503 
0 0.35673415492957744 0.5560446009389671 0.15184859154929578 0.09096244131455399 
0 0.1974031690140845 0.829518779342723 0.15184859154929578 0.09213615023474178 
0 0.2011443661971831 0.7400234741784038 0.14612676056338028 0.08098591549295775 
0 0.19850352112676056 0.6514084507042254 0.14964788732394366 0.09389671361502347 
0 0.2011443661971831 0.5492957746478874 0.15316901408450703 0.09272300469483569 
0 0.06095950704225352 0.8151408450704225 0.1210387323943662 0.11619718309859155 
0 0.06029929577464789 0.6948356807511737 0.11971830985915492 0.11619718309859155 
0 0.06205985915492958 0.568368544600939 0.11883802816901408 0.13086854460093897 
0 0.9375 0.3714788732394366 0.125 0.10915492957746478 
0 0.9383802816901409 0.24706572769953053 0.12235915492957747 0.12206572769953052 
0 0.9370598591549296 0.11267605633802817 0.12588028169014084 0.13732394366197184 
0 0.35849471830985913 0.6514084507042254 0.15272887323943662 0.0880281690140845 
0 0.7953345070422535 0.2919600938967136 0.1487676056338028 0.09096244131455399 
0 0.793794014084507 0.3870305164319249 0.15184859154929578 0.08509389671361503 
0 0.47997359154929575 0.18368544600938966 0.16505281690140844 0.09859154929577464 
0 0.48129401408450706 0.28080985915492956 0.16065140845070422 0.08626760563380281 
0 0.4828345070422535 0.3761737089201878 0.15933098591549297 0.08685446009389672 
0 0.6397447183098591 0.09389671361502347 0.14744718309859156 0.09976525821596244 
0 0.4795334507042254 0.08509389671361503 0.1641725352112676 0.09389671361502347 
0 0.6408450704225352 0.28433098591549294 0.14964788732394366 0.08509389671361503 
0 0.6412852112676056 0.37764084507042256 0.14612676056338028 0.09565727699530517 
0 0.7942341549295775 0.1068075117370892 0.15272887323943662 0.09976525821596244 
0 0.7981954225352113 0.20158450704225353 0.15184859154929578 0.08039906103286384 
0 0.6412852112676056 0.19336854460093897 0.1505281690140845 0.09096244131455399 
0 0.035651408450704226 0.0801056338028169 0.07042253521126761 0.08744131455399061 
0 0.15602992957746478 0.28726525821596244 0.1641725352112676 0.09683098591549295 
0 0.035651408450704226 0.3703051643192488 0.07042253521126761 0.07746478873239436 
0 0.1538292253521127 0.0880281690140845 0.16593309859154928 0.09976525821596244 
0 0.15492957746478872 0.18896713615023475 0.1637323943661972 0.0880281690140845 
0 0.35563380281690143 0.7458920187793427 0.16285211267605634 0.0892018779342723 
0 0.1542693661971831 0.37089201877934275 0.15625 0.07042253521126761 
0 0.0371919014084507 0.27992957746478875 0.07174295774647887 0.0880281690140845 
0 0.35629401408450706 0.8339201877934272 0.15536971830985916 0.0892018779342723 
0 0.6698943661971831 0.7004107981220657 0.13996478873239437 0.10974178403755869 
0 0.5162852112676056 0.653462441314554 0.15404929577464788 0.08626760563380281 
0 0.5169454225352113 0.7464788732394366 0.15096830985915494 0.0880281690140845 
0 0.5173855633802817 0.8389084507042254 0.14744718309859156 0.07922535211267606 
0 0.6698943661971831 0.5742370892018779 0.1505281690140845 0.13086854460093897 
0 0.6709947183098591 0.8192488262910798 0.14216549295774647 0.1068075117370892 
0 0.8191021126760564 0.5713028169014085 0.14524647887323944 0.11326291079812206 
0 0.8195422535211268 0.6924882629107981 0.1443661971830986 0.1056338028169014 
0 0.8202024647887324 0.8125 0.1386443661971831 0.12030516431924883 
0 0.9460827464788732 0.5786384976525821 0.10255281690140845 0.11267605633802817 
0 0.9480633802816901 0.6954225352112676 0.10387323943661972 0.1056338028169014 
0 0.9480633802816901 0.8107394366197183 0.10387323943661972 0.11091549295774648 
0 0.316681338028169 0.07981220657276995 0.15536971830985916 0.10446009389671361 
0 0.394806338028169 0.977406103286385 0.1311619718309859 0.04518779342723005 
0 0.5143045774647887 0.5580985915492958 0.15625 0.09507042253521127 
0 0.3188820422535211 0.18779342723004694 0.15536971830985916 0.0880281690140845 
0 0.03675176056338028 0.18104460093896713 0.07262323943661972 0.10152582159624413 
0 0.3184419014084507 0.3703051643192488 0.15625 0.08685446009389672 
0 0.31932218309859156 0.278462441314554 0.15625 0.08509389671361503 
0 0.35673415492957744 0.5560446009389671 0.15184859154929578 0.09096244131455399 
0 0.1974031690140845 0.829518779342723 0.15184859154929578 0.09213615023474178 
0 0.2011443661971831 0.7400234741784038 0.14612676056338028 0.08098591549295775 
0 0.19850352112676056 0.6514084507042254 0.14964788732394366 0.09389671361502347 
0 0.2011443661971831 0.5492957746478874 0.15316901408450703 0.09272300469483569 
0 0.06095950704225352 0.8151408450704225 0.1210387323943662 0.11619718309859155 
0 0.06029929577464789 0.6948356807511737 0.11971830985915492 0.11619718309859155 
0 0.06205985915492958 0.568368544600939 0.11883802816901408 0.13086854460093897 
0 0.9375 0.3714788732394366 0.125 0.10915492957746478 
0 0.9383802816901409 0.24706572769953053 0.12235915492957747 0.12206572769953052 
0 0.9370598591549296 0.11267605633802817 0.12588028169014084 0.13732394366197184 
0 0.35849471830985913 0.6514084507042254 0.15272887323943662 0.0880281690140845 
0 0.7953345070422535 0.2919600938967136 0.1487676056338028 0.09096244131455399 
0 0.793794014084507 0.3870305164319249 0.15184859154929578 0.08509389671361503 
0 0.47997359154929575 0.18368544600938966 0.16505281690140844 0.09859154929577464 
0 0.48129401408450706 0.28080985915492956 0.16065140845070422 0.08626760563380281 
0 0.4828345070422535 0.3761737089201878 0.15933098591549297 0.08685446009389672 
0 0.6397447183098591 0.09389671361502347 0.14744718309859156 0.09976525821596244 
0 0.4795334507042254 0.08509389671361503 0.1641725352112676 0.09389671361502347 
0 0.6408450704225352 0.28433098591549294 0.14964788732394366 0.08509389671361503 
0 0.6412852112676056 0.37764084507042256 0.14612676056338028 0.09565727699530517 
0 0.7942341549295775 0.1068075117370892 0.15272887323943662 0.09976525821596244 
0 0.7981954225352113 0.20158450704225353 0.15184859154929578 0.08039906103286384 
0 0.6412852112676056 0.19336854460093897 0.1505281690140845 0.09096244131455399 
0 0.035651408450704226 0.0801056338028169 0.07042253521126761 0.08744131455399061 
0 0.15602992957746478 0.28726525821596244 0.1641725352112676 0.09683098591549295 
0 0.035651408450704226 0.3703051643192488 0.07042253521126761 0.07746478873239436 
0 0.1538292253521127 0.0880281690140845 0.16593309859154928 0.09976525821596244 
0 0.15492957746478872 0.18896713615023475 0.1637323943661972 0.0880281690140845 
0 0.35563380281690143 0.7458920187793427 0.16285211267605634 0.0892018779342723 
0 0.1542693661971831 0.37089201877934275 0.15625 0.07042253521126761 
0 0.0371919014084507 0.27992957746478875 0.07174295774647887 0.0880281690140845 
0 0.35629401408450706 0.8339201877934272 0.15536971830985916 0.0892018779342723 
0 0.6698943661971831 0.7004107981220657 0.13996478873239437 0.10974178403755869 
0 0.5162852112676056 0.653462441314554 0.15404929577464788 0.08626760563380281 
0 0.5169454225352113 0.7464788732394366 0.15096830985915494 0.0880281690140845 
0 0.5173855633802817 0.8389084507042254 0.14744718309859156 0.07922535211267606 
0 0.6698943661971831 0.5742370892018779 0.1505281690140845 0.13086854460093897 
0 0.6709947183098591 0.8192488262910798 0.14216549295774647 0.1068075117370892 
0 0.8191021126760564 0.5713028169014085 0.14524647887323944 0.11326291079812206 
0 0.8195422535211268 0.6924882629107981 0.1443661971830986 0.1056338028169014 
0 0.8202024647887324 0.8125 0.1386443661971831 0.12030516431924883 
0 0.9460827464788732 0.5786384976525821 0.10255281690140845 0.11267605633802817 
0 0.9480633802816901 0.6954225352112676 0.10387323943661972 0.1056338028169014 
0 0.9480633802816901 0.8107394366197183 0.10387323943661972 0.11091549295774648 
0 0.316681338028169 0.07981220657276995 0.15536971830985916 0.10446009389671361 
0 0.394806338028169 0.977406103286385 0.1311619718309859 0.04518779342723005 
0 0.5143045774647887 0.5580985915492958 0.15625 0.09507042253521127 
0 0.3188820422535211 0.18779342723004694 0.15536971830985916 0.0880281690140845 
0 0.03675176056338028 0.18104460093896713 0.07262323943661972 0.10152582159624413 
0 0.3184419014084507 0.3703051643192488 0.15625 0.08685446009389672 
0 0.31932218309859156 0.278462441314554 0.15625 0.08509389671361503 
0 0.35673415492957744 0.5560446009389671 0.15184859154929578 0.09096244131455399 
0 0.1974031690140845 0.829518779342723 0.15184859154929578 0.09213615023474178 
0 0.2011443661971831 0.7400234741784038 0.14612676056338028 0.08098591549295775 
0 0.19850352112676056 0.6514084507042254 0.14964788732394366 0.09389671361502347 
0 0.2011443661971831 0.5492957746478874 0.15316901408450703 0.09272300469483569 
0 0.06095950704225352 0.8151408450704225 0.1210387323943662 0.11619718309859155 
0 0.06029929577464789 0.6948356807511737 0.11971830985915492 0.11619718309859155 
0 0.06205985915492958 0.568368544600939 0.11883802816901408 0.13086854460093897 
0 0.9375 0.3714788732394366 0.125 0.10915492957746478 
0 0.9383802816901409 0.24706572769953053 0.12235915492957747 0.12206572769953052 
0 0.9370598591549296 0.11267605633802817 0.12588028169014084 0.13732394366197184 
0 0.35849471830985913 0.6514084507042254 0.15272887323943662 0.0880281690140845 
0 0.7953345070422535 0.2919600938967136 0.1487676056338028 0.09096244131455399 
0 0.793794014084507 0.3870305164319249 0.15184859154929578 0.08509389671361503 
0 0.47997359154929575 0.18368544600938966 0.16505281690140844 0.09859154929577464 
0 0.48129401408450706 0.28080985915492956 0.16065140845070422 0.08626760563380281 
0 0.4828345070422535 0.3761737089201878 0.15933098591549297 0.08685446009389672 
0 0.6397447183098591 0.09389671361502347 0.14744718309859156 0.09976525821596244 
0 0.4795334507042254 0.08509389671361503 0.1641725352112676 0.09389671361502347 
0 0.6408450704225352 0.28433098591549294 0.14964788732394366 0.08509389671361503 
0 0.6412852112676056 0.37764084507042256 0.14612676056338028 0.09565727699530517 
0 0.7942341549295775 0.1068075117370892 0.15272887323943662 0.09976525821596244 
0 0.7981954225352113 0.20158450704225353 0.15184859154929578 0.08039906103286384 
0 0.6412852112676056 0.19336854460093897 0.1505281690140845 0.09096244131455399 
