0 0.8532130281690141 0.6346830985915493 0.13160211267605634 0.10387323943661972 
0 0.9555457746478874 0.784037558685446 0.08714788732394366 0.046948356807511735 
0 0.9579665492957746 0.8573943661971831 0.09110915492957747 0.045774647887323945 
0 0.5422535211267606 0.7755281690140845 0.13996478873239437 0.05927230046948357 
0 0.08956866197183098 0.761443661971831 0.16505281690140844 0.05575117370892019 
0 0.5418133802816901 0.8491784037558685 0.13380281690140844 0.07394366197183098 
0 0.3926056338028169 0.8403755868544601 0.14172535211267606 0.08568075117370892 
0 0.8331866197183099 0.8436032863849765 0.12764084507042253 0.10269953051643192 
0 0.9650088028169014 0.6373239436619719 0.06998239436619719 0.08098591549295775 
0 0.11487676056338028 0.6740023474178404 0.11443661971830986 0.10387323943661972 
0 0.06580105633802817 0.40933098591549294 0.1307218309859155 0.09096244131455399 
0 0.9590669014084507 0.4242957746478873 0.0801056338028169 0.10446009389671361 
0 0.06360035211267606 0.16842723004694835 0.12632042253521128 0.11737089201877934 
0 0.06360035211267606 0.2925469483568075 0.12632042253521128 0.12147887323943662 
0 0.09110915492957747 0.8424295774647887 0.13556338028169015 0.0897887323943662 
0 0.21038732394366197 0.24413145539906103 0.15404929577464788 0.0892018779342723 
0 0.3939260563380282 0.7690727699530516 0.13468309859154928 0.06396713615023474 
0 0.8422095070422535 0.7341549295774648 0.14040492957746478 0.09272300469483569 
0 0.24119718309859156 0.6311619718309859 0.136443661971831 0.0897887323943662 
0 0.5369718309859155 0.42811032863849763 0.15669014084507044 0.0886150234741784 
0 0.7079665492957746 0.749706572769953 0.11223591549295775 0.12852112676056338 
0 0.9619278169014085 0.721537558685446 0.08318661971830986 0.061619718309859156 
0 0.9634683098591549 0.31660798122065725 0.07306338028169014 0.1238262910798122 
0 0.6897007042253521 0.4213615023474178 0.13996478873239437 0.11384976525821597 
0 0.6439260563380281 0.5786384976525821 0.10123239436619719 0.06572769953051644 
0 0.5378521126760564 0.15933098591549297 0.1637323943661972 0.09213615023474178 
0 0.9650088028169014 0.18280516431924881 0.06998239436619719 0.1238262910798122 
0 0.6982834507042254 0.17693661971830985 0.15536971830985916 0.1273474178403756 
0 0.3730193661971831 0.2579225352112676 0.15889084507042253 0.07687793427230047 
0 0.370818661971831 0.34976525821596244 0.14568661971830985 0.07981220657276995 
0 0.214568661971831 0.420481220657277 0.15713028169014084 0.07453051643192488 
0 0.5378521126760564 0.3371478873239437 0.15933098591549297 0.09096244131455399 
0 0.8567341549295775 0.17928403755868544 0.14568661971830985 0.12265258215962441 
0 0.24295774647887325 0.7423708920187794 0.1443661971830986 0.1056338028169014 
0 0.8441901408450704 0.42458920187793425 0.14524647887323944 0.11561032863849766 
0 0.8532130281690141 0.3001760563380282 0.1430457746478873 0.1238262910798122 
0 0.5387323943661971 0.24735915492957747 0.16461267605633803 0.08039906103286384 
0 0.4080105633802817 0.602406103286385 0.12411971830985916 0.0886150234741784 
0 0.3710387323943662 0.44190140845070425 0.14964788732394366 0.09272300469483569 
0 0.37367957746478875 0.15933098591549297 0.16637323943661972 0.09448356807511737 
0 0.21214788732394366 0.33773474178403756 0.15933098591549297 0.08744131455399061 
0 0.2110475352112676 0.15580985915492956 0.15096830985915494 0.0897887323943662 
0 0.6971830985915493 0.30164319248826293 0.14700704225352113 0.12441314553990611 
0 0.23965669014084506 0.8474178403755869 0.15096830985915494 0.09507042253521127 
0 0.7451584507042254 0.5845070422535211 0.07042253521126761 0.07511737089201878 
0 0.5774647887323944 0.7106807511737089 0.12852112676056338 0.045774647887323945 
0 0.53125 0.5933098591549296 0.10211267605633803 0.07511737089201878 
0 0.4064700704225352 0.6960093896713615 0.1192781690140845 0.08098591549295775 
0 0.8532130281690141 0.6346830985915493 0.13160211267605634 0.10387323943661972 
0 0.9555457746478874 0.784037558685446 0.08714788732394366 0.046948356807511735 
0 0.9579665492957746 0.8573943661971831 0.09110915492957747 0.045774647887323945 
0 0.5422535211267606 0.7755281690140845 0.13996478873239437 0.05927230046948357 
0 0.08956866197183098 0.761443661971831 0.16505281690140844 0.05575117370892019 
0 0.5418133802816901 0.8491784037558685 0.13380281690140844 0.07394366197183098 
0 0.3926056338028169 0.8403755868544601 0.14172535211267606 0.08568075117370892 
0 0.8331866197183099 0.8436032863849765 0.12764084507042253 0.10269953051643192 
0 0.9650088028169014 0.6373239436619719 0.06998239436619719 0.08098591549295775 
0 0.11487676056338028 0.6740023474178404 0.11443661971830986 0.10387323943661972 
0 0.06580105633802817 0.40933098591549294 0.1307218309859155 0.09096244131455399 
0 0.9590669014084507 0.4242957746478873 0.0801056338028169 0.10446009389671361 
0 0.06360035211267606 0.16842723004694835 0.12632042253521128 0.11737089201877934 
0 0.06360035211267606 0.2925469483568075 0.12632042253521128 0.12147887323943662 
0 0.09110915492957747 0.8424295774647887 0.13556338028169015 0.0897887323943662 
0 0.21038732394366197 0.24413145539906103 0.15404929577464788 0.0892018779342723 
0 0.3939260563380282 0.7690727699530516 0.13468309859154928 0.06396713615023474 
0 0.8422095070422535 0.7341549295774648 0.14040492957746478 0.09272300469483569 
0 0.24119718309859156 0.6311619718309859 0.136443661971831 0.0897887323943662 
0 0.5369718309859155 0.42811032863849763 0.15669014084507044 0.0886150234741784 
0 0.7079665492957746 0.749706572769953 0.11223591549295775 0.12852112676056338 
0 0.9619278169014085 0.721537558685446 0.08318661971830986 0.061619718309859156 
0 0.9634683098591549 0.31660798122065725 0.07306338028169014 0.1238262910798122 
0 0.6897007042253521 0.4213615023474178 0.13996478873239437 0.11384976525821597 
0 0.6439260563380281 0.5786384976525821 0.10123239436619719 0.06572769953051644 
0 0.5378521126760564 0.15933098591549297 0.1637323943661972 0.09213615023474178 
0 0.9650088028169014 0.18280516431924881 0.06998239436619719 0.1238262910798122 
0 0.6982834507042254 0.17693661971830985 0.15536971830985916 0.1273474178403756 
0 0.3730193661971831 0.2579225352112676 0.15889084507042253 0.07687793427230047 
0 0.370818661971831 0.34976525821596244 0.14568661971830985 0.07981220657276995 
0 0.214568661971831 0.420481220657277 0.15713028169014084 0.07453051643192488 
0 0.5378521126760564 0.3371478873239437 0.15933098591549297 0.09096244131455399 
0 0.8567341549295775 0.17928403755868544 0.14568661971830985 0.12265258215962441 
0 0.24295774647887325 0.7423708920187794 0.1443661971830986 0.1056338028169014 
0 0.8441901408450704 0.42458920187793425 0.14524647887323944 0.11561032863849766 
0 0.8532130281690141 0.3001760563380282 0.1430457746478873 0.1238262910798122 
0 0.5387323943661971 0.24735915492957747 0.16461267605633803 0.08039906103286384 
0 0.4080105633802817 0.602406103286385 0.12411971830985916 0.0886150234741784 
0 0.3710387323943662 0.44190140845070425 0.14964788732394366 0.09272300469483569 
0 0.37367957746478875 0.15933098591549297 0.16637323943661972 0.09448356807511737 
0 0.21214788732394366 0.33773474178403756 0.15933098591549297 0.08744131455399061 
0 0.2110475352112676 0.15580985915492956 0.15096830985915494 0.0897887323943662 
0 0.6971830985915493 0.30164319248826293 0.14700704225352113 0.12441314553990611 
0 0.23965669014084506 0.8474178403755869 0.15096830985915494 0.09507042253521127 
0 0.7451584507042254 0.5845070422535211 0.07042253521126761 0.07511737089201878 
0 0.5774647887323944 0.7106807511737089 0.12852112676056338 0.045774647887323945 
0 0.53125 0.5933098591549296 0.10211267605633803 0.07511737089201878 
0 0.4064700704225352 0.6960093896713615 0.1192781690140845 0.08098591549295775 
0 0.8532130281690141 0.6346830985915493 0.13160211267605634 0.10387323943661972 
0 0.9555457746478874 0.784037558685446 0.08714788732394366 0.046948356807511735 
0 0.9579665492957746 0.8573943661971831 0.09110915492957747 0.045774647887323945 
0 0.5422535211267606 0.7755281690140845 0.13996478873239437 0.05927230046948357 
0 0.08956866197183098 0.761443661971831 0.16505281690140844 0.05575117370892019 
0 0.5418133802816901 0.8491784037558685 0.13380281690140844 0.07394366197183098 
0 0.3926056338028169 0.8403755868544601 0.14172535211267606 0.08568075117370892 
0 0.8331866197183099 0.8436032863849765 0.12764084507042253 0.10269953051643192 
0 0.9650088028169014 0.6373239436619719 0.06998239436619719 0.08098591549295775 
0 0.11487676056338028 0.6740023474178404 0.11443661971830986 0.10387323943661972 
0 0.06580105633802817 0.40933098591549294 0.1307218309859155 0.09096244131455399 
0 0.9590669014084507 0.4242957746478873 0.0801056338028169 0.10446009389671361 
0 0.06360035211267606 0.16842723004694835 0.12632042253521128 0.11737089201877934 
0 0.06360035211267606 0.2925469483568075 0.12632042253521128 0.12147887323943662 
0 0.09110915492957747 0.8424295774647887 0.13556338028169015 0.0897887323943662 
0 0.21038732394366197 0.24413145539906103 0.15404929577464788 0.0892018779342723 
0 0.3939260563380282 0.7690727699530516 0.13468309859154928 0.06396713615023474 
0 0.8422095070422535 0.7341549295774648 0.14040492957746478 0.09272300469483569 
0 0.24119718309859156 0.6311619718309859 0.136443661971831 0.0897887323943662 
0 0.5369718309859155 0.42811032863849763 0.15669014084507044 0.0886150234741784 
0 0.7079665492957746 0.749706572769953 0.11223591549295775 0.12852112676056338 
0 0.9619278169014085 0.721537558685446 0.08318661971830986 0.061619718309859156 
0 0.9634683098591549 0.31660798122065725 0.07306338028169014 0.1238262910798122 
0 0.6897007042253521 0.4213615023474178 0.13996478873239437 0.11384976525821597 
0 0.6439260563380281 0.5786384976525821 0.10123239436619719 0.06572769953051644 
0 0.5378521126760564 0.15933098591549297 0.1637323943661972 0.09213615023474178 
0 0.9650088028169014 0.18280516431924881 0.06998239436619719 0.1238262910798122 
0 0.6982834507042254 0.17693661971830985 0.15536971830985916 0.1273474178403756 
0 0.3730193661971831 0.2579225352112676 0.15889084507042253 0.07687793427230047 
0 0.370818661971831 0.34976525821596244 0.14568661971830985 0.07981220657276995 
0 0.214568661971831 0.420481220657277 0.15713028169014084 0.07453051643192488 
0 0.5378521126760564 0.3371478873239437 0.15933098591549297 0.09096244131455399 
0 0.8567341549295775 0.17928403755868544 0.14568661971830985 0.12265258215962441 
0 0.24295774647887325 0.7423708920187794 0.1443661971830986 0.1056338028169014 
0 0.8441901408450704 0.42458920187793425 0.14524647887323944 0.11561032863849766 
0 0.8532130281690141 0.3001760563380282 0.1430457746478873 0.1238262910798122 
0 0.5387323943661971 0.24735915492957747 0.16461267605633803 0.08039906103286384 
0 0.4080105633802817 0.602406103286385 0.12411971830985916 0.0886150234741784 
0 0.3710387323943662 0.44190140845070425 0.14964788732394366 0.09272300469483569 
0 0.37367957746478875 0.15933098591549297 0.16637323943661972 0.09448356807511737 
0 0.21214788732394366 0.33773474178403756 0.15933098591549297 0.08744131455399061 
0 0.2110475352112676 0.15580985915492956 0.15096830985915494 0.0897887323943662 
0 0.6971830985915493 0.30164319248826293 0.14700704225352113 0.12441314553990611 
0 0.23965669014084506 0.8474178403755869 0.15096830985915494 0.09507042253521127 
0 0.7451584507042254 0.5845070422535211 0.07042253521126761 0.07511737089201878 
0 0.5774647887323944 0.7106807511737089 0.12852112676056338 0.045774647887323945 
0 0.53125 0.5933098591549296 0.10211267605633803 0.07511737089201878 
0 0.4064700704225352 0.6960093896713615 0.1192781690140845 0.08098591549295775 
