0 0.9584066901408451 0.20187793427230047 0.08318661971830986 0.03403755868544601 
0 0.8507922535211268 0.8876173708920188 0.11883802816901408 0.05575117370892019 
0 0.8378080985915493 0.9404342723004695 0.11663732394366197 0.04401408450704225 
0 0.8690580985915493 0.823650234741784 0.12191901408450705 0.0721830985915493 
0 0.8844630281690141 0.6734154929577465 0.15536971830985916 0.11443661971830986 
0 0.862455985915493 0.5586854460093896 0.13512323943661972 0.1056338028169014 
0 0.6005721830985915 0.8054577464788732 0.12191901408450705 0.05575117370892019 
0 0.7297535211267606 0.8113262910798122 0.11003521126760564 0.05575117370892019 
0 0.7222711267605634 0.8685446009389671 0.11883802816901408 0.0528169014084507 
0 0.7139084507042254 0.9345657276995305 0.10915492957746478 0.05575117370892019 
0 0.589568661971831 0.9351525821596244 0.10695422535211267 0.051056338028169015 
0 0.5957306338028169 0.8741197183098591 0.11223591549295775 0.061619718309859156 
0 0.707306338028169 0.5308098591549296 0.11971830985915492 0.0733568075117371 
0 0.7266725352112676 0.6229460093896714 0.13380281690140844 0.09213615023474178 
0 0.7392165492957746 0.727406103286385 0.13512323943661972 0.10856807511737089 
0 0.6043133802816901 0.7186032863849765 0.13204225352112675 0.10269953051643192 
0 0.5867077464788732 0.5352112676056338 0.11443661971830986 0.08215962441314555 
0 0.4784330985915493 0.5223004694835681 0.10211267605633803 0.04107981220657277 
0 0.480193661971831 0.5654342723004695 0.10123239436619719 0.03931924882629108 
0 0.4784330985915493 0.6129694835680751 0.10651408450704225 0.04988262910798122 
0 0.4779929577464789 0.698943661971831 0.11003521126760564 0.11267605633802817 
0 0.47733274647887325 0.8060446009389671 0.10695422535211267 0.10152582159624413 
0 0.47733274647887325 0.8858568075117371 0.10431338028169014 0.04401408450704225 
0 0.4766725352112676 0.9292840375586855 0.1056338028169014 0.03931924882629108 
0 0.36795774647887325 0.9242957746478874 0.1056338028169014 0.04107981220657277 
0 0.9533450704225352 0.9419014084507042 0.09242957746478873 0.0528169014084507 
0 0.36399647887323944 0.8799882629107981 0.11091549295774648 0.03227699530516432 
0 0.9617077464788732 0.886443661971831 0.07658450704225352 0.04518779342723005 
0 0.9661091549295775 0.5578051643192489 0.06778169014084508 0.10387323943661972 
0 0.04379401408450704 0.9187206572769953 0.08670774647887323 0.056924882629107984 
0 0.03939260563380282 0.8562206572769953 0.07790492957746478 0.06103286384976526 
0 0.035651408450704226 0.8039906103286385 0.07042253521126761 0.0528169014084507 
0 0.04995598591549296 0.5223004694835681 0.05501760563380282 0.11150234741784038 
0 0.028389084507042254 0.67018779342723 0.05149647887323944 0.176056338028169 
0 0.13842429577464788 0.857981220657277 0.10695422535211267 0.046948356807511735 
0 0.14612676056338028 0.8984741784037559 0.10211267605633803 0.036384976525821594 
0 0.25440140845070425 0.920481220657277 0.11003521126760564 0.051056338028169015 
0 0.2506602112676056 0.8653169014084507 0.10431338028169014 0.04401408450704225 
0 0.24339788732394366 0.8169014084507042 0.11003521126760564 0.04107981220657277 
0 0.1274207746478873 0.8045774647887324 0.10431338028169014 0.04812206572769953 
0 0.24075704225352113 0.7708333333333334 0.1153169014084507 0.04870892018779343 
0 0.12191901408450705 0.749706572769953 0.11091549295774648 0.05575117370892019 
0 0.1153169014084507 0.6945422535211268 0.12235915492957747 0.051056338028169015 
0 0.23789612676056338 0.7098004694835681 0.1210387323943662 0.061619718309859156 
0 0.24141725352112675 0.6505281690140845 0.11663732394366197 0.056924882629107984 
0 0.11641725352112677 0.6387910798122066 0.1113556338028169 0.05457746478873239 
0 0.2462588028169014 0.5918427230046949 0.10695422535211267 0.056924882629107984 
0 0.13468309859154928 0.5845070422535211 0.11003521126760564 0.057511737089201875 
0 0.2535211267605634 0.5325704225352113 0.11003521126760564 0.04988262910798122 
0 0.14128521126760563 0.5278755868544601 0.11443661971830986 0.04988262910798122 
0 0.2566021126760563 0.4897300469483568 0.1056338028169014 0.03814553990610329 
0 0.15118838028169015 0.48532863849765256 0.1034330985915493 0.029342723004694836 
0 0.9700704225352113 0.812206572769953 0.05985915492957746 0.07276995305164319 
0 0.3595950704225352 0.8324530516431925 0.11091549295774648 0.04284037558685446 
0 0.5961707746478874 0.6261737089201878 0.11751760563380281 0.08215962441314555 
0 0.36025528169014087 0.7083333333333334 0.11223591549295775 0.0528169014084507 
0 0.5209066901408451 0.1869131455399061 0.10783450704225352 0.03931924882629108 
0 0.5231073943661971 0.2420774647887324 0.10783450704225352 0.061619718309859156 
0 0.16153169014084506 0.16901408450704225 0.0977112676056338 0.028169014084507043 
0 0.04973591549295775 0.18309859154929578 0.09683098591549295 0.023474178403755867 
0 0.05523767605633803 0.15258215962441316 0.10959507042253522 0.029342723004694836 
0 0.17913732394366197 0.13321596244131456 0.10651408450704225 0.029342723004694836 
0 0.29247359154929575 0.12617370892018778 0.10695422535211267 0.023474178403755867 
0 0.29973591549295775 0.09683098591549295 0.1056338028169014 0.035211267605633804 
0 0.3633362676056338 0.7640845070422535 0.11663732394366197 0.0528169014084507 
0 0.4086707746478873 0.13028169014084506 0.1034330985915493 0.029342723004694836 
0 0.40360915492957744 0.16343896713615025 0.11091549295774648 0.03697183098591549 
0 0.522887323943662 0.15316901408450703 0.10123239436619719 0.02464788732394366 
0 0.39920774647887325 0.21185446009389672 0.11971830985915492 0.06924882629107981 
0 0.4014084507042254 0.34242957746478875 0.11355633802816902 0.0721830985915493 
0 0.28653169014084506 0.3447769953051643 0.11003521126760564 0.06748826291079812 
0 0.28433098591549294 0.28374413145539906 0.11883802816901408 0.05457746478873239 
0 0.28653169014084506 0.2347417840375587 0.10123239436619719 0.046948356807511735 
0 0.28983274647887325 0.17752347417840375 0.09903169014084508 0.0733568075117371 
0 0.05479753521126761 0.3644366197183099 0.10695422535211267 0.057511737089201875 
0 0.05039612676056338 0.3048708920187793 0.09991197183098592 0.05575117370892019 
0 0.04665492957746479 0.23826291079812206 0.0880281690140845 0.07746478873239436 
0 0.1641725352112676 0.35944835680751175 0.11003521126760564 0.061619718309859156 
0 0.16329225352112675 0.2948943661971831 0.11003521126760564 0.06748826291079812 
0 0.15602992957746478 0.22124413145539906 0.11575704225352113 0.07042253521126761 
0 0.39766725352112675 0.2764084507042254 0.1210387323943662 0.06338028169014084 
0 0.6331426056338029 0.15316901408450703 0.1034330985915493 0.03403755868544601 
0 0.4069102112676056 0.09448356807511737 0.09551056338028169 0.036384976525821594 
0 0.6368838028169014 0.2676056338028169 0.10475352112676056 0.03990610328638498 
0 0.3633362676056338 0.6484741784037559 0.11223591549295775 0.0528169014084507 
0 0.6346830985915493 0.2007042253521127 0.10651408450704225 0.06455399061032864 
0 0.3734595070422535 0.5507629107981221 0.10783450704225352 0.03931924882629108 
0 0.3727992957746479 0.5038145539906104 0.09595070422535211 0.04870892018779343 
0 0.9401408450704225 0.3767605633802817 0.10123239436619719 0.06455399061032864 
0 0.8393485915492958 0.3767605633802817 0.0977112676056338 0.06455399061032864 
0 0.9524647887323944 0.3174882629107981 0.09507042253521127 0.0539906103286385 
0 0.8503521126760564 0.31396713615023475 0.10651408450704225 0.0528169014084507 
0 0.9595070422535211 0.2535211267605634 0.08098591549295775 0.05868544600938967 
0 0.8613556338028169 0.25146713615023475 0.10211267605633803 0.06279342723004695 
0 0.8591549295774648 0.20246478873239437 0.10035211267605634 0.035211267605633804 
0 0.36795774647887325 0.5947769953051644 0.1056338028169014 0.04518779342723005 
0 0.8492517605633803 0.16549295774647887 0.1113556338028169 0.029342723004694836 
0 0.9529049295774648 0.1637323943661972 0.09419014084507042 0.03755868544600939 
0 0.6252200704225352 0.380575117370892 0.10783450704225352 0.06866197183098592 
0 0.5147447183098591 0.3814553990610329 0.10871478873239436 0.06455399061032864 
0 0.5202464788732394 0.30809859154929575 0.10651408450704225 0.06455399061032864 
0 0.7535211267605634 0.23826291079812206 0.10651408450704225 0.0715962441314554 
0 0.637544014084507 0.3174882629107981 0.10783450704225352 0.0539906103286385 
0 0.738556338028169 0.37910798122065725 0.10123239436619719 0.0715962441314554 
0 0.7513204225352113 0.1898474178403756 0.10475352112676056 0.02523474178403756 
0 0.7420774647887324 0.15815727699530516 0.10123239436619719 0.03227699530516432 
0 0.745818661971831 0.3107394366197183 0.09991197183098592 0.06748826291079812 
0 0.9584066901408451 0.20187793427230047 0.08318661971830986 0.03403755868544601 
0 0.8507922535211268 0.8876173708920188 0.11883802816901408 0.05575117370892019 
0 0.8378080985915493 0.9404342723004695 0.11663732394366197 0.04401408450704225 
0 0.8690580985915493 0.823650234741784 0.12191901408450705 0.0721830985915493 
0 0.8844630281690141 0.6734154929577465 0.15536971830985916 0.11443661971830986 
0 0.862455985915493 0.5586854460093896 0.13512323943661972 0.1056338028169014 
0 0.6005721830985915 0.8054577464788732 0.12191901408450705 0.05575117370892019 
0 0.7297535211267606 0.8113262910798122 0.11003521126760564 0.05575117370892019 
0 0.7222711267605634 0.8685446009389671 0.11883802816901408 0.0528169014084507 
0 0.7139084507042254 0.9345657276995305 0.10915492957746478 0.05575117370892019 
0 0.589568661971831 0.9351525821596244 0.10695422535211267 0.051056338028169015 
0 0.5957306338028169 0.8741197183098591 0.11223591549295775 0.061619718309859156 
0 0.707306338028169 0.5308098591549296 0.11971830985915492 0.0733568075117371 
0 0.7266725352112676 0.6229460093896714 0.13380281690140844 0.09213615023474178 
0 0.7392165492957746 0.727406103286385 0.13512323943661972 0.10856807511737089 
0 0.6043133802816901 0.7186032863849765 0.13204225352112675 0.10269953051643192 
0 0.5867077464788732 0.5352112676056338 0.11443661971830986 0.08215962441314555 
0 0.4784330985915493 0.5223004694835681 0.10211267605633803 0.04107981220657277 
0 0.480193661971831 0.5654342723004695 0.10123239436619719 0.03931924882629108 
0 0.4784330985915493 0.6129694835680751 0.10651408450704225 0.04988262910798122 
0 0.4779929577464789 0.698943661971831 0.11003521126760564 0.11267605633802817 
0 0.47733274647887325 0.8060446009389671 0.10695422535211267 0.10152582159624413 
0 0.47733274647887325 0.8858568075117371 0.10431338028169014 0.04401408450704225 
0 0.4766725352112676 0.9292840375586855 0.1056338028169014 0.03931924882629108 
0 0.36795774647887325 0.9242957746478874 0.1056338028169014 0.04107981220657277 
0 0.9533450704225352 0.9419014084507042 0.09242957746478873 0.0528169014084507 
0 0.36399647887323944 0.8799882629107981 0.11091549295774648 0.03227699530516432 
0 0.9617077464788732 0.886443661971831 0.07658450704225352 0.04518779342723005 
0 0.9661091549295775 0.5578051643192489 0.06778169014084508 0.10387323943661972 
0 0.04379401408450704 0.9187206572769953 0.08670774647887323 0.056924882629107984 
0 0.03939260563380282 0.8562206572769953 0.07790492957746478 0.06103286384976526 
0 0.035651408450704226 0.8039906103286385 0.07042253521126761 0.0528169014084507 
0 0.04995598591549296 0.5223004694835681 0.05501760563380282 0.11150234741784038 
0 0.028389084507042254 0.67018779342723 0.05149647887323944 0.176056338028169 
0 0.13842429577464788 0.857981220657277 0.10695422535211267 0.046948356807511735 
0 0.14612676056338028 0.8984741784037559 0.10211267605633803 0.036384976525821594 
0 0.25440140845070425 0.920481220657277 0.11003521126760564 0.051056338028169015 
0 0.2506602112676056 0.8653169014084507 0.10431338028169014 0.04401408450704225 
0 0.24339788732394366 0.8169014084507042 0.11003521126760564 0.04107981220657277 
0 0.1274207746478873 0.8045774647887324 0.10431338028169014 0.04812206572769953 
0 0.24075704225352113 0.7708333333333334 0.1153169014084507 0.04870892018779343 
0 0.12191901408450705 0.749706572769953 0.11091549295774648 0.05575117370892019 
0 0.1153169014084507 0.6945422535211268 0.12235915492957747 0.051056338028169015 
0 0.23789612676056338 0.7098004694835681 0.1210387323943662 0.061619718309859156 
0 0.24141725352112675 0.6505281690140845 0.11663732394366197 0.056924882629107984 
0 0.11641725352112677 0.6387910798122066 0.1113556338028169 0.05457746478873239 
0 0.2462588028169014 0.5918427230046949 0.10695422535211267 0.056924882629107984 
0 0.13468309859154928 0.5845070422535211 0.11003521126760564 0.057511737089201875 
0 0.2535211267605634 0.5325704225352113 0.11003521126760564 0.04988262910798122 
0 0.14128521126760563 0.5278755868544601 0.11443661971830986 0.04988262910798122 
0 0.2566021126760563 0.4897300469483568 0.1056338028169014 0.03814553990610329 
0 0.15118838028169015 0.48532863849765256 0.1034330985915493 0.029342723004694836 
0 0.9700704225352113 0.812206572769953 0.05985915492957746 0.07276995305164319 
0 0.3595950704225352 0.8324530516431925 0.11091549295774648 0.04284037558685446 
0 0.5961707746478874 0.6261737089201878 0.11751760563380281 0.08215962441314555 
0 0.36025528169014087 0.7083333333333334 0.11223591549295775 0.0528169014084507 
0 0.5209066901408451 0.1869131455399061 0.10783450704225352 0.03931924882629108 
0 0.5231073943661971 0.2420774647887324 0.10783450704225352 0.061619718309859156 
0 0.16153169014084506 0.16901408450704225 0.0977112676056338 0.028169014084507043 
0 0.04973591549295775 0.18309859154929578 0.09683098591549295 0.023474178403755867 
0 0.05523767605633803 0.15258215962441316 0.10959507042253522 0.029342723004694836 
0 0.17913732394366197 0.13321596244131456 0.10651408450704225 0.029342723004694836 
0 0.29247359154929575 0.12617370892018778 0.10695422535211267 0.023474178403755867 
0 0.29973591549295775 0.09683098591549295 0.1056338028169014 0.035211267605633804 
0 0.3633362676056338 0.7640845070422535 0.11663732394366197 0.0528169014084507 
0 0.4086707746478873 0.13028169014084506 0.1034330985915493 0.029342723004694836 
0 0.40360915492957744 0.16343896713615025 0.11091549295774648 0.03697183098591549 
0 0.522887323943662 0.15316901408450703 0.10123239436619719 0.02464788732394366 
0 0.39920774647887325 0.21185446009389672 0.11971830985915492 0.06924882629107981 
0 0.4014084507042254 0.34242957746478875 0.11355633802816902 0.0721830985915493 
0 0.28653169014084506 0.3447769953051643 0.11003521126760564 0.06748826291079812 
0 0.28433098591549294 0.28374413145539906 0.11883802816901408 0.05457746478873239 
0 0.28653169014084506 0.2347417840375587 0.10123239436619719 0.046948356807511735 
0 0.28983274647887325 0.17752347417840375 0.09903169014084508 0.0733568075117371 
0 0.05479753521126761 0.3644366197183099 0.10695422535211267 0.057511737089201875 
0 0.05039612676056338 0.3048708920187793 0.09991197183098592 0.05575117370892019 
0 0.04665492957746479 0.23826291079812206 0.0880281690140845 0.07746478873239436 
0 0.1641725352112676 0.35944835680751175 0.11003521126760564 0.061619718309859156 
0 0.16329225352112675 0.2948943661971831 0.11003521126760564 0.06748826291079812 
0 0.15602992957746478 0.22124413145539906 0.11575704225352113 0.07042253521126761 
0 0.39766725352112675 0.2764084507042254 0.1210387323943662 0.06338028169014084 
0 0.6331426056338029 0.15316901408450703 0.1034330985915493 0.03403755868544601 
0 0.4069102112676056 0.09448356807511737 0.09551056338028169 0.036384976525821594 
0 0.6368838028169014 0.2676056338028169 0.10475352112676056 0.03990610328638498 
0 0.3633362676056338 0.6484741784037559 0.11223591549295775 0.0528169014084507 
0 0.6346830985915493 0.2007042253521127 0.10651408450704225 0.06455399061032864 
0 0.3734595070422535 0.5507629107981221 0.10783450704225352 0.03931924882629108 
0 0.3727992957746479 0.5038145539906104 0.09595070422535211 0.04870892018779343 
0 0.9401408450704225 0.3767605633802817 0.10123239436619719 0.06455399061032864 
0 0.8393485915492958 0.3767605633802817 0.0977112676056338 0.06455399061032864 
0 0.9524647887323944 0.3174882629107981 0.09507042253521127 0.0539906103286385 
0 0.8503521126760564 0.31396713615023475 0.10651408450704225 0.0528169014084507 
0 0.9595070422535211 0.2535211267605634 0.08098591549295775 0.05868544600938967 
0 0.8613556338028169 0.25146713615023475 0.10211267605633803 0.06279342723004695 
0 0.8591549295774648 0.20246478873239437 0.10035211267605634 0.035211267605633804 
0 0.36795774647887325 0.5947769953051644 0.1056338028169014 0.04518779342723005 
0 0.8492517605633803 0.16549295774647887 0.1113556338028169 0.029342723004694836 
0 0.9529049295774648 0.1637323943661972 0.09419014084507042 0.03755868544600939 
0 0.6252200704225352 0.380575117370892 0.10783450704225352 0.06866197183098592 
0 0.5147447183098591 0.3814553990610329 0.10871478873239436 0.06455399061032864 
0 0.5202464788732394 0.30809859154929575 0.10651408450704225 0.06455399061032864 
0 0.7535211267605634 0.23826291079812206 0.10651408450704225 0.0715962441314554 
0 0.637544014084507 0.3174882629107981 0.10783450704225352 0.0539906103286385 
0 0.738556338028169 0.37910798122065725 0.10123239436619719 0.0715962441314554 
0 0.7513204225352113 0.1898474178403756 0.10475352112676056 0.02523474178403756 
0 0.7420774647887324 0.15815727699530516 0.10123239436619719 0.03227699530516432 
0 0.745818661971831 0.3107394366197183 0.09991197183098592 0.06748826291079812 
0 0.9584066901408451 0.20187793427230047 0.08318661971830986 0.03403755868544601 
0 0.8507922535211268 0.8876173708920188 0.11883802816901408 0.05575117370892019 
0 0.8378080985915493 0.9404342723004695 0.11663732394366197 0.04401408450704225 
0 0.8690580985915493 0.823650234741784 0.12191901408450705 0.0721830985915493 
0 0.8844630281690141 0.6734154929577465 0.15536971830985916 0.11443661971830986 
0 0.862455985915493 0.5586854460093896 0.13512323943661972 0.1056338028169014 
0 0.6005721830985915 0.8054577464788732 0.12191901408450705 0.05575117370892019 
0 0.7297535211267606 0.8113262910798122 0.11003521126760564 0.05575117370892019 
0 0.7222711267605634 0.8685446009389671 0.11883802816901408 0.0528169014084507 
0 0.7139084507042254 0.9345657276995305 0.10915492957746478 0.05575117370892019 
0 0.589568661971831 0.9351525821596244 0.10695422535211267 0.051056338028169015 
0 0.5957306338028169 0.8741197183098591 0.11223591549295775 0.061619718309859156 
0 0.707306338028169 0.5308098591549296 0.11971830985915492 0.0733568075117371 
0 0.7266725352112676 0.6229460093896714 0.13380281690140844 0.09213615023474178 
0 0.7392165492957746 0.727406103286385 0.13512323943661972 0.10856807511737089 
0 0.6043133802816901 0.7186032863849765 0.13204225352112675 0.10269953051643192 
0 0.5867077464788732 0.5352112676056338 0.11443661971830986 0.08215962441314555 
0 0.4784330985915493 0.5223004694835681 0.10211267605633803 0.04107981220657277 
0 0.480193661971831 0.5654342723004695 0.10123239436619719 0.03931924882629108 
0 0.4784330985915493 0.6129694835680751 0.10651408450704225 0.04988262910798122 
0 0.4779929577464789 0.698943661971831 0.11003521126760564 0.11267605633802817 
0 0.47733274647887325 0.8060446009389671 0.10695422535211267 0.10152582159624413 
0 0.47733274647887325 0.8858568075117371 0.10431338028169014 0.04401408450704225 
0 0.4766725352112676 0.9292840375586855 0.1056338028169014 0.03931924882629108 
0 0.36795774647887325 0.9242957746478874 0.1056338028169014 0.04107981220657277 
0 0.9533450704225352 0.9419014084507042 0.09242957746478873 0.0528169014084507 
0 0.36399647887323944 0.8799882629107981 0.11091549295774648 0.03227699530516432 
0 0.9617077464788732 0.886443661971831 0.07658450704225352 0.04518779342723005 
0 0.9661091549295775 0.5578051643192489 0.06778169014084508 0.10387323943661972 
0 0.04379401408450704 0.9187206572769953 0.08670774647887323 0.056924882629107984 
0 0.03939260563380282 0.8562206572769953 0.07790492957746478 0.06103286384976526 
0 0.035651408450704226 0.8039906103286385 0.07042253521126761 0.0528169014084507 
0 0.04995598591549296 0.5223004694835681 0.05501760563380282 0.11150234741784038 
0 0.028389084507042254 0.67018779342723 0.05149647887323944 0.176056338028169 
0 0.13842429577464788 0.857981220657277 0.10695422535211267 0.046948356807511735 
0 0.14612676056338028 0.8984741784037559 0.10211267605633803 0.036384976525821594 
0 0.25440140845070425 0.920481220657277 0.11003521126760564 0.051056338028169015 
0 0.2506602112676056 0.8653169014084507 0.10431338028169014 0.04401408450704225 
0 0.24339788732394366 0.8169014084507042 0.11003521126760564 0.04107981220657277 
0 0.1274207746478873 0.8045774647887324 0.10431338028169014 0.04812206572769953 
0 0.24075704225352113 0.7708333333333334 0.1153169014084507 0.04870892018779343 
0 0.12191901408450705 0.749706572769953 0.11091549295774648 0.05575117370892019 
0 0.1153169014084507 0.6945422535211268 0.12235915492957747 0.051056338028169015 
0 0.23789612676056338 0.7098004694835681 0.1210387323943662 0.061619718309859156 
0 0.24141725352112675 0.6505281690140845 0.11663732394366197 0.056924882629107984 
0 0.11641725352112677 0.6387910798122066 0.1113556338028169 0.05457746478873239 
0 0.2462588028169014 0.5918427230046949 0.10695422535211267 0.056924882629107984 
0 0.13468309859154928 0.5845070422535211 0.11003521126760564 0.057511737089201875 
0 0.2535211267605634 0.5325704225352113 0.11003521126760564 0.04988262910798122 
0 0.14128521126760563 0.5278755868544601 0.11443661971830986 0.04988262910798122 
0 0.2566021126760563 0.4897300469483568 0.1056338028169014 0.03814553990610329 
0 0.15118838028169015 0.48532863849765256 0.1034330985915493 0.029342723004694836 
0 0.9700704225352113 0.812206572769953 0.05985915492957746 0.07276995305164319 
0 0.3595950704225352 0.8324530516431925 0.11091549295774648 0.04284037558685446 
0 0.5961707746478874 0.6261737089201878 0.11751760563380281 0.08215962441314555 
0 0.36025528169014087 0.7083333333333334 0.11223591549295775 0.0528169014084507 
0 0.5209066901408451 0.1869131455399061 0.10783450704225352 0.03931924882629108 
0 0.5231073943661971 0.2420774647887324 0.10783450704225352 0.061619718309859156 
0 0.16153169014084506 0.16901408450704225 0.0977112676056338 0.028169014084507043 
0 0.04973591549295775 0.18309859154929578 0.09683098591549295 0.023474178403755867 
0 0.05523767605633803 0.15258215962441316 0.10959507042253522 0.029342723004694836 
0 0.17913732394366197 0.13321596244131456 0.10651408450704225 0.029342723004694836 
0 0.29247359154929575 0.12617370892018778 0.10695422535211267 0.023474178403755867 
0 0.29973591549295775 0.09683098591549295 0.1056338028169014 0.035211267605633804 
0 0.3633362676056338 0.7640845070422535 0.11663732394366197 0.0528169014084507 
0 0.4086707746478873 0.13028169014084506 0.1034330985915493 0.029342723004694836 
0 0.40360915492957744 0.16343896713615025 0.11091549295774648 0.03697183098591549 
0 0.522887323943662 0.15316901408450703 0.10123239436619719 0.02464788732394366 
0 0.39920774647887325 0.21185446009389672 0.11971830985915492 0.06924882629107981 
0 0.4014084507042254 0.34242957746478875 0.11355633802816902 0.0721830985915493 
0 0.28653169014084506 0.3447769953051643 0.11003521126760564 0.06748826291079812 
0 0.28433098591549294 0.28374413145539906 0.11883802816901408 0.05457746478873239 
0 0.28653169014084506 0.2347417840375587 0.10123239436619719 0.046948356807511735 
0 0.28983274647887325 0.17752347417840375 0.09903169014084508 0.0733568075117371 
0 0.05479753521126761 0.3644366197183099 0.10695422535211267 0.057511737089201875 
0 0.05039612676056338 0.3048708920187793 0.09991197183098592 0.05575117370892019 
0 0.04665492957746479 0.23826291079812206 0.0880281690140845 0.07746478873239436 
0 0.1641725352112676 0.35944835680751175 0.11003521126760564 0.061619718309859156 
0 0.16329225352112675 0.2948943661971831 0.11003521126760564 0.06748826291079812 
0 0.15602992957746478 0.22124413145539906 0.11575704225352113 0.07042253521126761 
0 0.39766725352112675 0.2764084507042254 0.1210387323943662 0.06338028169014084 
0 0.6331426056338029 0.15316901408450703 0.1034330985915493 0.03403755868544601 
0 0.4069102112676056 0.09448356807511737 0.09551056338028169 0.036384976525821594 
0 0.6368838028169014 0.2676056338028169 0.10475352112676056 0.03990610328638498 
0 0.3633362676056338 0.6484741784037559 0.11223591549295775 0.0528169014084507 
0 0.6346830985915493 0.2007042253521127 0.10651408450704225 0.06455399061032864 
0 0.3734595070422535 0.5507629107981221 0.10783450704225352 0.03931924882629108 
0 0.3727992957746479 0.5038145539906104 0.09595070422535211 0.04870892018779343 
0 0.9401408450704225 0.3767605633802817 0.10123239436619719 0.06455399061032864 
0 0.8393485915492958 0.3767605633802817 0.0977112676056338 0.06455399061032864 
0 0.9524647887323944 0.3174882629107981 0.09507042253521127 0.0539906103286385 
0 0.8503521126760564 0.31396713615023475 0.10651408450704225 0.0528169014084507 
0 0.9595070422535211 0.2535211267605634 0.08098591549295775 0.05868544600938967 
0 0.8613556338028169 0.25146713615023475 0.10211267605633803 0.06279342723004695 
0 0.8591549295774648 0.20246478873239437 0.10035211267605634 0.035211267605633804 
0 0.36795774647887325 0.5947769953051644 0.1056338028169014 0.04518779342723005 
0 0.8492517605633803 0.16549295774647887 0.1113556338028169 0.029342723004694836 
0 0.9529049295774648 0.1637323943661972 0.09419014084507042 0.03755868544600939 
0 0.6252200704225352 0.380575117370892 0.10783450704225352 0.06866197183098592 
0 0.5147447183098591 0.3814553990610329 0.10871478873239436 0.06455399061032864 
0 0.5202464788732394 0.30809859154929575 0.10651408450704225 0.06455399061032864 
0 0.7535211267605634 0.23826291079812206 0.10651408450704225 0.0715962441314554 
0 0.637544014084507 0.3174882629107981 0.10783450704225352 0.0539906103286385 
0 0.738556338028169 0.37910798122065725 0.10123239436619719 0.0715962441314554 
0 0.7513204225352113 0.1898474178403756 0.10475352112676056 0.02523474178403756 
0 0.7420774647887324 0.15815727699530516 0.10123239436619719 0.03227699530516432 
0 0.745818661971831 0.3107394366197183 0.09991197183098592 0.06748826291079812 
