0 0.6731954225352113 0.6863262910798122 0.13512323943661972 0.1437793427230047 
0 0.45620598591549294 0.4847417840375587 0.16681338028169015 0.0892018779342723 
0 0.9454225352112676 0.32335680751173707 0.10915492957746478 0.09272300469483569 
0 0.9443221830985915 0.21654929577464788 0.1113556338028169 0.11502347417840375 
0 0.9575264084507042 0.6963028169014085 0.08494718309859155 0.10974178403755869 
0 0.2169894366197183 0.8990610328638498 0.16285211267605634 0.09389671361502347 
0 0.8411091549295775 0.8368544600938967 0.14964788732394366 0.11032863849765258 
0 0.6850792253521126 0.8403755868544601 0.15360915492957747 0.12323943661971831 
0 0.21720950704225353 0.9741784037558685 0.16505281690140844 0.051643192488262914 
0 0.3670774647887324 0.8312793427230047 0.16461267605633803 0.1273474178403756 
0 0.6850792253521126 0.9518779342723005 0.15360915492957747 0.09154929577464789 
0 0.37808098591549294 0.9495305164319249 0.1795774647887324 0.10093896713615023 
0 0.5264084507042254 0.9515845070422535 0.15580985915492956 0.0886150234741784 
0 0.8413292253521126 0.9498239436619719 0.1580105633802817 0.10035211267605634 
0 0.06954225352112677 0.6974765258215962 0.13204225352112675 0.125 
0 0.0664612676056338 0.8230633802816901 0.12764084507042253 0.12030516431924883 
0 0.06536091549295775 0.943075117370892 0.12984154929577466 0.11384976525821597 
0 0.9577464788732394 0.8016431924882629 0.08362676056338028 0.09272300469483569 
0 0.9568661971830986 0.897593896713615 0.08626760563380281 0.10269953051643192 
0 0.9546654929577465 0.9724178403755869 0.08626760563380281 0.05516431924882629 
0 0.8032570422535211 0.4950117370892019 0.15492957746478872 0.08039906103286384 
0 0.9454225352112676 0.4175469483568075 0.10915492957746478 0.08274647887323944 
0 0.8338468309859155 0.7083333333333334 0.16593309859154928 0.13262910798122066 
0 0.5297095070422535 0.8433098591549296 0.1580105633802817 0.12323943661971831 
0 0.5253080985915493 0.7136150234741784 0.15184859154929578 0.14553990610328638 
0 0.9445422535211268 0.5 0.11091549295774648 0.07042253521126761 
0 0.6340228873239436 0.40023474178403756 0.1500880281690141 0.0880281690140845 
0 0.6351232394366197 0.4920774647887324 0.15404929577464788 0.0897887323943662 
0 0.07746478873239436 0.4694835680751174 0.15404929577464788 0.09624413145539906 
0 0.4606073943661972 0.3937793427230047 0.16681338028169015 0.09272300469483569 
0 0.20972711267605634 0.8031103286384976 0.15360915492957747 0.08626760563380281 
0 0.45598591549295775 0.29694835680751175 0.15845070422535212 0.0892018779342723 
0 0.8006161971830986 0.19923708920187794 0.15757042253521128 0.10856807511737089 
0 0.21412852112676056 0.698650234741784 0.1580105633802817 0.125 
0 0.6344630281690141 0.19982394366197184 0.1641725352112676 0.1073943661971831 
0 0.6318221830985915 0.30252347417840375 0.1544894366197183 0.09330985915492958 
0 0.370818661971831 0.704225352112676 0.1544894366197183 0.13497652582159625 
0 0.2662852112676056 0.33392018779342725 0.15669014084507044 0.12089201877934272 
0 0.2715669014084507 0.20481220657276994 0.1637323943661972 0.1267605633802817 
0 0.07856514084507042 0.380575117370892 0.15360915492957747 0.0897887323943662 
0 0.2605633802816901 0.460093896713615 0.15316901408450703 0.12441314553990611 
0 0.801056338028169 0.4025821596244131 0.1505281690140845 0.0892018779342723 
0 0.8028169014084507 0.3060446009389671 0.15757042253521128 0.09448356807511737 
0 0.45598591549295775 0.19219483568075119 0.15845070422535212 0.11091549295774648 
0 0.07746478873239436 0.19512910798122066 0.15404929577464788 0.09917840375586855 
0 0.07900528169014084 0.29225352112676056 0.15713028169014084 0.0903755868544601 
0 0.6731954225352113 0.6863262910798122 0.13512323943661972 0.1437793427230047 
0 0.45620598591549294 0.4847417840375587 0.16681338028169015 0.0892018779342723 
0 0.9454225352112676 0.32335680751173707 0.10915492957746478 0.09272300469483569 
0 0.9443221830985915 0.21654929577464788 0.1113556338028169 0.11502347417840375 
0 0.9575264084507042 0.6963028169014085 0.08494718309859155 0.10974178403755869 
0 0.2169894366197183 0.8990610328638498 0.16285211267605634 0.09389671361502347 
0 0.8411091549295775 0.8368544600938967 0.14964788732394366 0.11032863849765258 
0 0.6850792253521126 0.8403755868544601 0.15360915492957747 0.12323943661971831 
0 0.21720950704225353 0.9741784037558685 0.16505281690140844 0.051643192488262914 
0 0.3670774647887324 0.8312793427230047 0.16461267605633803 0.1273474178403756 
0 0.6850792253521126 0.9518779342723005 0.15360915492957747 0.09154929577464789 
0 0.37808098591549294 0.9495305164319249 0.1795774647887324 0.10093896713615023 
0 0.5264084507042254 0.9515845070422535 0.15580985915492956 0.0886150234741784 
0 0.8413292253521126 0.9498239436619719 0.1580105633802817 0.10035211267605634 
0 0.06954225352112677 0.6974765258215962 0.13204225352112675 0.125 
0 0.0664612676056338 0.8230633802816901 0.12764084507042253 0.12030516431924883 
0 0.06536091549295775 0.943075117370892 0.12984154929577466 0.11384976525821597 
0 0.9577464788732394 0.8016431924882629 0.08362676056338028 0.09272300469483569 
0 0.9568661971830986 0.897593896713615 0.08626760563380281 0.10269953051643192 
0 0.9546654929577465 0.9724178403755869 0.08626760563380281 0.05516431924882629 
0 0.8032570422535211 0.4950117370892019 0.15492957746478872 0.08039906103286384 
0 0.9454225352112676 0.4175469483568075 0.10915492957746478 0.08274647887323944 
0 0.8338468309859155 0.7083333333333334 0.16593309859154928 0.13262910798122066 
0 0.5297095070422535 0.8433098591549296 0.1580105633802817 0.12323943661971831 
0 0.5253080985915493 0.7136150234741784 0.15184859154929578 0.14553990610328638 
0 0.9445422535211268 0.5 0.11091549295774648 0.07042253521126761 
0 0.6340228873239436 0.40023474178403756 0.1500880281690141 0.0880281690140845 
0 0.6351232394366197 0.4920774647887324 0.15404929577464788 0.0897887323943662 
0 0.07746478873239436 0.4694835680751174 0.15404929577464788 0.09624413145539906 
0 0.4606073943661972 0.3937793427230047 0.16681338028169015 0.09272300469483569 
0 0.20972711267605634 0.8031103286384976 0.15360915492957747 0.08626760563380281 
0 0.45598591549295775 0.29694835680751175 0.15845070422535212 0.0892018779342723 
0 0.8006161971830986 0.19923708920187794 0.15757042253521128 0.10856807511737089 
0 0.21412852112676056 0.698650234741784 0.1580105633802817 0.125 
0 0.6344630281690141 0.19982394366197184 0.1641725352112676 0.1073943661971831 
0 0.6318221830985915 0.30252347417840375 0.1544894366197183 0.09330985915492958 
0 0.370818661971831 0.704225352112676 0.1544894366197183 0.13497652582159625 
0 0.2662852112676056 0.33392018779342725 0.15669014084507044 0.12089201877934272 
0 0.2715669014084507 0.20481220657276994 0.1637323943661972 0.1267605633802817 
0 0.07856514084507042 0.380575117370892 0.15360915492957747 0.0897887323943662 
0 0.2605633802816901 0.460093896713615 0.15316901408450703 0.12441314553990611 
0 0.801056338028169 0.4025821596244131 0.1505281690140845 0.0892018779342723 
0 0.8028169014084507 0.3060446009389671 0.15757042253521128 0.09448356807511737 
0 0.45598591549295775 0.19219483568075119 0.15845070422535212 0.11091549295774648 
0 0.07746478873239436 0.19512910798122066 0.15404929577464788 0.09917840375586855 
0 0.07900528169014084 0.29225352112676056 0.15713028169014084 0.0903755868544601 
0 0.6731954225352113 0.6863262910798122 0.13512323943661972 0.1437793427230047 
0 0.45620598591549294 0.4847417840375587 0.16681338028169015 0.0892018779342723 
0 0.9454225352112676 0.32335680751173707 0.10915492957746478 0.09272300469483569 
0 0.9443221830985915 0.21654929577464788 0.1113556338028169 0.11502347417840375 
0 0.9575264084507042 0.6963028169014085 0.08494718309859155 0.10974178403755869 
0 0.2169894366197183 0.8990610328638498 0.16285211267605634 0.09389671361502347 
0 0.8411091549295775 0.8368544600938967 0.14964788732394366 0.11032863849765258 
0 0.6850792253521126 0.8403755868544601 0.15360915492957747 0.12323943661971831 
0 0.21720950704225353 0.9741784037558685 0.16505281690140844 0.051643192488262914 
0 0.3670774647887324 0.8312793427230047 0.16461267605633803 0.1273474178403756 
0 0.6850792253521126 0.9518779342723005 0.15360915492957747 0.09154929577464789 
0 0.37808098591549294 0.9495305164319249 0.1795774647887324 0.10093896713615023 
0 0.5264084507042254 0.9515845070422535 0.15580985915492956 0.0886150234741784 
0 0.8413292253521126 0.9498239436619719 0.1580105633802817 0.10035211267605634 
0 0.06954225352112677 0.6974765258215962 0.13204225352112675 0.125 
0 0.0664612676056338 0.8230633802816901 0.12764084507042253 0.12030516431924883 
0 0.06536091549295775 0.943075117370892 0.12984154929577466 0.11384976525821597 
0 0.9577464788732394 0.8016431924882629 0.08362676056338028 0.09272300469483569 
0 0.9568661971830986 0.897593896713615 0.08626760563380281 0.10269953051643192 
0 0.9546654929577465 0.9724178403755869 0.08626760563380281 0.05516431924882629 
0 0.8032570422535211 0.4950117370892019 0.15492957746478872 0.08039906103286384 
0 0.9454225352112676 0.4175469483568075 0.10915492957746478 0.08274647887323944 
0 0.8338468309859155 0.7083333333333334 0.16593309859154928 0.13262910798122066 
0 0.5297095070422535 0.8433098591549296 0.1580105633802817 0.12323943661971831 
0 0.5253080985915493 0.7136150234741784 0.15184859154929578 0.14553990610328638 
0 0.9445422535211268 0.5 0.11091549295774648 0.07042253521126761 
0 0.6340228873239436 0.40023474178403756 0.1500880281690141 0.0880281690140845 
0 0.6351232394366197 0.4920774647887324 0.15404929577464788 0.0897887323943662 
0 0.07746478873239436 0.4694835680751174 0.15404929577464788 0.09624413145539906 
0 0.4606073943661972 0.3937793427230047 0.16681338028169015 0.09272300469483569 
0 0.20972711267605634 0.8031103286384976 0.15360915492957747 0.08626760563380281 
0 0.45598591549295775 0.29694835680751175 0.15845070422535212 0.0892018779342723 
0 0.8006161971830986 0.19923708920187794 0.15757042253521128 0.10856807511737089 
0 0.21412852112676056 0.698650234741784 0.1580105633802817 0.125 
0 0.6344630281690141 0.19982394366197184 0.1641725352112676 0.1073943661971831 
0 0.6318221830985915 0.30252347417840375 0.1544894366197183 0.09330985915492958 
0 0.370818661971831 0.704225352112676 0.1544894366197183 0.13497652582159625 
0 0.2662852112676056 0.33392018779342725 0.15669014084507044 0.12089201877934272 
0 0.2715669014084507 0.20481220657276994 0.1637323943661972 0.1267605633802817 
0 0.07856514084507042 0.380575117370892 0.15360915492957747 0.0897887323943662 
0 0.2605633802816901 0.460093896713615 0.15316901408450703 0.12441314553990611 
0 0.801056338028169 0.4025821596244131 0.1505281690140845 0.0892018779342723 
0 0.8028169014084507 0.3060446009389671 0.15757042253521128 0.09448356807511737 
0 0.45598591549295775 0.19219483568075119 0.15845070422535212 0.11091549295774648 
0 0.07746478873239436 0.19512910798122066 0.15404929577464788 0.09917840375586855 
0 0.07900528169014084 0.29225352112676056 0.15713028169014084 0.0903755868544601 
