0 0.4278169014084507 0.9410211267605634 0.10035211267605634 0.056924882629107984 
0 0.6786971830985915 0.7394366197183099 0.11355633802816902 0.0528169014084507 
0 0.42627640845070425 0.8832159624413145 0.10783450704225352 0.0528169014084507 
0 0.4300176056338028 0.8339201877934272 0.11091549295774648 0.04812206572769953 
0 0.42891725352112675 0.7717136150234741 0.12191901408450705 0.0528169014084507 
0 0.06183978873239437 0.7687793427230047 0.11223591549295775 0.11737089201877934 
0 0.6401848591549296 0.9424882629107981 0.09991197183098592 0.04225352112676056 
0 0.6485475352112676 0.8926056338028169 0.09463028169014084 0.051643192488262914 
0 0.6555897887323944 0.8456572769953051 0.10255281690140845 0.03990610328638498 
0 0.667693661971831 0.7966549295774648 0.10651408450704225 0.04988262910798122 
0 0.6808978873239436 0.6813380281690141 0.11971830985915492 0.05985915492957746 
0 0.542693661971831 0.8823356807511737 0.1056338028169014 0.04518779342723005 
0 0.6494278169014085 0.556631455399061 0.09903169014084508 0.03931924882629108 
0 0.6423855633802817 0.5155516431924883 0.09815140845070422 0.03345070422535211 
0 0.5327904929577465 0.9307511737089202 0.1034330985915493 0.04225352112676056 
0 0.5459947183098591 0.835387323943662 0.1034330985915493 0.04284037558685446 
0 0.5503961267605634 0.7849178403755869 0.11223591549295775 0.05575117370892019 
0 0.5561179577464789 0.7230046948356808 0.11663732394366197 0.05868544600938967 
0 0.5554577464788732 0.67018779342723 0.12235915492957747 0.046948356807511735 
0 0.5514964788732394 0.6159037558685446 0.11003521126760564 0.05575117370892019 
0 0.5363116197183099 0.5604460093896714 0.11223591549295775 0.0528169014084507 
0 0.316681338028169 0.9424882629107981 0.1113556338028169 0.03990610328638498 
0 0.6661531690140845 0.6153169014084507 0.11223591549295775 0.06044600938967136 
0 0.31117957746478875 0.891725352112676 0.10475352112676056 0.04988262910798122 
0 0.08230633802816902 0.6511150234741784 0.11971830985915492 0.09096244131455399 
0 0.7365757042253521 0.5234741784037559 0.07262323943661972 0.04107981220657277 
0 0.4168133802816901 0.5595657276995305 0.10035211267605634 0.09213615023474178 
0 0.09044894366197183 0.545481220657277 0.1210387323943662 0.07922535211267606 
0 0.9460827464788732 0.9419014084507042 0.08934859154929578 0.0528169014084507 
0 0.9650088028169014 0.8113262910798122 0.06998239436619719 0.05575117370892019 
0 0.9581866197183099 0.8794014084507042 0.0801056338028169 0.05457746478873239 
0 0.9612676056338029 0.7297535211267606 0.07746478873239436 0.09800469483568075 
0 0.9474031690140845 0.6346830985915493 0.10519366197183098 0.0698356807511737 
0 0.9256161971830986 0.5507629107981221 0.09242957746478873 0.07453051643192488 
0 0.8485915492957746 0.9401408450704225 0.0880281690140845 0.04107981220657277 
0 0.8628961267605634 0.8934859154929577 0.09903169014084508 0.03814553990610329 
0 0.8767605633802817 0.795774647887324 0.09154929577464789 0.04812206572769953 
0 0.8657570422535211 0.6886737089201878 0.09595070422535211 0.051056338028169015 
0 0.8481514084507042 0.6279342723004695 0.09154929577464789 0.035211267605633804 
0 0.8371478873239436 0.5868544600938967 0.09154929577464789 0.04107981220657277 
0 0.8261443661971831 0.5381455399061033 0.09154929577464789 0.046948356807511735 
0 0.7464788732394366 0.9419014084507042 0.09683098591549295 0.035211267605633804 
0 0.7550616197183099 0.9005281690140845 0.09903169014084508 0.03814553990610329 
0 0.7660651408450704 0.8480046948356808 0.09463028169014084 0.046948356807511735 
0 0.7761883802816901 0.789906103286385 0.09022887323943662 0.045774647887323945 
0 0.7849911971830986 0.7341549295774648 0.08582746478873239 0.04812206572769953 
0 0.7755281690140845 0.6710680751173709 0.07130281690140845 0.04870892018779343 
0 0.7594630281690141 0.6211854460093896 0.0682218309859155 0.04284037558685446 
0 0.7429577464788732 0.5674882629107981 0.07482394366197183 0.035211267605633804 
0 0.3107394366197183 0.8397887323943662 0.11443661971830986 0.03990610328638498 
0 0.4278169014084507 0.6945422535211268 0.11795774647887323 0.09213615023474178 
0 0.44872359154929575 0.3286384976525822 0.10871478873239436 0.05868544600938967 
0 0.30963908450704225 0.6540492957746479 0.10783450704225352 0.09683098591549295 
0 0.5675616197183099 0.20363849765258216 0.10695422535211267 0.035211267605633804 
0 0.5686619718309859 0.2549882629107981 0.11091549295774648 0.06748826291079812 
0 0.5602992957746479 0.32130281690140844 0.1056338028169014 0.06748826291079812 
0 0.5543573943661971 0.39465962441314556 0.10695422535211267 0.061619718309859156 
0 0.444762323943662 0.3961267605633803 0.1034330985915493 0.06455399061032864 
0 0.4509242957746479 0.26173708920187794 0.11575704225352113 0.0715962441314554 
0 0.3320862676056338 0.4055164319248826 0.1131161971830986 0.05985915492957746 
0 0.3259242957746479 0.340962441314554 0.12544014084507044 0.06924882629107981 
0 0.32438380281690143 0.26672535211267606 0.1267605633802817 0.0733568075117371 
0 0.3287852112676056 0.1898474178403756 0.1311619718309859 0.06866197183098592 
0 0.33098591549295775 0.12470657276995305 0.12852112676056338 0.05575117370892019 
0 0.07680457746478873 0.32541079812206575 0.12455985915492958 0.0733568075117371 
0 0.08516725352112677 0.39818075117370894 0.1210387323943662 0.06866197183098592 
0 0.2106073943661972 0.403462441314554 0.1210387323943662 0.06748826291079812 
0 0.20378521126760563 0.32922535211267606 0.11883802816901408 0.0715962441314554 
0 0.19674295774647887 0.2579225352112676 0.12235915492957747 0.06748826291079812 
0 0.3085387323943662 0.7640845070422535 0.11003521126760564 0.1056338028169014 
0 0.2007042253521127 0.12441314553990611 0.12764084507042253 0.06455399061032864 
0 0.07460387323943662 0.10622065727699531 0.11575704225352113 0.08098591549295775 
0 0.0724031690140845 0.18192488262910797 0.12191901408450705 0.06455399061032864 
0 0.07130281690140845 0.24853286384976525 0.11971830985915492 0.07453051643192488 
0 0.45268485915492956 0.21097417840375587 0.10783450704225352 0.02640845070422535 
0 0.4513644366197183 0.18016431924882628 0.1034330985915493 0.029342723004694836 
0 0.2007042253521127 0.1898474178403756 0.12323943661971831 0.06866197183098592 
0 0.6742957746478874 0.2068661971830986 0.0977112676056338 0.06748826291079812 
0 0.5642605633802817 0.159037558685446 0.10475352112676056 0.036384976525821594 
0 0.3105193661971831 0.5669014084507042 0.1034330985915493 0.07746478873239436 
0 0.2051056338028169 0.5560446009389671 0.10123239436619719 0.08509389671361503 
0 0.1993838028169014 0.647593896713615 0.1056338028169014 0.0897887323943662 
0 0.1974031690140845 0.9416079812206573 0.10783450704225352 0.03227699530516432 
0 0.19300176056338028 0.9028755868544601 0.10783450704225352 0.03931924882629108 
0 0.1894806338028169 0.823650234741784 0.11223591549295775 0.11326291079812206 
0 0.07570422535211267 0.9380868544600939 0.11971830985915492 0.04518779342723005 
0 0.058098591549295774 0.8964201877934272 0.10035211267605634 0.03814553990610329 
0 0.05369718309859155 0.8550469483568075 0.09595070422535211 0.046948356807511735 
0 0.902068661971831 0.1942488262910798 0.09551056338028169 0.02464788732394366 
0 0.19718309859154928 0.7230046948356808 0.1056338028169014 0.0528169014084507 
0 0.8871038732394366 0.4078638497652582 0.09903169014084508 0.06455399061032864 
0 0.9137323943661971 0.22652582159624413 0.11003521126760564 0.03403755868544601 
0 0.6709947183098591 0.3136737089201878 0.09991197183098592 0.05575117370892019 
0 0.7722271126760564 0.3732394366197183 0.09375 0.057511737089201875 
0 0.7810299295774648 0.3130868544600939 0.09991197183098592 0.051056338028169015 
0 0.6643926056338029 0.37235915492957744 0.09375 0.05575117370892019 
0 0.7931338028169014 0.19630281690140844 0.10475352112676056 0.03227699530516432 
0 0.9190140845070423 0.2772887323943662 0.1056338028169014 0.061619718309859156 
0 0.9064700704225352 0.3403755868544601 0.10695422535211267 0.06455399061032864 
0 0.7913732394366197 0.24559859154929578 0.1056338028169014 0.06631455399061033 
0 0.674955985915493 0.26261737089201875 0.09463028169014084 0.040492957746478875 
0 0.4278169014084507 0.9410211267605634 0.10035211267605634 0.056924882629107984 
0 0.6786971830985915 0.7394366197183099 0.11355633802816902 0.0528169014084507 
0 0.42627640845070425 0.8832159624413145 0.10783450704225352 0.0528169014084507 
0 0.4300176056338028 0.8339201877934272 0.11091549295774648 0.04812206572769953 
0 0.42891725352112675 0.7717136150234741 0.12191901408450705 0.0528169014084507 
0 0.06183978873239437 0.7687793427230047 0.11223591549295775 0.11737089201877934 
0 0.6401848591549296 0.9424882629107981 0.09991197183098592 0.04225352112676056 
0 0.6485475352112676 0.8926056338028169 0.09463028169014084 0.051643192488262914 
0 0.6555897887323944 0.8456572769953051 0.10255281690140845 0.03990610328638498 
0 0.667693661971831 0.7966549295774648 0.10651408450704225 0.04988262910798122 
0 0.6808978873239436 0.6813380281690141 0.11971830985915492 0.05985915492957746 
0 0.542693661971831 0.8823356807511737 0.1056338028169014 0.04518779342723005 
0 0.6494278169014085 0.556631455399061 0.09903169014084508 0.03931924882629108 
0 0.6423855633802817 0.5155516431924883 0.09815140845070422 0.03345070422535211 
0 0.5327904929577465 0.9307511737089202 0.1034330985915493 0.04225352112676056 
0 0.5459947183098591 0.835387323943662 0.1034330985915493 0.04284037558685446 
0 0.5503961267605634 0.7849178403755869 0.11223591549295775 0.05575117370892019 
0 0.5561179577464789 0.7230046948356808 0.11663732394366197 0.05868544600938967 
0 0.5554577464788732 0.67018779342723 0.12235915492957747 0.046948356807511735 
0 0.5514964788732394 0.6159037558685446 0.11003521126760564 0.05575117370892019 
0 0.5363116197183099 0.5604460093896714 0.11223591549295775 0.0528169014084507 
0 0.316681338028169 0.9424882629107981 0.1113556338028169 0.03990610328638498 
0 0.6661531690140845 0.6153169014084507 0.11223591549295775 0.06044600938967136 
0 0.31117957746478875 0.891725352112676 0.10475352112676056 0.04988262910798122 
0 0.08230633802816902 0.6511150234741784 0.11971830985915492 0.09096244131455399 
0 0.7365757042253521 0.5234741784037559 0.07262323943661972 0.04107981220657277 
0 0.4168133802816901 0.5595657276995305 0.10035211267605634 0.09213615023474178 
0 0.09044894366197183 0.545481220657277 0.1210387323943662 0.07922535211267606 
0 0.9460827464788732 0.9419014084507042 0.08934859154929578 0.0528169014084507 
0 0.9650088028169014 0.8113262910798122 0.06998239436619719 0.05575117370892019 
0 0.9581866197183099 0.8794014084507042 0.0801056338028169 0.05457746478873239 
0 0.9612676056338029 0.7297535211267606 0.07746478873239436 0.09800469483568075 
0 0.9474031690140845 0.6346830985915493 0.10519366197183098 0.0698356807511737 
0 0.9256161971830986 0.5507629107981221 0.09242957746478873 0.07453051643192488 
0 0.8485915492957746 0.9401408450704225 0.0880281690140845 0.04107981220657277 
0 0.8628961267605634 0.8934859154929577 0.09903169014084508 0.03814553990610329 
0 0.8767605633802817 0.795774647887324 0.09154929577464789 0.04812206572769953 
0 0.8657570422535211 0.6886737089201878 0.09595070422535211 0.051056338028169015 
0 0.8481514084507042 0.6279342723004695 0.09154929577464789 0.035211267605633804 
0 0.8371478873239436 0.5868544600938967 0.09154929577464789 0.04107981220657277 
0 0.8261443661971831 0.5381455399061033 0.09154929577464789 0.046948356807511735 
0 0.7464788732394366 0.9419014084507042 0.09683098591549295 0.035211267605633804 
0 0.7550616197183099 0.9005281690140845 0.09903169014084508 0.03814553990610329 
0 0.7660651408450704 0.8480046948356808 0.09463028169014084 0.046948356807511735 
0 0.7761883802816901 0.789906103286385 0.09022887323943662 0.045774647887323945 
0 0.7849911971830986 0.7341549295774648 0.08582746478873239 0.04812206572769953 
0 0.7755281690140845 0.6710680751173709 0.07130281690140845 0.04870892018779343 
0 0.7594630281690141 0.6211854460093896 0.0682218309859155 0.04284037558685446 
0 0.7429577464788732 0.5674882629107981 0.07482394366197183 0.035211267605633804 
0 0.3107394366197183 0.8397887323943662 0.11443661971830986 0.03990610328638498 
0 0.4278169014084507 0.6945422535211268 0.11795774647887323 0.09213615023474178 
0 0.44872359154929575 0.3286384976525822 0.10871478873239436 0.05868544600938967 
0 0.30963908450704225 0.6540492957746479 0.10783450704225352 0.09683098591549295 
0 0.5675616197183099 0.20363849765258216 0.10695422535211267 0.035211267605633804 
0 0.5686619718309859 0.2549882629107981 0.11091549295774648 0.06748826291079812 
0 0.5602992957746479 0.32130281690140844 0.1056338028169014 0.06748826291079812 
0 0.5543573943661971 0.39465962441314556 0.10695422535211267 0.061619718309859156 
0 0.444762323943662 0.3961267605633803 0.1034330985915493 0.06455399061032864 
0 0.4509242957746479 0.26173708920187794 0.11575704225352113 0.0715962441314554 
0 0.3320862676056338 0.4055164319248826 0.1131161971830986 0.05985915492957746 
0 0.3259242957746479 0.340962441314554 0.12544014084507044 0.06924882629107981 
0 0.32438380281690143 0.26672535211267606 0.1267605633802817 0.0733568075117371 
0 0.3287852112676056 0.1898474178403756 0.1311619718309859 0.06866197183098592 
0 0.33098591549295775 0.12470657276995305 0.12852112676056338 0.05575117370892019 
0 0.07680457746478873 0.32541079812206575 0.12455985915492958 0.0733568075117371 
0 0.08516725352112677 0.39818075117370894 0.1210387323943662 0.06866197183098592 
0 0.2106073943661972 0.403462441314554 0.1210387323943662 0.06748826291079812 
0 0.20378521126760563 0.32922535211267606 0.11883802816901408 0.0715962441314554 
0 0.19674295774647887 0.2579225352112676 0.12235915492957747 0.06748826291079812 
0 0.3085387323943662 0.7640845070422535 0.11003521126760564 0.1056338028169014 
0 0.2007042253521127 0.12441314553990611 0.12764084507042253 0.06455399061032864 
0 0.07460387323943662 0.10622065727699531 0.11575704225352113 0.08098591549295775 
0 0.0724031690140845 0.18192488262910797 0.12191901408450705 0.06455399061032864 
0 0.07130281690140845 0.24853286384976525 0.11971830985915492 0.07453051643192488 
0 0.45268485915492956 0.21097417840375587 0.10783450704225352 0.02640845070422535 
0 0.4513644366197183 0.18016431924882628 0.1034330985915493 0.029342723004694836 
0 0.2007042253521127 0.1898474178403756 0.12323943661971831 0.06866197183098592 
0 0.6742957746478874 0.2068661971830986 0.0977112676056338 0.06748826291079812 
0 0.5642605633802817 0.159037558685446 0.10475352112676056 0.036384976525821594 
0 0.3105193661971831 0.5669014084507042 0.1034330985915493 0.07746478873239436 
0 0.2051056338028169 0.5560446009389671 0.10123239436619719 0.08509389671361503 
0 0.1993838028169014 0.647593896713615 0.1056338028169014 0.0897887323943662 
0 0.1974031690140845 0.9416079812206573 0.10783450704225352 0.03227699530516432 
0 0.19300176056338028 0.9028755868544601 0.10783450704225352 0.03931924882629108 
0 0.1894806338028169 0.823650234741784 0.11223591549295775 0.11326291079812206 
0 0.07570422535211267 0.9380868544600939 0.11971830985915492 0.04518779342723005 
0 0.058098591549295774 0.8964201877934272 0.10035211267605634 0.03814553990610329 
0 0.05369718309859155 0.8550469483568075 0.09595070422535211 0.046948356807511735 
0 0.902068661971831 0.1942488262910798 0.09551056338028169 0.02464788732394366 
0 0.19718309859154928 0.7230046948356808 0.1056338028169014 0.0528169014084507 
0 0.8871038732394366 0.4078638497652582 0.09903169014084508 0.06455399061032864 
0 0.9137323943661971 0.22652582159624413 0.11003521126760564 0.03403755868544601 
0 0.6709947183098591 0.3136737089201878 0.09991197183098592 0.05575117370892019 
0 0.7722271126760564 0.3732394366197183 0.09375 0.057511737089201875 
0 0.7810299295774648 0.3130868544600939 0.09991197183098592 0.051056338028169015 
0 0.6643926056338029 0.37235915492957744 0.09375 0.05575117370892019 
0 0.7931338028169014 0.19630281690140844 0.10475352112676056 0.03227699530516432 
0 0.9190140845070423 0.2772887323943662 0.1056338028169014 0.061619718309859156 
0 0.9064700704225352 0.3403755868544601 0.10695422535211267 0.06455399061032864 
0 0.7913732394366197 0.24559859154929578 0.1056338028169014 0.06631455399061033 
0 0.674955985915493 0.26261737089201875 0.09463028169014084 0.040492957746478875 
0 0.4278169014084507 0.9410211267605634 0.10035211267605634 0.056924882629107984 
0 0.6786971830985915 0.7394366197183099 0.11355633802816902 0.0528169014084507 
0 0.42627640845070425 0.8832159624413145 0.10783450704225352 0.0528169014084507 
0 0.4300176056338028 0.8339201877934272 0.11091549295774648 0.04812206572769953 
0 0.42891725352112675 0.7717136150234741 0.12191901408450705 0.0528169014084507 
0 0.06183978873239437 0.7687793427230047 0.11223591549295775 0.11737089201877934 
0 0.6401848591549296 0.9424882629107981 0.09991197183098592 0.04225352112676056 
0 0.6485475352112676 0.8926056338028169 0.09463028169014084 0.051643192488262914 
0 0.6555897887323944 0.8456572769953051 0.10255281690140845 0.03990610328638498 
0 0.667693661971831 0.7966549295774648 0.10651408450704225 0.04988262910798122 
0 0.6808978873239436 0.6813380281690141 0.11971830985915492 0.05985915492957746 
0 0.542693661971831 0.8823356807511737 0.1056338028169014 0.04518779342723005 
0 0.6494278169014085 0.556631455399061 0.09903169014084508 0.03931924882629108 
0 0.6423855633802817 0.5155516431924883 0.09815140845070422 0.03345070422535211 
0 0.5327904929577465 0.9307511737089202 0.1034330985915493 0.04225352112676056 
0 0.5459947183098591 0.835387323943662 0.1034330985915493 0.04284037558685446 
0 0.5503961267605634 0.7849178403755869 0.11223591549295775 0.05575117370892019 
0 0.5561179577464789 0.7230046948356808 0.11663732394366197 0.05868544600938967 
0 0.5554577464788732 0.67018779342723 0.12235915492957747 0.046948356807511735 
0 0.5514964788732394 0.6159037558685446 0.11003521126760564 0.05575117370892019 
0 0.5363116197183099 0.5604460093896714 0.11223591549295775 0.0528169014084507 
0 0.316681338028169 0.9424882629107981 0.1113556338028169 0.03990610328638498 
0 0.6661531690140845 0.6153169014084507 0.11223591549295775 0.06044600938967136 
0 0.31117957746478875 0.891725352112676 0.10475352112676056 0.04988262910798122 
0 0.08230633802816902 0.6511150234741784 0.11971830985915492 0.09096244131455399 
0 0.7365757042253521 0.5234741784037559 0.07262323943661972 0.04107981220657277 
0 0.4168133802816901 0.5595657276995305 0.10035211267605634 0.09213615023474178 
0 0.09044894366197183 0.545481220657277 0.1210387323943662 0.07922535211267606 
0 0.9460827464788732 0.9419014084507042 0.08934859154929578 0.0528169014084507 
0 0.9650088028169014 0.8113262910798122 0.06998239436619719 0.05575117370892019 
0 0.9581866197183099 0.8794014084507042 0.0801056338028169 0.05457746478873239 
0 0.9612676056338029 0.7297535211267606 0.07746478873239436 0.09800469483568075 
0 0.9474031690140845 0.6346830985915493 0.10519366197183098 0.0698356807511737 
0 0.9256161971830986 0.5507629107981221 0.09242957746478873 0.07453051643192488 
0 0.8485915492957746 0.9401408450704225 0.0880281690140845 0.04107981220657277 
0 0.8628961267605634 0.8934859154929577 0.09903169014084508 0.03814553990610329 
0 0.8767605633802817 0.795774647887324 0.09154929577464789 0.04812206572769953 
0 0.8657570422535211 0.6886737089201878 0.09595070422535211 0.051056338028169015 
0 0.8481514084507042 0.6279342723004695 0.09154929577464789 0.035211267605633804 
0 0.8371478873239436 0.5868544600938967 0.09154929577464789 0.04107981220657277 
0 0.8261443661971831 0.5381455399061033 0.09154929577464789 0.046948356807511735 
0 0.7464788732394366 0.9419014084507042 0.09683098591549295 0.035211267605633804 
0 0.7550616197183099 0.9005281690140845 0.09903169014084508 0.03814553990610329 
0 0.7660651408450704 0.8480046948356808 0.09463028169014084 0.046948356807511735 
0 0.7761883802816901 0.789906103286385 0.09022887323943662 0.045774647887323945 
0 0.7849911971830986 0.7341549295774648 0.08582746478873239 0.04812206572769953 
0 0.7755281690140845 0.6710680751173709 0.07130281690140845 0.04870892018779343 
0 0.7594630281690141 0.6211854460093896 0.0682218309859155 0.04284037558685446 
0 0.7429577464788732 0.5674882629107981 0.07482394366197183 0.035211267605633804 
0 0.3107394366197183 0.8397887323943662 0.11443661971830986 0.03990610328638498 
0 0.4278169014084507 0.6945422535211268 0.11795774647887323 0.09213615023474178 
0 0.44872359154929575 0.3286384976525822 0.10871478873239436 0.05868544600938967 
0 0.30963908450704225 0.6540492957746479 0.10783450704225352 0.09683098591549295 
0 0.5675616197183099 0.20363849765258216 0.10695422535211267 0.035211267605633804 
0 0.5686619718309859 0.2549882629107981 0.11091549295774648 0.06748826291079812 
0 0.5602992957746479 0.32130281690140844 0.1056338028169014 0.06748826291079812 
0 0.5543573943661971 0.39465962441314556 0.10695422535211267 0.061619718309859156 
0 0.444762323943662 0.3961267605633803 0.1034330985915493 0.06455399061032864 
0 0.4509242957746479 0.26173708920187794 0.11575704225352113 0.0715962441314554 
0 0.3320862676056338 0.4055164319248826 0.1131161971830986 0.05985915492957746 
0 0.3259242957746479 0.340962441314554 0.12544014084507044 0.06924882629107981 
0 0.32438380281690143 0.26672535211267606 0.1267605633802817 0.0733568075117371 
0 0.3287852112676056 0.1898474178403756 0.1311619718309859 0.06866197183098592 
0 0.33098591549295775 0.12470657276995305 0.12852112676056338 0.05575117370892019 
0 0.07680457746478873 0.32541079812206575 0.12455985915492958 0.0733568075117371 
0 0.08516725352112677 0.39818075117370894 0.1210387323943662 0.06866197183098592 
0 0.2106073943661972 0.403462441314554 0.1210387323943662 0.06748826291079812 
0 0.20378521126760563 0.32922535211267606 0.11883802816901408 0.0715962441314554 
0 0.19674295774647887 0.2579225352112676 0.12235915492957747 0.06748826291079812 
0 0.3085387323943662 0.7640845070422535 0.11003521126760564 0.1056338028169014 
0 0.2007042253521127 0.12441314553990611 0.12764084507042253 0.06455399061032864 
0 0.07460387323943662 0.10622065727699531 0.11575704225352113 0.08098591549295775 
0 0.0724031690140845 0.18192488262910797 0.12191901408450705 0.06455399061032864 
0 0.07130281690140845 0.24853286384976525 0.11971830985915492 0.07453051643192488 
0 0.45268485915492956 0.21097417840375587 0.10783450704225352 0.02640845070422535 
0 0.4513644366197183 0.18016431924882628 0.1034330985915493 0.029342723004694836 
0 0.2007042253521127 0.1898474178403756 0.12323943661971831 0.06866197183098592 
0 0.6742957746478874 0.2068661971830986 0.0977112676056338 0.06748826291079812 
0 0.5642605633802817 0.159037558685446 0.10475352112676056 0.036384976525821594 
0 0.3105193661971831 0.5669014084507042 0.1034330985915493 0.07746478873239436 
0 0.2051056338028169 0.5560446009389671 0.10123239436619719 0.08509389671361503 
0 0.1993838028169014 0.647593896713615 0.1056338028169014 0.0897887323943662 
0 0.1974031690140845 0.9416079812206573 0.10783450704225352 0.03227699530516432 
0 0.19300176056338028 0.9028755868544601 0.10783450704225352 0.03931924882629108 
0 0.1894806338028169 0.823650234741784 0.11223591549295775 0.11326291079812206 
0 0.07570422535211267 0.9380868544600939 0.11971830985915492 0.04518779342723005 
0 0.058098591549295774 0.8964201877934272 0.10035211267605634 0.03814553990610329 
0 0.05369718309859155 0.8550469483568075 0.09595070422535211 0.046948356807511735 
0 0.902068661971831 0.1942488262910798 0.09551056338028169 0.02464788732394366 
0 0.19718309859154928 0.7230046948356808 0.1056338028169014 0.0528169014084507 
0 0.8871038732394366 0.4078638497652582 0.09903169014084508 0.06455399061032864 
0 0.9137323943661971 0.22652582159624413 0.11003521126760564 0.03403755868544601 
0 0.6709947183098591 0.3136737089201878 0.09991197183098592 0.05575117370892019 
0 0.7722271126760564 0.3732394366197183 0.09375 0.057511737089201875 
0 0.7810299295774648 0.3130868544600939 0.09991197183098592 0.051056338028169015 
0 0.6643926056338029 0.37235915492957744 0.09375 0.05575117370892019 
0 0.7931338028169014 0.19630281690140844 0.10475352112676056 0.03227699530516432 
0 0.9190140845070423 0.2772887323943662 0.1056338028169014 0.061619718309859156 
0 0.9064700704225352 0.3403755868544601 0.10695422535211267 0.06455399061032864 
0 0.7913732394366197 0.24559859154929578 0.1056338028169014 0.06631455399061033 
0 0.674955985915493 0.26261737089201875 0.09463028169014084 0.040492957746478875 
