0 0.9148327464788732 0.5563380281690141 0.06998239436619719 0.13615023474178403 
0 0.5442341549295775 0.7705399061032864 0.07790492957746478 0.1068075117370892 
0 0.45026408450704225 0.591255868544601 0.06866197183098592 0.13791079812206572 
0 0.8783010563380281 0.10357981220657277 0.1034330985915493 0.20598591549295775 
0 0.12852112676056338 0.14289906103286384 0.09595070422535211 0.20715962441314553 
0 0.16967429577464788 0.7893192488262911 0.09022887323943662 0.14084507042253522 
0 0.4077904929577465 0.778169014084507 0.06558098591549295 0.11619718309859155 
0 0.1131161971830986 0.6132629107981221 0.08450704225352113 0.13732394366197184 
0 0.03675176056338028 0.6211854460093896 0.07262323943661972 0.1449530516431925 
0 0.8411091549295775 0.5630868544600939 0.061619718309859156 0.1437793427230047 
0 0.020026408450704226 0.9680164319248826 0.037411971830985914 0.06396713615023474 
0 0.9018485915492958 0.7291666666666666 0.07394366197183098 0.12617370892018778 
0 0.6148767605633803 0.7740610328638498 0.05897887323943662 0.08568075117370892 
0 0.17627640845070422 0.9495305164319249 0.1034330985915493 0.10093896713615023 
0 0.4742517605633803 0.772593896713615 0.06205985915492958 0.11326291079812206 
0 0.2524207746478873 0.7946009389671361 0.06998239436619719 0.12793427230046947 
0 0.8303257042253521 0.7567488262910798 0.0664612676056338 0.07570422535211267 
0 0.040492957746478875 0.1487676056338028 0.0801056338028169 0.22476525821596244 
0 0.9570862676056338 0.10387323943661972 0.08582746478873239 0.1936619718309859 
0 0.08164612676056338 0.9665492957746479 0.07702464788732394 0.06690140845070422 
0 0.198943661971831 0.6112089201877934 0.08274647887323944 0.13908450704225353 
0 0.9443221830985915 0.34066901408450706 0.0840669014084507 0.159037558685446 
0 0.3672975352112676 0.6003521126760564 0.09375 0.13145539906103287 
0 0.5233274647887324 0.5818661971830986 0.07834507042253522 0.15434272300469484 
0 0.0741637323943662 0.39818075117370894 0.09463028169014084 0.18955399061032863 
0 0.332306338028169 0.7819835680751174 0.07570422535211267 0.13556338028169015 
0 0.6175176056338029 0.3615023474178404 0.0880281690140845 0.16901408450704225 
0 0.6808978873239436 0.5704225352112676 0.0801056338028169 0.13497652582159625 
0 0.5935299295774648 0.11296948356807512 0.10079225352112677 0.20011737089201878 
0 0.53125 0.3600352112676056 0.08274647887323944 0.1742957746478873 
0 0.6036531690140845 0.5762910798122066 0.0743838028169014 0.14906103286384975 
0 0.49295774647887325 0.12147887323943662 0.0977112676056338 0.21713615023474178 
0 0.6875 0.7570422535211268 0.07570422535211267 0.11502347417840375 
0 0.8606954225352113 0.3444835680751174 0.08142605633802817 0.1643192488262911 
0 0.45004401408450706 0.3664906103286385 0.07966549295774648 0.1813380281690141 
0 0.6841989436619719 0.11384976525821597 0.08230633802816902 0.20422535211267606 
0 0.1657130281690141 0.3937793427230047 0.08670774647887323 0.16901408450704225 
0 0.6996038732394366 0.3529929577464789 0.07350352112676056 0.17781690140845072 
0 0.7766285211267606 0.10475352112676056 0.10431338028169014 0.20363849765258216 
0 0.762544014084507 0.7494131455399061 0.07174295774647887 0.11384976525821597 
0 0.261443661971831 0.3908450704225352 0.0977112676056338 0.16901408450704225 
0 0.08824823943661972 0.8022300469483568 0.07086267605633803 0.12323943661971831 
0 0.3221830985915493 0.1267605633802817 0.0801056338028169 0.21009389671361503 
0 0.764524647887324 0.5677816901408451 0.08714788732394366 0.1402582159624413 
0 0.4011883802816901 0.12323943661971831 0.08054577464788733 0.22065727699530516 
0 0.363556338028169 0.3788145539906103 0.0880281690140845 0.1742957746478873 
0 0.7832306338028169 0.3615023474178404 0.08230633802816902 0.14553990610328638 
0 0.28014964788732394 0.6085680751173709 0.07966549295774648 0.1443661971830986 
0 0.2306338028169014 0.13321596244131456 0.10915492957746478 0.21948356807511737 
0 0.9148327464788732 0.5563380281690141 0.06998239436619719 0.13615023474178403 
0 0.5442341549295775 0.7705399061032864 0.07790492957746478 0.1068075117370892 
0 0.45026408450704225 0.591255868544601 0.06866197183098592 0.13791079812206572 
0 0.8783010563380281 0.10357981220657277 0.1034330985915493 0.20598591549295775 
0 0.12852112676056338 0.14289906103286384 0.09595070422535211 0.20715962441314553 
0 0.16967429577464788 0.7893192488262911 0.09022887323943662 0.14084507042253522 
0 0.4077904929577465 0.778169014084507 0.06558098591549295 0.11619718309859155 
0 0.1131161971830986 0.6132629107981221 0.08450704225352113 0.13732394366197184 
0 0.03675176056338028 0.6211854460093896 0.07262323943661972 0.1449530516431925 
0 0.8411091549295775 0.5630868544600939 0.061619718309859156 0.1437793427230047 
0 0.020026408450704226 0.9680164319248826 0.037411971830985914 0.06396713615023474 
0 0.9018485915492958 0.7291666666666666 0.07394366197183098 0.12617370892018778 
0 0.6148767605633803 0.7740610328638498 0.05897887323943662 0.08568075117370892 
0 0.17627640845070422 0.9495305164319249 0.1034330985915493 0.10093896713615023 
0 0.4742517605633803 0.772593896713615 0.06205985915492958 0.11326291079812206 
0 0.2524207746478873 0.7946009389671361 0.06998239436619719 0.12793427230046947 
0 0.8303257042253521 0.7567488262910798 0.0664612676056338 0.07570422535211267 
0 0.040492957746478875 0.1487676056338028 0.0801056338028169 0.22476525821596244 
0 0.9570862676056338 0.10387323943661972 0.08582746478873239 0.1936619718309859 
0 0.08164612676056338 0.9665492957746479 0.07702464788732394 0.06690140845070422 
0 0.198943661971831 0.6112089201877934 0.08274647887323944 0.13908450704225353 
0 0.9443221830985915 0.34066901408450706 0.0840669014084507 0.159037558685446 
0 0.3672975352112676 0.6003521126760564 0.09375 0.13145539906103287 
0 0.5233274647887324 0.5818661971830986 0.07834507042253522 0.15434272300469484 
0 0.0741637323943662 0.39818075117370894 0.09463028169014084 0.18955399061032863 
0 0.332306338028169 0.7819835680751174 0.07570422535211267 0.13556338028169015 
0 0.6175176056338029 0.3615023474178404 0.0880281690140845 0.16901408450704225 
0 0.6808978873239436 0.5704225352112676 0.0801056338028169 0.13497652582159625 
0 0.5935299295774648 0.11296948356807512 0.10079225352112677 0.20011737089201878 
0 0.53125 0.3600352112676056 0.08274647887323944 0.1742957746478873 
0 0.6036531690140845 0.5762910798122066 0.0743838028169014 0.14906103286384975 
0 0.49295774647887325 0.12147887323943662 0.0977112676056338 0.21713615023474178 
0 0.6875 0.7570422535211268 0.07570422535211267 0.11502347417840375 
0 0.8606954225352113 0.3444835680751174 0.08142605633802817 0.1643192488262911 
0 0.45004401408450706 0.3664906103286385 0.07966549295774648 0.1813380281690141 
0 0.6841989436619719 0.11384976525821597 0.08230633802816902 0.20422535211267606 
0 0.1657130281690141 0.3937793427230047 0.08670774647887323 0.16901408450704225 
0 0.6996038732394366 0.3529929577464789 0.07350352112676056 0.17781690140845072 
0 0.7766285211267606 0.10475352112676056 0.10431338028169014 0.20363849765258216 
0 0.762544014084507 0.7494131455399061 0.07174295774647887 0.11384976525821597 
0 0.261443661971831 0.3908450704225352 0.0977112676056338 0.16901408450704225 
0 0.08824823943661972 0.8022300469483568 0.07086267605633803 0.12323943661971831 
0 0.3221830985915493 0.1267605633802817 0.0801056338028169 0.21009389671361503 
0 0.764524647887324 0.5677816901408451 0.08714788732394366 0.1402582159624413 
0 0.4011883802816901 0.12323943661971831 0.08054577464788733 0.22065727699530516 
0 0.363556338028169 0.3788145539906103 0.0880281690140845 0.1742957746478873 
0 0.7832306338028169 0.3615023474178404 0.08230633802816902 0.14553990610328638 
0 0.28014964788732394 0.6085680751173709 0.07966549295774648 0.1443661971830986 
0 0.2306338028169014 0.13321596244131456 0.10915492957746478 0.21948356807511737 
0 0.9148327464788732 0.5563380281690141 0.06998239436619719 0.13615023474178403 
0 0.5442341549295775 0.7705399061032864 0.07790492957746478 0.1068075117370892 
0 0.45026408450704225 0.591255868544601 0.06866197183098592 0.13791079812206572 
0 0.8783010563380281 0.10357981220657277 0.1034330985915493 0.20598591549295775 
0 0.12852112676056338 0.14289906103286384 0.09595070422535211 0.20715962441314553 
0 0.16967429577464788 0.7893192488262911 0.09022887323943662 0.14084507042253522 
0 0.4077904929577465 0.778169014084507 0.06558098591549295 0.11619718309859155 
0 0.1131161971830986 0.6132629107981221 0.08450704225352113 0.13732394366197184 
0 0.03675176056338028 0.6211854460093896 0.07262323943661972 0.1449530516431925 
0 0.8411091549295775 0.5630868544600939 0.061619718309859156 0.1437793427230047 
0 0.020026408450704226 0.9680164319248826 0.037411971830985914 0.06396713615023474 
0 0.9018485915492958 0.7291666666666666 0.07394366197183098 0.12617370892018778 
0 0.6148767605633803 0.7740610328638498 0.05897887323943662 0.08568075117370892 
0 0.17627640845070422 0.9495305164319249 0.1034330985915493 0.10093896713615023 
0 0.4742517605633803 0.772593896713615 0.06205985915492958 0.11326291079812206 
0 0.2524207746478873 0.7946009389671361 0.06998239436619719 0.12793427230046947 
0 0.8303257042253521 0.7567488262910798 0.0664612676056338 0.07570422535211267 
0 0.040492957746478875 0.1487676056338028 0.0801056338028169 0.22476525821596244 
0 0.9570862676056338 0.10387323943661972 0.08582746478873239 0.1936619718309859 
0 0.08164612676056338 0.9665492957746479 0.07702464788732394 0.06690140845070422 
0 0.198943661971831 0.6112089201877934 0.08274647887323944 0.13908450704225353 
0 0.9443221830985915 0.34066901408450706 0.0840669014084507 0.159037558685446 
0 0.3672975352112676 0.6003521126760564 0.09375 0.13145539906103287 
0 0.5233274647887324 0.5818661971830986 0.07834507042253522 0.15434272300469484 
0 0.0741637323943662 0.39818075117370894 0.09463028169014084 0.18955399061032863 
0 0.332306338028169 0.7819835680751174 0.07570422535211267 0.13556338028169015 
0 0.6175176056338029 0.3615023474178404 0.0880281690140845 0.16901408450704225 
0 0.6808978873239436 0.5704225352112676 0.0801056338028169 0.13497652582159625 
0 0.5935299295774648 0.11296948356807512 0.10079225352112677 0.20011737089201878 
0 0.53125 0.3600352112676056 0.08274647887323944 0.1742957746478873 
0 0.6036531690140845 0.5762910798122066 0.0743838028169014 0.14906103286384975 
0 0.49295774647887325 0.12147887323943662 0.0977112676056338 0.21713615023474178 
0 0.6875 0.7570422535211268 0.07570422535211267 0.11502347417840375 
0 0.8606954225352113 0.3444835680751174 0.08142605633802817 0.1643192488262911 
0 0.45004401408450706 0.3664906103286385 0.07966549295774648 0.1813380281690141 
0 0.6841989436619719 0.11384976525821597 0.08230633802816902 0.20422535211267606 
0 0.1657130281690141 0.3937793427230047 0.08670774647887323 0.16901408450704225 
0 0.6996038732394366 0.3529929577464789 0.07350352112676056 0.17781690140845072 
0 0.7766285211267606 0.10475352112676056 0.10431338028169014 0.20363849765258216 
0 0.762544014084507 0.7494131455399061 0.07174295774647887 0.11384976525821597 
0 0.261443661971831 0.3908450704225352 0.0977112676056338 0.16901408450704225 
0 0.08824823943661972 0.8022300469483568 0.07086267605633803 0.12323943661971831 
0 0.3221830985915493 0.1267605633802817 0.0801056338028169 0.21009389671361503 
0 0.764524647887324 0.5677816901408451 0.08714788732394366 0.1402582159624413 
0 0.4011883802816901 0.12323943661971831 0.08054577464788733 0.22065727699530516 
0 0.363556338028169 0.3788145539906103 0.0880281690140845 0.1742957746478873 
0 0.7832306338028169 0.3615023474178404 0.08230633802816902 0.14553990610328638 
0 0.28014964788732394 0.6085680751173709 0.07966549295774648 0.1443661971830986 
0 0.2306338028169014 0.13321596244131456 0.10915492957746478 0.21948356807511737 
