0 0.048195422535211266 0.8383215962441315 0.09551056338028169 0.2482394366197183 
0 0.1993838028169014 0.926056338028169 0.12764084507042253 0.07511737089201878 
0 0.9102112676056338 0.8858568075117371 0.11003521126760564 0.04988262910798122 
0 0.08230633802816902 0.6109154929577465 0.09330985915492958 0.11032863849765258 
0 0.4491637323943662 0.7259389671361502 0.09463028169014084 0.11150234741784038 
0 0.554137323943662 0.6710680751173709 0.11179577464788733 0.08392018779342723 
0 0.5576584507042254 0.7878521126760564 0.11355633802816902 0.11443661971830986 
0 0.8932658450704225 0.9292840375586855 0.09815140845070422 0.03931924882629108 
0 0.797975352112676 0.931631455399061 0.0880281690140845 0.04988262910798122 
0 0.6857394366197183 0.9213615023474179 0.12323943661971831 0.14084507042253522 
0 0.8195422535211268 0.20892018779342722 0.11795774647887323 0.11032863849765258 
0 0.5790052816901409 0.19278169014084506 0.09903169014084508 0.06631455399061033 
0 0.6720950704225352 0.1317488262910798 0.09154929577464789 0.05575117370892019 
0 0.9658890845070423 0.6159037558685446 0.06734154929577464 0.04401408450704225 
0 0.983274647887324 0.6657863849765259 0.03345070422535211 0.04401408450704225 
0 0.8069982394366197 0.8629694835680751 0.09639084507042253 0.09330985915492958 
0 0.5660211267605634 0.9169600938967136 0.12059859154929578 0.1437793427230047 
0 0.453125 0.8758802816901409 0.09815140845070422 0.16725352112676056 
0 0.4498239436619718 0.602406103286385 0.10475352112676056 0.13321596244131456 
0 0.9308978873239436 0.3086854460093897 0.10387323943661972 0.0892018779342723 
0 0.6793573943661971 0.7875586854460094 0.11399647887323944 0.10328638497652583 
0 0.18683978873239437 0.7746478873239436 0.13952464788732394 0.19953051643192488 
0 0.20598591549295775 0.6071009389671361 0.14524647887323944 0.11443661971830986 
0 0.8076584507042254 0.380575117370892 0.10387323943661972 0.051056338028169015 
0 0.9027288732394366 0.67018779342723 0.12059859154929578 0.05046948356807512 
0 0.778169014084507 0.5246478873239436 0.10387323943661972 0.051643192488262914 
0 0.579225352112676 0.38086854460093894 0.11619718309859155 0.062206572769953054 
0 0.8899647887323944 0.6214788732394366 0.07570422535211267 0.051643192488262914 
0 0.6978433098591549 0.27230046948356806 0.11223591549295775 0.10915492957746478 
0 0.07086267605633803 0.2734741784037559 0.14084507042253522 0.1983568075117371 
0 0.6670334507042254 0.6622652582159625 0.11223591549295775 0.13908450704225353 
0 0.9157130281690141 0.8016431924882629 0.1192781690140845 0.09507042253521127 
0 0.8831426056338029 0.5404929577464789 0.09375 0.06924882629107981 
0 0.7981954225352113 0.7608568075117371 0.11223591549295775 0.09213615023474178 
0 0.7834507042253521 0.6029929577464789 0.10387323943661972 0.09096244131455399 
0 0.7909330985915493 0.6822183098591549 0.11355633802816902 0.061619718309859156 
0 0.9198943661971831 0.39289906103286387 0.10651408450704225 0.06748826291079812 
0 0.8180017605633803 0.31103286384976525 0.11399647887323944 0.0903755868544601 
0 0.5563380281690141 0.5997652582159625 0.10475352112676056 0.0528169014084507 
0 0.9128521126760564 0.7221244131455399 0.125 0.052230046948356805 
0 0.5798855633802817 0.2960680751173709 0.10871478873239436 0.11208920187793427 
0 0.3457306338028169 0.7089201877934272 0.10783450704225352 0.1983568075117371 
0 0.6665933098591549 0.5372652582159625 0.10431338028169014 0.1073943661971831 
0 0.6934419014084507 0.37235915492957744 0.1034330985915493 0.08509389671361503 
0 0.5576584507042254 0.5390258215962441 0.10211267605633803 0.051056338028169015 
0 0.9324383802816901 0.19923708920187794 0.10079225352112677 0.09096244131455399 
0 0.048195422535211266 0.8383215962441315 0.09551056338028169 0.2482394366197183 
0 0.1993838028169014 0.926056338028169 0.12764084507042253 0.07511737089201878 
0 0.9102112676056338 0.8858568075117371 0.11003521126760564 0.04988262910798122 
0 0.08230633802816902 0.6109154929577465 0.09330985915492958 0.11032863849765258 
0 0.4491637323943662 0.7259389671361502 0.09463028169014084 0.11150234741784038 
0 0.554137323943662 0.6710680751173709 0.11179577464788733 0.08392018779342723 
0 0.5576584507042254 0.7878521126760564 0.11355633802816902 0.11443661971830986 
0 0.8932658450704225 0.9292840375586855 0.09815140845070422 0.03931924882629108 
0 0.797975352112676 0.931631455399061 0.0880281690140845 0.04988262910798122 
0 0.6857394366197183 0.9213615023474179 0.12323943661971831 0.14084507042253522 
0 0.8195422535211268 0.20892018779342722 0.11795774647887323 0.11032863849765258 
0 0.5790052816901409 0.19278169014084506 0.09903169014084508 0.06631455399061033 
0 0.6720950704225352 0.1317488262910798 0.09154929577464789 0.05575117370892019 
0 0.9658890845070423 0.6159037558685446 0.06734154929577464 0.04401408450704225 
0 0.983274647887324 0.6657863849765259 0.03345070422535211 0.04401408450704225 
0 0.8069982394366197 0.8629694835680751 0.09639084507042253 0.09330985915492958 
0 0.5660211267605634 0.9169600938967136 0.12059859154929578 0.1437793427230047 
0 0.453125 0.8758802816901409 0.09815140845070422 0.16725352112676056 
0 0.4498239436619718 0.602406103286385 0.10475352112676056 0.13321596244131456 
0 0.9308978873239436 0.3086854460093897 0.10387323943661972 0.0892018779342723 
0 0.6793573943661971 0.7875586854460094 0.11399647887323944 0.10328638497652583 
0 0.18683978873239437 0.7746478873239436 0.13952464788732394 0.19953051643192488 
0 0.20598591549295775 0.6071009389671361 0.14524647887323944 0.11443661971830986 
0 0.8076584507042254 0.380575117370892 0.10387323943661972 0.051056338028169015 
0 0.9027288732394366 0.67018779342723 0.12059859154929578 0.05046948356807512 
0 0.778169014084507 0.5246478873239436 0.10387323943661972 0.051643192488262914 
0 0.579225352112676 0.38086854460093894 0.11619718309859155 0.062206572769953054 
0 0.8899647887323944 0.6214788732394366 0.07570422535211267 0.051643192488262914 
0 0.6978433098591549 0.27230046948356806 0.11223591549295775 0.10915492957746478 
0 0.07086267605633803 0.2734741784037559 0.14084507042253522 0.1983568075117371 
0 0.6670334507042254 0.6622652582159625 0.11223591549295775 0.13908450704225353 
0 0.9157130281690141 0.8016431924882629 0.1192781690140845 0.09507042253521127 
0 0.8831426056338029 0.5404929577464789 0.09375 0.06924882629107981 
0 0.7981954225352113 0.7608568075117371 0.11223591549295775 0.09213615023474178 
0 0.7834507042253521 0.6029929577464789 0.10387323943661972 0.09096244131455399 
0 0.7909330985915493 0.6822183098591549 0.11355633802816902 0.061619718309859156 
0 0.9198943661971831 0.39289906103286387 0.10651408450704225 0.06748826291079812 
0 0.8180017605633803 0.31103286384976525 0.11399647887323944 0.0903755868544601 
0 0.5563380281690141 0.5997652582159625 0.10475352112676056 0.0528169014084507 
0 0.9128521126760564 0.7221244131455399 0.125 0.052230046948356805 
0 0.5798855633802817 0.2960680751173709 0.10871478873239436 0.11208920187793427 
0 0.3457306338028169 0.7089201877934272 0.10783450704225352 0.1983568075117371 
0 0.6665933098591549 0.5372652582159625 0.10431338028169014 0.1073943661971831 
0 0.6934419014084507 0.37235915492957744 0.1034330985915493 0.08509389671361503 
0 0.5576584507042254 0.5390258215962441 0.10211267605633803 0.051056338028169015 
0 0.9324383802816901 0.19923708920187794 0.10079225352112677 0.09096244131455399 
0 0.048195422535211266 0.8383215962441315 0.09551056338028169 0.2482394366197183 
0 0.1993838028169014 0.926056338028169 0.12764084507042253 0.07511737089201878 
0 0.9102112676056338 0.8858568075117371 0.11003521126760564 0.04988262910798122 
0 0.08230633802816902 0.6109154929577465 0.09330985915492958 0.11032863849765258 
0 0.4491637323943662 0.7259389671361502 0.09463028169014084 0.11150234741784038 
0 0.554137323943662 0.6710680751173709 0.11179577464788733 0.08392018779342723 
0 0.5576584507042254 0.7878521126760564 0.11355633802816902 0.11443661971830986 
0 0.8932658450704225 0.9292840375586855 0.09815140845070422 0.03931924882629108 
0 0.797975352112676 0.931631455399061 0.0880281690140845 0.04988262910798122 
0 0.6857394366197183 0.9213615023474179 0.12323943661971831 0.14084507042253522 
0 0.8195422535211268 0.20892018779342722 0.11795774647887323 0.11032863849765258 
0 0.5790052816901409 0.19278169014084506 0.09903169014084508 0.06631455399061033 
0 0.6720950704225352 0.1317488262910798 0.09154929577464789 0.05575117370892019 
0 0.9658890845070423 0.6159037558685446 0.06734154929577464 0.04401408450704225 
0 0.983274647887324 0.6657863849765259 0.03345070422535211 0.04401408450704225 
0 0.8069982394366197 0.8629694835680751 0.09639084507042253 0.09330985915492958 
0 0.5660211267605634 0.9169600938967136 0.12059859154929578 0.1437793427230047 
0 0.453125 0.8758802816901409 0.09815140845070422 0.16725352112676056 
0 0.4498239436619718 0.602406103286385 0.10475352112676056 0.13321596244131456 
0 0.9308978873239436 0.3086854460093897 0.10387323943661972 0.0892018779342723 
0 0.6793573943661971 0.7875586854460094 0.11399647887323944 0.10328638497652583 
0 0.18683978873239437 0.7746478873239436 0.13952464788732394 0.19953051643192488 
0 0.20598591549295775 0.6071009389671361 0.14524647887323944 0.11443661971830986 
0 0.8076584507042254 0.380575117370892 0.10387323943661972 0.051056338028169015 
0 0.9027288732394366 0.67018779342723 0.12059859154929578 0.05046948356807512 
0 0.778169014084507 0.5246478873239436 0.10387323943661972 0.051643192488262914 
0 0.579225352112676 0.38086854460093894 0.11619718309859155 0.062206572769953054 
0 0.8899647887323944 0.6214788732394366 0.07570422535211267 0.051643192488262914 
0 0.6978433098591549 0.27230046948356806 0.11223591549295775 0.10915492957746478 
0 0.07086267605633803 0.2734741784037559 0.14084507042253522 0.1983568075117371 
0 0.6670334507042254 0.6622652582159625 0.11223591549295775 0.13908450704225353 
0 0.9157130281690141 0.8016431924882629 0.1192781690140845 0.09507042253521127 
0 0.8831426056338029 0.5404929577464789 0.09375 0.06924882629107981 
0 0.7981954225352113 0.7608568075117371 0.11223591549295775 0.09213615023474178 
0 0.7834507042253521 0.6029929577464789 0.10387323943661972 0.09096244131455399 
0 0.7909330985915493 0.6822183098591549 0.11355633802816902 0.061619718309859156 
0 0.9198943661971831 0.39289906103286387 0.10651408450704225 0.06748826291079812 
0 0.8180017605633803 0.31103286384976525 0.11399647887323944 0.0903755868544601 
0 0.5563380281690141 0.5997652582159625 0.10475352112676056 0.0528169014084507 
0 0.9128521126760564 0.7221244131455399 0.125 0.052230046948356805 
0 0.5798855633802817 0.2960680751173709 0.10871478873239436 0.11208920187793427 
0 0.3457306338028169 0.7089201877934272 0.10783450704225352 0.1983568075117371 
0 0.6665933098591549 0.5372652582159625 0.10431338028169014 0.1073943661971831 
0 0.6934419014084507 0.37235915492957744 0.1034330985915493 0.08509389671361503 
0 0.5576584507042254 0.5390258215962441 0.10211267605633803 0.051056338028169015 
0 0.9324383802816901 0.19923708920187794 0.10079225352112677 0.09096244131455399 
