0 0.4168133802816901 0.3761737089201878 0.1505281690140845 0.07511737089201878 
0 0.8765404929577465 0.6754694835680751 0.1289612676056338 0.12793427230046947 
0 0.7711267605633803 0.4298708920187793 0.1443661971830986 0.12617370892018778 
0 0.061399647887323945 0.6097417840375586 0.12191901408450705 0.0892018779342723 
0 0.06095950704225352 0.8547535211267606 0.1210387323943662 0.07453051643192488 
0 0.06205985915492958 0.6954225352112676 0.12323943661971831 0.07863849765258216 
0 0.9289172535211268 0.2937206572769953 0.14216549295774647 0.0897887323943662 
0 0.9293573943661971 0.3835093896713615 0.14128521126760563 0.08039906103286384 
0 0.9284771126760564 0.19043427230046947 0.1430457746478873 0.11443661971830986 
0 0.40316901408450706 0.846244131455399 0.14524647887323944 0.07629107981220658 
0 0.731294014084507 0.9380868544600939 0.14920774647887325 0.07805164319248827 
0 0.4038292253521127 0.9225352112676056 0.14392605633802816 0.07629107981220658 
0 0.7277728873239436 0.8562206572769953 0.14744718309859156 0.07746478873239436 
0 0.20862676056338028 0.8538732394366197 0.1487676056338028 0.08215962441314555 
0 0.7297535211267606 0.7634976525821596 0.14964788732394366 0.09859154929577464 
0 0.2092869718309859 0.7717136150234741 0.15889084507042253 0.08450704225352113 
0 0.207306338028169 0.926349765258216 0.14524647887323944 0.0721830985915493 
0 0.06029929577464789 0.9298708920187794 0.11971830985915492 0.07687793427230047 
0 0.5686619718309859 0.795481220657277 0.14612676056338028 0.11326291079812206 
0 0.5627200704225352 0.9081572769953051 0.12984154929577466 0.10856807511737089 
0 0.8758802816901409 0.9181338028169014 0.1329225352112676 0.12030516431924883 
0 0.2106073943661972 0.5985915492957746 0.15625 0.08215962441314555 
0 0.9727112676056338 0.6754694835680751 0.05457746478873239 0.12441314553990611 
0 0.9744718309859155 0.7960680751173709 0.051056338028169015 0.09565727699530517 
0 0.9749119718309859 0.9172535211267606 0.05017605633802817 0.10915492957746478 
0 0.07086267605633803 0.22740610328638497 0.14084507042253522 0.07922535211267606 
0 0.06932218309859155 0.30369718309859156 0.13512323943661972 0.0698356807511737 
0 0.06205985915492958 0.7749413145539906 0.12323943661971831 0.07805164319248827 
0 0.0741637323943662 0.1449530516431925 0.14744718309859156 0.09154929577464789 
0 0.5693221830985915 0.6757629107981221 0.14040492957746478 0.1238262910798122 
0 0.5974911971830986 0.44454225352112675 0.1483274647887324 0.08744131455399061 
0 0.4047095070422535 0.7646713615023474 0.14216549295774647 0.09272300469483569 
0 0.2482394366197183 0.23738262910798122 0.1487676056338028 0.0733568075117371 
0 0.4185739436619718 0.3060446009389671 0.14964788732394366 0.06279342723004695 
0 0.4185739436619718 0.23708920187793428 0.15404929577464788 0.0715962441314554 
0 0.4168133802816901 0.4507042253521127 0.15757042253521128 0.07511737089201878 
0 0.8767605633802817 0.7992957746478874 0.1311619718309859 0.11737089201877934 
0 0.24471830985915494 0.30663145539906106 0.14084507042253522 0.06396713615023474 
0 0.24735915492957747 0.15669014084507044 0.15316901408450703 0.08215962441314555 
0 0.7295334507042254 0.6654929577464789 0.1500880281690141 0.09507042253521127 
0 0.5970510563380281 0.16637323943661972 0.1641725352112676 0.10974178403755869 
0 0.9289172535211268 0.4624413145539906 0.1386443661971831 0.06690140845070422 
0 0.24163732394366197 0.43838028169014087 0.1426056338028169 0.07394366197183098 
0 0.7720070422535211 0.18456572769953053 0.1426056338028169 0.1238262910798122 
0 0.24449823943661972 0.36502347417840375 0.1430457746478873 0.06455399061032864 
0 0.4038292253521127 0.6663732394366197 0.14392605633802816 0.08744131455399061 
0 0.21324823943661972 0.6863262910798122 0.15096830985915494 0.08509389671361503 
0 0.06316021126760564 0.3732394366197183 0.12544014084507044 0.06572769953051644 
0 0.5963908450704225 0.35944835680751175 0.15669014084507044 0.08157276995305164 
0 0.5977112676056338 0.2681924882629108 0.15845070422535212 0.09154929577464789 
0 0.42077464788732394 0.15580985915492956 0.15140845070422534 0.0897887323943662 
0 0.7711267605633803 0.30809859154929575 0.1443661971830986 0.12323943661971831 
0 0.06536091549295775 0.44278169014084506 0.12720070422535212 0.0710093896713615 
0 0.4168133802816901 0.3761737089201878 0.1505281690140845 0.07511737089201878 
0 0.8765404929577465 0.6754694835680751 0.1289612676056338 0.12793427230046947 
0 0.7711267605633803 0.4298708920187793 0.1443661971830986 0.12617370892018778 
0 0.061399647887323945 0.6097417840375586 0.12191901408450705 0.0892018779342723 
0 0.06095950704225352 0.8547535211267606 0.1210387323943662 0.07453051643192488 
0 0.06205985915492958 0.6954225352112676 0.12323943661971831 0.07863849765258216 
0 0.9289172535211268 0.2937206572769953 0.14216549295774647 0.0897887323943662 
0 0.9293573943661971 0.3835093896713615 0.14128521126760563 0.08039906103286384 
0 0.9284771126760564 0.19043427230046947 0.1430457746478873 0.11443661971830986 
0 0.40316901408450706 0.846244131455399 0.14524647887323944 0.07629107981220658 
0 0.731294014084507 0.9380868544600939 0.14920774647887325 0.07805164319248827 
0 0.4038292253521127 0.9225352112676056 0.14392605633802816 0.07629107981220658 
0 0.7277728873239436 0.8562206572769953 0.14744718309859156 0.07746478873239436 
0 0.20862676056338028 0.8538732394366197 0.1487676056338028 0.08215962441314555 
0 0.7297535211267606 0.7634976525821596 0.14964788732394366 0.09859154929577464 
0 0.2092869718309859 0.7717136150234741 0.15889084507042253 0.08450704225352113 
0 0.207306338028169 0.926349765258216 0.14524647887323944 0.0721830985915493 
0 0.06029929577464789 0.9298708920187794 0.11971830985915492 0.07687793427230047 
0 0.5686619718309859 0.795481220657277 0.14612676056338028 0.11326291079812206 
0 0.5627200704225352 0.9081572769953051 0.12984154929577466 0.10856807511737089 
0 0.8758802816901409 0.9181338028169014 0.1329225352112676 0.12030516431924883 
0 0.2106073943661972 0.5985915492957746 0.15625 0.08215962441314555 
0 0.9727112676056338 0.6754694835680751 0.05457746478873239 0.12441314553990611 
0 0.9744718309859155 0.7960680751173709 0.051056338028169015 0.09565727699530517 
0 0.9749119718309859 0.9172535211267606 0.05017605633802817 0.10915492957746478 
0 0.07086267605633803 0.22740610328638497 0.14084507042253522 0.07922535211267606 
0 0.06932218309859155 0.30369718309859156 0.13512323943661972 0.0698356807511737 
0 0.06205985915492958 0.7749413145539906 0.12323943661971831 0.07805164319248827 
0 0.0741637323943662 0.1449530516431925 0.14744718309859156 0.09154929577464789 
0 0.5693221830985915 0.6757629107981221 0.14040492957746478 0.1238262910798122 
0 0.5974911971830986 0.44454225352112675 0.1483274647887324 0.08744131455399061 
0 0.4047095070422535 0.7646713615023474 0.14216549295774647 0.09272300469483569 
0 0.2482394366197183 0.23738262910798122 0.1487676056338028 0.0733568075117371 
0 0.4185739436619718 0.3060446009389671 0.14964788732394366 0.06279342723004695 
0 0.4185739436619718 0.23708920187793428 0.15404929577464788 0.0715962441314554 
0 0.4168133802816901 0.4507042253521127 0.15757042253521128 0.07511737089201878 
0 0.8767605633802817 0.7992957746478874 0.1311619718309859 0.11737089201877934 
0 0.24471830985915494 0.30663145539906106 0.14084507042253522 0.06396713615023474 
0 0.24735915492957747 0.15669014084507044 0.15316901408450703 0.08215962441314555 
0 0.7295334507042254 0.6654929577464789 0.1500880281690141 0.09507042253521127 
0 0.5970510563380281 0.16637323943661972 0.1641725352112676 0.10974178403755869 
0 0.9289172535211268 0.4624413145539906 0.1386443661971831 0.06690140845070422 
0 0.24163732394366197 0.43838028169014087 0.1426056338028169 0.07394366197183098 
0 0.7720070422535211 0.18456572769953053 0.1426056338028169 0.1238262910798122 
0 0.24449823943661972 0.36502347417840375 0.1430457746478873 0.06455399061032864 
0 0.4038292253521127 0.6663732394366197 0.14392605633802816 0.08744131455399061 
0 0.21324823943661972 0.6863262910798122 0.15096830985915494 0.08509389671361503 
0 0.06316021126760564 0.3732394366197183 0.12544014084507044 0.06572769953051644 
0 0.5963908450704225 0.35944835680751175 0.15669014084507044 0.08157276995305164 
0 0.5977112676056338 0.2681924882629108 0.15845070422535212 0.09154929577464789 
0 0.42077464788732394 0.15580985915492956 0.15140845070422534 0.0897887323943662 
0 0.7711267605633803 0.30809859154929575 0.1443661971830986 0.12323943661971831 
0 0.06536091549295775 0.44278169014084506 0.12720070422535212 0.0710093896713615 
0 0.4168133802816901 0.3761737089201878 0.1505281690140845 0.07511737089201878 
0 0.8765404929577465 0.6754694835680751 0.1289612676056338 0.12793427230046947 
0 0.7711267605633803 0.4298708920187793 0.1443661971830986 0.12617370892018778 
0 0.061399647887323945 0.6097417840375586 0.12191901408450705 0.0892018779342723 
0 0.06095950704225352 0.8547535211267606 0.1210387323943662 0.07453051643192488 
0 0.06205985915492958 0.6954225352112676 0.12323943661971831 0.07863849765258216 
0 0.9289172535211268 0.2937206572769953 0.14216549295774647 0.0897887323943662 
0 0.9293573943661971 0.3835093896713615 0.14128521126760563 0.08039906103286384 
0 0.9284771126760564 0.19043427230046947 0.1430457746478873 0.11443661971830986 
0 0.40316901408450706 0.846244131455399 0.14524647887323944 0.07629107981220658 
0 0.731294014084507 0.9380868544600939 0.14920774647887325 0.07805164319248827 
0 0.4038292253521127 0.9225352112676056 0.14392605633802816 0.07629107981220658 
0 0.7277728873239436 0.8562206572769953 0.14744718309859156 0.07746478873239436 
0 0.20862676056338028 0.8538732394366197 0.1487676056338028 0.08215962441314555 
0 0.7297535211267606 0.7634976525821596 0.14964788732394366 0.09859154929577464 
0 0.2092869718309859 0.7717136150234741 0.15889084507042253 0.08450704225352113 
0 0.207306338028169 0.926349765258216 0.14524647887323944 0.0721830985915493 
0 0.06029929577464789 0.9298708920187794 0.11971830985915492 0.07687793427230047 
0 0.5686619718309859 0.795481220657277 0.14612676056338028 0.11326291079812206 
0 0.5627200704225352 0.9081572769953051 0.12984154929577466 0.10856807511737089 
0 0.8758802816901409 0.9181338028169014 0.1329225352112676 0.12030516431924883 
0 0.2106073943661972 0.5985915492957746 0.15625 0.08215962441314555 
0 0.9727112676056338 0.6754694835680751 0.05457746478873239 0.12441314553990611 
0 0.9744718309859155 0.7960680751173709 0.051056338028169015 0.09565727699530517 
0 0.9749119718309859 0.9172535211267606 0.05017605633802817 0.10915492957746478 
0 0.07086267605633803 0.22740610328638497 0.14084507042253522 0.07922535211267606 
0 0.06932218309859155 0.30369718309859156 0.13512323943661972 0.0698356807511737 
0 0.06205985915492958 0.7749413145539906 0.12323943661971831 0.07805164319248827 
0 0.0741637323943662 0.1449530516431925 0.14744718309859156 0.09154929577464789 
0 0.5693221830985915 0.6757629107981221 0.14040492957746478 0.1238262910798122 
0 0.5974911971830986 0.44454225352112675 0.1483274647887324 0.08744131455399061 
0 0.4047095070422535 0.7646713615023474 0.14216549295774647 0.09272300469483569 
0 0.2482394366197183 0.23738262910798122 0.1487676056338028 0.0733568075117371 
0 0.4185739436619718 0.3060446009389671 0.14964788732394366 0.06279342723004695 
0 0.4185739436619718 0.23708920187793428 0.15404929577464788 0.0715962441314554 
0 0.4168133802816901 0.4507042253521127 0.15757042253521128 0.07511737089201878 
0 0.8767605633802817 0.7992957746478874 0.1311619718309859 0.11737089201877934 
0 0.24471830985915494 0.30663145539906106 0.14084507042253522 0.06396713615023474 
0 0.24735915492957747 0.15669014084507044 0.15316901408450703 0.08215962441314555 
0 0.7295334507042254 0.6654929577464789 0.1500880281690141 0.09507042253521127 
0 0.5970510563380281 0.16637323943661972 0.1641725352112676 0.10974178403755869 
0 0.9289172535211268 0.4624413145539906 0.1386443661971831 0.06690140845070422 
0 0.24163732394366197 0.43838028169014087 0.1426056338028169 0.07394366197183098 
0 0.7720070422535211 0.18456572769953053 0.1426056338028169 0.1238262910798122 
0 0.24449823943661972 0.36502347417840375 0.1430457746478873 0.06455399061032864 
0 0.4038292253521127 0.6663732394366197 0.14392605633802816 0.08744131455399061 
0 0.21324823943661972 0.6863262910798122 0.15096830985915494 0.08509389671361503 
0 0.06316021126760564 0.3732394366197183 0.12544014084507044 0.06572769953051644 
0 0.5963908450704225 0.35944835680751175 0.15669014084507044 0.08157276995305164 
0 0.5977112676056338 0.2681924882629108 0.15845070422535212 0.09154929577464789 
0 0.42077464788732394 0.15580985915492956 0.15140845070422534 0.0897887323943662 
0 0.7711267605633803 0.30809859154929575 0.1443661971830986 0.12323943661971831 
0 0.06536091549295775 0.44278169014084506 0.12720070422535212 0.0710093896713615 
