0 0.7902728873239436 0.9011150234741784 0.14568661971830985 0.0698356807511737 
0 0.461487676056338 0.8673708920187794 0.1386443661971831 0.1396713615023474 
0 0.7907130281690141 0.8218896713615024 0.13776408450704225 0.06044600938967136 
0 0.25682218309859156 0.8855633802816901 0.1580105633802817 0.11502347417840375 
0 0.6390845070422535 0.8136737089201878 0.1487676056338028 0.07453051643192488 
0 0.840669014084507 0.3961267605633803 0.15933098591549297 0.09389671361502347 
0 0.8446302816901409 0.10592723004694836 0.15580985915492956 0.09330985915492958 
0 0.7988556338028169 0.5704225352112676 0.13732394366197184 0.07981220657276995 
0 0.9423415492957746 0.6217723004694836 0.1153169014084507 0.10622065727699531 
0 0.7988556338028169 0.653169014084507 0.13732394366197184 0.08098591549295775 
0 0.07482394366197183 0.8838028169014085 0.14348591549295775 0.1068075117370892 
0 0.8474911971830986 0.2520539906103286 0.1544894366197183 0.0733568075117371 
0 0.636443661971831 0.8961267605633803 0.14700704225352113 0.07629107981220658 
0 0.10695422535211267 0.5184859154929577 0.15404929577464788 0.09565727699530517 
0 0.9452024647887324 0.7232981220657277 0.10959507042253522 0.09683098591549295 
0 0.4482834507042254 0.6094483568075117 0.11663732394366197 0.08392018779342723 
0 0.9427816901408451 0.9028755868544601 0.10915492957746478 0.0721830985915493 
0 0.02948943661971831 0.08127934272300469 0.058098591549295774 0.10387323943661972 
0 0.027948943661971832 0.1892605633802817 0.05501760563380282 0.09448356807511737 
0 0.02464788732394366 0.27699530516431925 0.04841549295774648 0.06690140845070422 
0 0.02618838028169014 0.36619718309859156 0.05149647887323944 0.07863849765258216 
0 0.9650088028169014 0.10534037558685445 0.06998239436619719 0.0698356807511737 
0 0.9647887323943662 0.18485915492957747 0.06690140845070422 0.07629107981220658 
0 0.965669014084507 0.2632042253521127 0.06866197183098592 0.0721830985915493 
0 0.9654489436619719 0.3389084507042254 0.06382042253521127 0.06748826291079812 
0 0.9667693661971831 0.4131455399061033 0.0664612676056338 0.06924882629107981 
0 0.7935739436619719 0.7423708920187794 0.13468309859154928 0.07629107981220658 
0 0.9412411971830986 0.818075117370892 0.10519366197183098 0.0892018779342723 
0 0.6767165492957746 0.08157276995305164 0.1544894366197183 0.07981220657276995 
0 0.6439260563380281 0.5651408450704225 0.1698943661971831 0.08450704225352113 
0 0.07350352112676056 0.7731807511737089 0.14612676056338028 0.11443661971830986 
0 0.461487676056338 0.7303403755868545 0.12544014084507044 0.1238262910798122 
0 0.4876760563380282 0.3826291079812207 0.1742957746478873 0.09741784037558686 
0 0.308318661971831 0.2934272300469484 0.15889084507042253 0.09624413145539906 
0 0.308318661971831 0.2039319248826291 0.1544894366197183 0.09683098591549295 
0 0.26254401408450706 0.7676056338028169 0.1580105633802817 0.12793427230046947 
0 0.3050176056338028 0.37646713615023475 0.15669014084507044 0.07453051643192488 
0 0.6756161971830986 0.39730046948356806 0.1742957746478873 0.08215962441314555 
0 0.13622359154929578 0.3670774647887324 0.15977112676056338 0.09330985915492958 
0 0.4920774647887324 0.29107981220657275 0.16549295774647887 0.0892018779342723 
0 0.44850352112676056 0.5313967136150235 0.12059859154929578 0.07570422535211267 
0 0.4918573943661972 0.20539906103286384 0.16593309859154928 0.0880281690140845 
0 0.2689260563380282 0.6493544600938967 0.14964788732394366 0.10622065727699531 
0 0.13798415492957747 0.27816901408450706 0.1580105633802817 0.0892018779342723 
0 0.27090669014084506 0.5419600938967136 0.1500880281690141 0.10387323943661972 
0 0.6696742957746479 0.16402582159624413 0.16681338028169015 0.09096244131455399 
0 0.31139964788732394 0.10710093896713616 0.1544894366197183 0.10269953051643192 
0 0.07460387323943662 0.6408450704225352 0.1483274647887324 0.1443661971830986 
0 0.14348591549295775 0.09565727699530517 0.15580985915492956 0.09859154929577464 
0 0.844850352112676 0.18280516431924881 0.15096830985915494 0.06514084507042253 
0 0.6681338028169014 0.32130281690140844 0.16285211267605634 0.06396713615023474 
0 0.6439260563380281 0.6552230046948356 0.1742957746478873 0.08039906103286384 
0 0.6368838028169014 0.7356220657276995 0.15933098591549297 0.07805164319248827 
0 0.6703345070422535 0.24706572769953053 0.15845070422535212 0.08333333333333333 
0 0.14040492957746478 0.19014084507042253 0.15580985915492956 0.08568075117370892 
0 0.4762323943661972 0.10064553990610328 0.13204225352112675 0.09330985915492958 
0 0.8435299295774648 0.3283450704225352 0.15977112676056338 0.07687793427230047 
0 0.7902728873239436 0.9011150234741784 0.14568661971830985 0.0698356807511737 
0 0.461487676056338 0.8673708920187794 0.1386443661971831 0.1396713615023474 
0 0.7907130281690141 0.8218896713615024 0.13776408450704225 0.06044600938967136 
0 0.25682218309859156 0.8855633802816901 0.1580105633802817 0.11502347417840375 
0 0.6390845070422535 0.8136737089201878 0.1487676056338028 0.07453051643192488 
0 0.840669014084507 0.3961267605633803 0.15933098591549297 0.09389671361502347 
0 0.8446302816901409 0.10592723004694836 0.15580985915492956 0.09330985915492958 
0 0.7988556338028169 0.5704225352112676 0.13732394366197184 0.07981220657276995 
0 0.9423415492957746 0.6217723004694836 0.1153169014084507 0.10622065727699531 
0 0.7988556338028169 0.653169014084507 0.13732394366197184 0.08098591549295775 
0 0.07482394366197183 0.8838028169014085 0.14348591549295775 0.1068075117370892 
0 0.8474911971830986 0.2520539906103286 0.1544894366197183 0.0733568075117371 
0 0.636443661971831 0.8961267605633803 0.14700704225352113 0.07629107981220658 
0 0.10695422535211267 0.5184859154929577 0.15404929577464788 0.09565727699530517 
0 0.9452024647887324 0.7232981220657277 0.10959507042253522 0.09683098591549295 
0 0.4482834507042254 0.6094483568075117 0.11663732394366197 0.08392018779342723 
0 0.9427816901408451 0.9028755868544601 0.10915492957746478 0.0721830985915493 
0 0.02948943661971831 0.08127934272300469 0.058098591549295774 0.10387323943661972 
0 0.027948943661971832 0.1892605633802817 0.05501760563380282 0.09448356807511737 
0 0.02464788732394366 0.27699530516431925 0.04841549295774648 0.06690140845070422 
0 0.02618838028169014 0.36619718309859156 0.05149647887323944 0.07863849765258216 
0 0.9650088028169014 0.10534037558685445 0.06998239436619719 0.0698356807511737 
0 0.9647887323943662 0.18485915492957747 0.06690140845070422 0.07629107981220658 
0 0.965669014084507 0.2632042253521127 0.06866197183098592 0.0721830985915493 
0 0.9654489436619719 0.3389084507042254 0.06382042253521127 0.06748826291079812 
0 0.9667693661971831 0.4131455399061033 0.0664612676056338 0.06924882629107981 
0 0.7935739436619719 0.7423708920187794 0.13468309859154928 0.07629107981220658 
0 0.9412411971830986 0.818075117370892 0.10519366197183098 0.0892018779342723 
0 0.6767165492957746 0.08157276995305164 0.1544894366197183 0.07981220657276995 
0 0.6439260563380281 0.5651408450704225 0.1698943661971831 0.08450704225352113 
0 0.07350352112676056 0.7731807511737089 0.14612676056338028 0.11443661971830986 
0 0.461487676056338 0.7303403755868545 0.12544014084507044 0.1238262910798122 
0 0.4876760563380282 0.3826291079812207 0.1742957746478873 0.09741784037558686 
0 0.308318661971831 0.2934272300469484 0.15889084507042253 0.09624413145539906 
0 0.308318661971831 0.2039319248826291 0.1544894366197183 0.09683098591549295 
0 0.26254401408450706 0.7676056338028169 0.1580105633802817 0.12793427230046947 
0 0.3050176056338028 0.37646713615023475 0.15669014084507044 0.07453051643192488 
0 0.6756161971830986 0.39730046948356806 0.1742957746478873 0.08215962441314555 
0 0.13622359154929578 0.3670774647887324 0.15977112676056338 0.09330985915492958 
0 0.4920774647887324 0.29107981220657275 0.16549295774647887 0.0892018779342723 
0 0.44850352112676056 0.5313967136150235 0.12059859154929578 0.07570422535211267 
0 0.4918573943661972 0.20539906103286384 0.16593309859154928 0.0880281690140845 
0 0.2689260563380282 0.6493544600938967 0.14964788732394366 0.10622065727699531 
0 0.13798415492957747 0.27816901408450706 0.1580105633802817 0.0892018779342723 
0 0.27090669014084506 0.5419600938967136 0.1500880281690141 0.10387323943661972 
0 0.6696742957746479 0.16402582159624413 0.16681338028169015 0.09096244131455399 
0 0.31139964788732394 0.10710093896713616 0.1544894366197183 0.10269953051643192 
0 0.07460387323943662 0.6408450704225352 0.1483274647887324 0.1443661971830986 
0 0.14348591549295775 0.09565727699530517 0.15580985915492956 0.09859154929577464 
0 0.844850352112676 0.18280516431924881 0.15096830985915494 0.06514084507042253 
0 0.6681338028169014 0.32130281690140844 0.16285211267605634 0.06396713615023474 
0 0.6439260563380281 0.6552230046948356 0.1742957746478873 0.08039906103286384 
0 0.6368838028169014 0.7356220657276995 0.15933098591549297 0.07805164319248827 
0 0.6703345070422535 0.24706572769953053 0.15845070422535212 0.08333333333333333 
0 0.14040492957746478 0.19014084507042253 0.15580985915492956 0.08568075117370892 
0 0.4762323943661972 0.10064553990610328 0.13204225352112675 0.09330985915492958 
0 0.8435299295774648 0.3283450704225352 0.15977112676056338 0.07687793427230047 
0 0.7902728873239436 0.9011150234741784 0.14568661971830985 0.0698356807511737 
0 0.461487676056338 0.8673708920187794 0.1386443661971831 0.1396713615023474 
0 0.7907130281690141 0.8218896713615024 0.13776408450704225 0.06044600938967136 
0 0.25682218309859156 0.8855633802816901 0.1580105633802817 0.11502347417840375 
0 0.6390845070422535 0.8136737089201878 0.1487676056338028 0.07453051643192488 
0 0.840669014084507 0.3961267605633803 0.15933098591549297 0.09389671361502347 
0 0.8446302816901409 0.10592723004694836 0.15580985915492956 0.09330985915492958 
0 0.7988556338028169 0.5704225352112676 0.13732394366197184 0.07981220657276995 
0 0.9423415492957746 0.6217723004694836 0.1153169014084507 0.10622065727699531 
0 0.7988556338028169 0.653169014084507 0.13732394366197184 0.08098591549295775 
0 0.07482394366197183 0.8838028169014085 0.14348591549295775 0.1068075117370892 
0 0.8474911971830986 0.2520539906103286 0.1544894366197183 0.0733568075117371 
0 0.636443661971831 0.8961267605633803 0.14700704225352113 0.07629107981220658 
0 0.10695422535211267 0.5184859154929577 0.15404929577464788 0.09565727699530517 
0 0.9452024647887324 0.7232981220657277 0.10959507042253522 0.09683098591549295 
0 0.4482834507042254 0.6094483568075117 0.11663732394366197 0.08392018779342723 
0 0.9427816901408451 0.9028755868544601 0.10915492957746478 0.0721830985915493 
0 0.02948943661971831 0.08127934272300469 0.058098591549295774 0.10387323943661972 
0 0.027948943661971832 0.1892605633802817 0.05501760563380282 0.09448356807511737 
0 0.02464788732394366 0.27699530516431925 0.04841549295774648 0.06690140845070422 
0 0.02618838028169014 0.36619718309859156 0.05149647887323944 0.07863849765258216 
0 0.9650088028169014 0.10534037558685445 0.06998239436619719 0.0698356807511737 
0 0.9647887323943662 0.18485915492957747 0.06690140845070422 0.07629107981220658 
0 0.965669014084507 0.2632042253521127 0.06866197183098592 0.0721830985915493 
0 0.9654489436619719 0.3389084507042254 0.06382042253521127 0.06748826291079812 
0 0.9667693661971831 0.4131455399061033 0.0664612676056338 0.06924882629107981 
0 0.7935739436619719 0.7423708920187794 0.13468309859154928 0.07629107981220658 
0 0.9412411971830986 0.818075117370892 0.10519366197183098 0.0892018779342723 
0 0.6767165492957746 0.08157276995305164 0.1544894366197183 0.07981220657276995 
0 0.6439260563380281 0.5651408450704225 0.1698943661971831 0.08450704225352113 
0 0.07350352112676056 0.7731807511737089 0.14612676056338028 0.11443661971830986 
0 0.461487676056338 0.7303403755868545 0.12544014084507044 0.1238262910798122 
0 0.4876760563380282 0.3826291079812207 0.1742957746478873 0.09741784037558686 
0 0.308318661971831 0.2934272300469484 0.15889084507042253 0.09624413145539906 
0 0.308318661971831 0.2039319248826291 0.1544894366197183 0.09683098591549295 
0 0.26254401408450706 0.7676056338028169 0.1580105633802817 0.12793427230046947 
0 0.3050176056338028 0.37646713615023475 0.15669014084507044 0.07453051643192488 
0 0.6756161971830986 0.39730046948356806 0.1742957746478873 0.08215962441314555 
0 0.13622359154929578 0.3670774647887324 0.15977112676056338 0.09330985915492958 
0 0.4920774647887324 0.29107981220657275 0.16549295774647887 0.0892018779342723 
0 0.44850352112676056 0.5313967136150235 0.12059859154929578 0.07570422535211267 
0 0.4918573943661972 0.20539906103286384 0.16593309859154928 0.0880281690140845 
0 0.2689260563380282 0.6493544600938967 0.14964788732394366 0.10622065727699531 
0 0.13798415492957747 0.27816901408450706 0.1580105633802817 0.0892018779342723 
0 0.27090669014084506 0.5419600938967136 0.1500880281690141 0.10387323943661972 
0 0.6696742957746479 0.16402582159624413 0.16681338028169015 0.09096244131455399 
0 0.31139964788732394 0.10710093896713616 0.1544894366197183 0.10269953051643192 
0 0.07460387323943662 0.6408450704225352 0.1483274647887324 0.1443661971830986 
0 0.14348591549295775 0.09565727699530517 0.15580985915492956 0.09859154929577464 
0 0.844850352112676 0.18280516431924881 0.15096830985915494 0.06514084507042253 
0 0.6681338028169014 0.32130281690140844 0.16285211267605634 0.06396713615023474 
0 0.6439260563380281 0.6552230046948356 0.1742957746478873 0.08039906103286384 
0 0.6368838028169014 0.7356220657276995 0.15933098591549297 0.07805164319248827 
0 0.6703345070422535 0.24706572769953053 0.15845070422535212 0.08333333333333333 
0 0.14040492957746478 0.19014084507042253 0.15580985915492956 0.08568075117370892 
0 0.4762323943661972 0.10064553990610328 0.13204225352112675 0.09330985915492958 
0 0.8435299295774648 0.3283450704225352 0.15977112676056338 0.07687793427230047 
