0 0.6850792253521126 0.26731220657276994 0.17121478873239437 0.09330985915492958 
0 0.23415492957746478 0.8189553990610329 0.1619718309859155 0.09917840375586855 
0 0.06866197183098592 0.6091549295774648 0.136443661971831 0.11619718309859155 
0 0.8598151408450704 0.19043427230046947 0.15184859154929578 0.09448356807511737 
0 0.8617957746478874 0.09448356807511737 0.14964788732394366 0.10093896713615023 
0 0.8558538732394366 0.2811032863849765 0.14656690140845072 0.08568075117370892 
0 0.07086267605633803 0.7206572769953051 0.14084507042253522 0.10446009389671361 
0 0.8419894366197183 0.4495305164319249 0.13468309859154928 0.07746478873239436 
0 0.8943661971830986 0.6631455399061033 0.15757042253521128 0.11384976525821597 
0 0.7196302816901409 0.9330985915492958 0.13028169014084506 0.07042253521126761 
0 0.07306338028169014 0.8233568075117371 0.14524647887323944 0.09272300469483569 
0 0.8796214788732394 0.7708333333333334 0.1386443661971831 0.08392018779342723 
0 0.23129401408450703 0.920481220657277 0.15889084507042253 0.10152582159624413 
0 0.5633802816901409 0.920774647887324 0.1505281690140845 0.0892018779342723 
0 0.39766725352112675 0.9245892018779343 0.15625 0.09330985915492958 
0 0.0741637323943662 0.9175469483568075 0.14744718309859156 0.09565727699530517 
0 0.8648767605633803 0.9313380281690141 0.12852112676056338 0.056338028169014086 
0 0.4828345070422535 0.17869718309859156 0.11971830985915492 0.07922535211267606 
0 0.13028169014084506 0.04401408450704225 0.15404929577464788 0.08215962441314555 
0 0.9738116197183099 0.8224765258215962 0.05237676056338028 0.0721830985915493 
0 0.6969630281690141 0.09389671361502347 0.17825704225352113 0.09976525821596244 
0 0.9733714788732394 0.9066901408450704 0.053257042253521125 0.06807511737089202 
0 0.6943221830985915 0.1869131455399061 0.17473591549295775 0.09213615023474178 
0 0.6875 0.3568075117370892 0.17517605633802816 0.0903755868544601 
0 0.48349471830985913 0.08568075117370892 0.1210387323943662 0.09507042253521127 
0 0.876100352112676 0.8597417840375586 0.13424295774647887 0.07276995305164319 
0 0.29401408450704225 0.41960093896713613 0.16549295774647887 0.11384976525821597 
0 0.5640404929577465 0.7373826291079812 0.1624119718309859 0.09800469483568075 
0 0.3954665492957746 0.7250586854460094 0.16681338028169015 0.10504694835680752 
0 0.296875 0.30663145539906106 0.16593309859154928 0.11678403755868545 
0 0.5743838028169014 0.6211854460093896 0.15492957746478872 0.09565727699530517 
0 0.570862676056338 0.8283450704225352 0.1505281690140845 0.0886150234741784 
0 0.10277288732394366 0.3019366197183099 0.18882042253521128 0.11091549295774648 
0 0.41065140845070425 0.6203051643192489 0.16725352112676056 0.1056338028169014 
0 0.3032570422535211 0.06308685446009389 0.15757042253521128 0.11091549295774648 
0 0.22403169014084506 0.715962441314554 0.15757042253521128 0.1056338028169014 
0 0.733274647887324 0.7147887323943662 0.1426056338028169 0.07863849765258216 
0 0.6899207746478874 0.4460093896713615 0.16153169014084506 0.09624413145539906 
0 0.10673415492957747 0.4125586854460094 0.18529929577464788 0.11032863849765258 
0 0.7376760563380281 0.6285211267605634 0.15140845070422534 0.08098591549295775 
0 0.507262323943662 0.4175469483568075 0.17033450704225353 0.1414319248826291 
0 0.10013204225352113 0.1607981220657277 0.1835387323943662 0.15610328638497653 
0 0.7290933098591549 0.7943075117370892 0.14040492957746478 0.0721830985915493 
0 0.3939260563380282 0.829518779342723 0.1522887323943662 0.09565727699530517 
0 0.846830985915493 0.37588028169014087 0.13556338028169015 0.0897887323943662 
0 0.5046214788732394 0.2822769953051643 0.15536971830985916 0.11619718309859155 
0 0.2990757042253521 0.18661971830985916 0.16593309859154928 0.13380281690140844 
0 0.7244718309859155 0.8670774647887324 0.1382042253521127 0.06396713615023474 
0 0.6850792253521126 0.26731220657276994 0.17121478873239437 0.09330985915492958 
0 0.23415492957746478 0.8189553990610329 0.1619718309859155 0.09917840375586855 
0 0.06866197183098592 0.6091549295774648 0.136443661971831 0.11619718309859155 
0 0.8598151408450704 0.19043427230046947 0.15184859154929578 0.09448356807511737 
0 0.8617957746478874 0.09448356807511737 0.14964788732394366 0.10093896713615023 
0 0.8558538732394366 0.2811032863849765 0.14656690140845072 0.08568075117370892 
0 0.07086267605633803 0.7206572769953051 0.14084507042253522 0.10446009389671361 
0 0.8419894366197183 0.4495305164319249 0.13468309859154928 0.07746478873239436 
0 0.8943661971830986 0.6631455399061033 0.15757042253521128 0.11384976525821597 
0 0.7196302816901409 0.9330985915492958 0.13028169014084506 0.07042253521126761 
0 0.07306338028169014 0.8233568075117371 0.14524647887323944 0.09272300469483569 
0 0.8796214788732394 0.7708333333333334 0.1386443661971831 0.08392018779342723 
0 0.23129401408450703 0.920481220657277 0.15889084507042253 0.10152582159624413 
0 0.5633802816901409 0.920774647887324 0.1505281690140845 0.0892018779342723 
0 0.39766725352112675 0.9245892018779343 0.15625 0.09330985915492958 
0 0.0741637323943662 0.9175469483568075 0.14744718309859156 0.09565727699530517 
0 0.8648767605633803 0.9313380281690141 0.12852112676056338 0.056338028169014086 
0 0.4828345070422535 0.17869718309859156 0.11971830985915492 0.07922535211267606 
0 0.13028169014084506 0.04401408450704225 0.15404929577464788 0.08215962441314555 
0 0.9738116197183099 0.8224765258215962 0.05237676056338028 0.0721830985915493 
0 0.6969630281690141 0.09389671361502347 0.17825704225352113 0.09976525821596244 
0 0.9733714788732394 0.9066901408450704 0.053257042253521125 0.06807511737089202 
0 0.6943221830985915 0.1869131455399061 0.17473591549295775 0.09213615023474178 
0 0.6875 0.3568075117370892 0.17517605633802816 0.0903755868544601 
0 0.48349471830985913 0.08568075117370892 0.1210387323943662 0.09507042253521127 
0 0.876100352112676 0.8597417840375586 0.13424295774647887 0.07276995305164319 
0 0.29401408450704225 0.41960093896713613 0.16549295774647887 0.11384976525821597 
0 0.5640404929577465 0.7373826291079812 0.1624119718309859 0.09800469483568075 
0 0.3954665492957746 0.7250586854460094 0.16681338028169015 0.10504694835680752 
0 0.296875 0.30663145539906106 0.16593309859154928 0.11678403755868545 
0 0.5743838028169014 0.6211854460093896 0.15492957746478872 0.09565727699530517 
0 0.570862676056338 0.8283450704225352 0.1505281690140845 0.0886150234741784 
0 0.10277288732394366 0.3019366197183099 0.18882042253521128 0.11091549295774648 
0 0.41065140845070425 0.6203051643192489 0.16725352112676056 0.1056338028169014 
0 0.3032570422535211 0.06308685446009389 0.15757042253521128 0.11091549295774648 
0 0.22403169014084506 0.715962441314554 0.15757042253521128 0.1056338028169014 
0 0.733274647887324 0.7147887323943662 0.1426056338028169 0.07863849765258216 
0 0.6899207746478874 0.4460093896713615 0.16153169014084506 0.09624413145539906 
0 0.10673415492957747 0.4125586854460094 0.18529929577464788 0.11032863849765258 
0 0.7376760563380281 0.6285211267605634 0.15140845070422534 0.08098591549295775 
0 0.507262323943662 0.4175469483568075 0.17033450704225353 0.1414319248826291 
0 0.10013204225352113 0.1607981220657277 0.1835387323943662 0.15610328638497653 
0 0.7290933098591549 0.7943075117370892 0.14040492957746478 0.0721830985915493 
0 0.3939260563380282 0.829518779342723 0.1522887323943662 0.09565727699530517 
0 0.846830985915493 0.37588028169014087 0.13556338028169015 0.0897887323943662 
0 0.5046214788732394 0.2822769953051643 0.15536971830985916 0.11619718309859155 
0 0.2990757042253521 0.18661971830985916 0.16593309859154928 0.13380281690140844 
0 0.7244718309859155 0.8670774647887324 0.1382042253521127 0.06396713615023474 
0 0.6850792253521126 0.26731220657276994 0.17121478873239437 0.09330985915492958 
0 0.23415492957746478 0.8189553990610329 0.1619718309859155 0.09917840375586855 
0 0.06866197183098592 0.6091549295774648 0.136443661971831 0.11619718309859155 
0 0.8598151408450704 0.19043427230046947 0.15184859154929578 0.09448356807511737 
0 0.8617957746478874 0.09448356807511737 0.14964788732394366 0.10093896713615023 
0 0.8558538732394366 0.2811032863849765 0.14656690140845072 0.08568075117370892 
0 0.07086267605633803 0.7206572769953051 0.14084507042253522 0.10446009389671361 
0 0.8419894366197183 0.4495305164319249 0.13468309859154928 0.07746478873239436 
0 0.8943661971830986 0.6631455399061033 0.15757042253521128 0.11384976525821597 
0 0.7196302816901409 0.9330985915492958 0.13028169014084506 0.07042253521126761 
0 0.07306338028169014 0.8233568075117371 0.14524647887323944 0.09272300469483569 
0 0.8796214788732394 0.7708333333333334 0.1386443661971831 0.08392018779342723 
0 0.23129401408450703 0.920481220657277 0.15889084507042253 0.10152582159624413 
0 0.5633802816901409 0.920774647887324 0.1505281690140845 0.0892018779342723 
0 0.39766725352112675 0.9245892018779343 0.15625 0.09330985915492958 
0 0.0741637323943662 0.9175469483568075 0.14744718309859156 0.09565727699530517 
0 0.8648767605633803 0.9313380281690141 0.12852112676056338 0.056338028169014086 
0 0.4828345070422535 0.17869718309859156 0.11971830985915492 0.07922535211267606 
0 0.13028169014084506 0.04401408450704225 0.15404929577464788 0.08215962441314555 
0 0.9738116197183099 0.8224765258215962 0.05237676056338028 0.0721830985915493 
0 0.6969630281690141 0.09389671361502347 0.17825704225352113 0.09976525821596244 
0 0.9733714788732394 0.9066901408450704 0.053257042253521125 0.06807511737089202 
0 0.6943221830985915 0.1869131455399061 0.17473591549295775 0.09213615023474178 
0 0.6875 0.3568075117370892 0.17517605633802816 0.0903755868544601 
0 0.48349471830985913 0.08568075117370892 0.1210387323943662 0.09507042253521127 
0 0.876100352112676 0.8597417840375586 0.13424295774647887 0.07276995305164319 
0 0.29401408450704225 0.41960093896713613 0.16549295774647887 0.11384976525821597 
0 0.5640404929577465 0.7373826291079812 0.1624119718309859 0.09800469483568075 
0 0.3954665492957746 0.7250586854460094 0.16681338028169015 0.10504694835680752 
0 0.296875 0.30663145539906106 0.16593309859154928 0.11678403755868545 
0 0.5743838028169014 0.6211854460093896 0.15492957746478872 0.09565727699530517 
0 0.570862676056338 0.8283450704225352 0.1505281690140845 0.0886150234741784 
0 0.10277288732394366 0.3019366197183099 0.18882042253521128 0.11091549295774648 
0 0.41065140845070425 0.6203051643192489 0.16725352112676056 0.1056338028169014 
0 0.3032570422535211 0.06308685446009389 0.15757042253521128 0.11091549295774648 
0 0.22403169014084506 0.715962441314554 0.15757042253521128 0.1056338028169014 
0 0.733274647887324 0.7147887323943662 0.1426056338028169 0.07863849765258216 
0 0.6899207746478874 0.4460093896713615 0.16153169014084506 0.09624413145539906 
0 0.10673415492957747 0.4125586854460094 0.18529929577464788 0.11032863849765258 
0 0.7376760563380281 0.6285211267605634 0.15140845070422534 0.08098591549295775 
0 0.507262323943662 0.4175469483568075 0.17033450704225353 0.1414319248826291 
0 0.10013204225352113 0.1607981220657277 0.1835387323943662 0.15610328638497653 
0 0.7290933098591549 0.7943075117370892 0.14040492957746478 0.0721830985915493 
0 0.3939260563380282 0.829518779342723 0.1522887323943662 0.09565727699530517 
0 0.846830985915493 0.37588028169014087 0.13556338028169015 0.0897887323943662 
0 0.5046214788732394 0.2822769953051643 0.15536971830985916 0.11619718309859155 
0 0.2990757042253521 0.18661971830985916 0.16593309859154928 0.13380281690140844 
0 0.7244718309859155 0.8670774647887324 0.1382042253521127 0.06396713615023474 
