0 0.7480193661971831 0.7585093896713615 0.15272887323943662 0.10269953051643192 
0 0.8844630281690141 0.9416079812206573 0.14656690140845072 0.0886150234741784 
0 0.741637323943662 0.9421948356807511 0.14348591549295775 0.0897887323943662 
0 0.7433978873239436 0.8538732394366197 0.13996478873239437 0.09389671361502347 
0 0.4513644366197183 0.9017018779342723 0.1544894366197183 0.1965962441314554 
0 0.16087147887323944 0.8629694835680751 0.1368838028169014 0.15786384976525822 
0 0.6346830985915493 0.7018779342723005 0.06690140845070422 0.19248826291079812 
0 0.06580105633802817 0.5355046948356808 0.09551056338028169 0.09683098591549295 
0 0.10827464788732394 0.17576291079812206 0.11003521126760564 0.13791079812206572 
0 0.6819982394366197 0.13204225352112675 0.10695422535211267 0.11150234741784038 
0 0.8199823943661971 0.14231220657276994 0.136443661971831 0.10856807511737089 
0 0.050836267605633804 0.7056924882629108 0.07262323943661972 0.08509389671361503 
0 0.3017165492957746 0.9061032863849765 0.12191901408450705 0.18779342723004694 
0 0.625 0.9011150234741784 0.09066901408450705 0.1954225352112676 
0 0.9654489436619719 0.1619718309859155 0.06910211267605634 0.1068075117370892 
0 0.8910651408450704 0.8550469483568075 0.15536971830985916 0.09741784037558686 
0 0.9579665492957746 0.4970657276995305 0.0840669014084507 0.09741784037558686 
0 0.06470070422535211 0.4375 0.09154929577464789 0.0897887323943662 
0 0.46500880281690143 0.5035211267605634 0.12015845070422536 0.21830985915492956 
0 0.9617077464788732 0.2828638497652582 0.07658450704225352 0.09976525821596244 
0 0.8235035211267606 0.37588028169014087 0.13380281690140844 0.10152582159624413 
0 0.15118838028169015 0.46273474178403756 0.07526408450704225 0.18720657276995306 
0 0.8102992957746479 0.488556338028169 0.12940140845070422 0.10269953051643192 
0 0.21280809859154928 0.20246478873239437 0.09198943661971831 0.1056338028169014 
0 0.7513204225352113 0.6607981220657277 0.15933098591549297 0.09859154929577464 
0 0.8268045774647887 0.26291079812206575 0.1386443661971831 0.11032863849765258 
0 0.8943661971830986 0.7579225352112676 0.14172535211267606 0.11208920187793427 
0 0.4014084507042254 0.10475352112676056 0.08714788732394366 0.125 
0 0.21368838028169015 0.09477699530516431 0.09022887323943662 0.10974178403755869 
0 0.23305457746478872 0.45980046948356806 0.0743838028169014 0.1965962441314554 
0 0.6714348591549296 0.36913145539906106 0.09022887323943662 0.12089201877934272 
0 0.4014084507042254 0.21009389671361503 0.09330985915492958 0.107981220657277 
0 0.3065580985915493 0.09976525821596244 0.09375 0.12323943661971831 
0 0.33428697183098594 0.49589201877934275 0.12191901408450705 0.20187793427230047 
0 0.6665933098591549 0.48034037558685444 0.08670774647887323 0.09213615023474178 
0 0.152068661971831 0.7276995305164319 0.12544014084507044 0.11737089201877934 
0 0.30567781690140844 0.2106807511737089 0.08934859154929578 0.11267605633802817 
0 0.672975352112676 0.24853286384976525 0.09154929577464789 0.11913145539906103 
0 0.49383802816901406 0.1056338028169014 0.08450704225352113 0.1255868544600939 
0 0.49317781690140844 0.21566901408450703 0.0840669014084507 0.11443661971830986 
0 0.9590669014084507 0.39348591549295775 0.0818661971830986 0.1073943661971831 
0 0.45994718309859156 0.7338615023474179 0.12852112676056338 0.11678403755868545 
0 0.7480193661971831 0.7585093896713615 0.15272887323943662 0.10269953051643192 
0 0.8844630281690141 0.9416079812206573 0.14656690140845072 0.0886150234741784 
0 0.741637323943662 0.9421948356807511 0.14348591549295775 0.0897887323943662 
0 0.7433978873239436 0.8538732394366197 0.13996478873239437 0.09389671361502347 
0 0.4513644366197183 0.9017018779342723 0.1544894366197183 0.1965962441314554 
0 0.16087147887323944 0.8629694835680751 0.1368838028169014 0.15786384976525822 
0 0.6346830985915493 0.7018779342723005 0.06690140845070422 0.19248826291079812 
0 0.06580105633802817 0.5355046948356808 0.09551056338028169 0.09683098591549295 
0 0.10827464788732394 0.17576291079812206 0.11003521126760564 0.13791079812206572 
0 0.6819982394366197 0.13204225352112675 0.10695422535211267 0.11150234741784038 
0 0.8199823943661971 0.14231220657276994 0.136443661971831 0.10856807511737089 
0 0.050836267605633804 0.7056924882629108 0.07262323943661972 0.08509389671361503 
0 0.3017165492957746 0.9061032863849765 0.12191901408450705 0.18779342723004694 
0 0.625 0.9011150234741784 0.09066901408450705 0.1954225352112676 
0 0.9654489436619719 0.1619718309859155 0.06910211267605634 0.1068075117370892 
0 0.8910651408450704 0.8550469483568075 0.15536971830985916 0.09741784037558686 
0 0.9579665492957746 0.4970657276995305 0.0840669014084507 0.09741784037558686 
0 0.06470070422535211 0.4375 0.09154929577464789 0.0897887323943662 
0 0.46500880281690143 0.5035211267605634 0.12015845070422536 0.21830985915492956 
0 0.9617077464788732 0.2828638497652582 0.07658450704225352 0.09976525821596244 
0 0.8235035211267606 0.37588028169014087 0.13380281690140844 0.10152582159624413 
0 0.15118838028169015 0.46273474178403756 0.07526408450704225 0.18720657276995306 
0 0.8102992957746479 0.488556338028169 0.12940140845070422 0.10269953051643192 
0 0.21280809859154928 0.20246478873239437 0.09198943661971831 0.1056338028169014 
0 0.7513204225352113 0.6607981220657277 0.15933098591549297 0.09859154929577464 
0 0.8268045774647887 0.26291079812206575 0.1386443661971831 0.11032863849765258 
0 0.8943661971830986 0.7579225352112676 0.14172535211267606 0.11208920187793427 
0 0.4014084507042254 0.10475352112676056 0.08714788732394366 0.125 
0 0.21368838028169015 0.09477699530516431 0.09022887323943662 0.10974178403755869 
0 0.23305457746478872 0.45980046948356806 0.0743838028169014 0.1965962441314554 
0 0.6714348591549296 0.36913145539906106 0.09022887323943662 0.12089201877934272 
0 0.4014084507042254 0.21009389671361503 0.09330985915492958 0.107981220657277 
0 0.3065580985915493 0.09976525821596244 0.09375 0.12323943661971831 
0 0.33428697183098594 0.49589201877934275 0.12191901408450705 0.20187793427230047 
0 0.6665933098591549 0.48034037558685444 0.08670774647887323 0.09213615023474178 
0 0.152068661971831 0.7276995305164319 0.12544014084507044 0.11737089201877934 
0 0.30567781690140844 0.2106807511737089 0.08934859154929578 0.11267605633802817 
0 0.672975352112676 0.24853286384976525 0.09154929577464789 0.11913145539906103 
0 0.49383802816901406 0.1056338028169014 0.08450704225352113 0.1255868544600939 
0 0.49317781690140844 0.21566901408450703 0.0840669014084507 0.11443661971830986 
0 0.9590669014084507 0.39348591549295775 0.0818661971830986 0.1073943661971831 
0 0.45994718309859156 0.7338615023474179 0.12852112676056338 0.11678403755868545 
0 0.7480193661971831 0.7585093896713615 0.15272887323943662 0.10269953051643192 
0 0.8844630281690141 0.9416079812206573 0.14656690140845072 0.0886150234741784 
0 0.741637323943662 0.9421948356807511 0.14348591549295775 0.0897887323943662 
0 0.7433978873239436 0.8538732394366197 0.13996478873239437 0.09389671361502347 
0 0.4513644366197183 0.9017018779342723 0.1544894366197183 0.1965962441314554 
0 0.16087147887323944 0.8629694835680751 0.1368838028169014 0.15786384976525822 
0 0.6346830985915493 0.7018779342723005 0.06690140845070422 0.19248826291079812 
0 0.06580105633802817 0.5355046948356808 0.09551056338028169 0.09683098591549295 
0 0.10827464788732394 0.17576291079812206 0.11003521126760564 0.13791079812206572 
0 0.6819982394366197 0.13204225352112675 0.10695422535211267 0.11150234741784038 
0 0.8199823943661971 0.14231220657276994 0.136443661971831 0.10856807511737089 
0 0.050836267605633804 0.7056924882629108 0.07262323943661972 0.08509389671361503 
0 0.3017165492957746 0.9061032863849765 0.12191901408450705 0.18779342723004694 
0 0.625 0.9011150234741784 0.09066901408450705 0.1954225352112676 
0 0.9654489436619719 0.1619718309859155 0.06910211267605634 0.1068075117370892 
0 0.8910651408450704 0.8550469483568075 0.15536971830985916 0.09741784037558686 
0 0.9579665492957746 0.4970657276995305 0.0840669014084507 0.09741784037558686 
0 0.06470070422535211 0.4375 0.09154929577464789 0.0897887323943662 
0 0.46500880281690143 0.5035211267605634 0.12015845070422536 0.21830985915492956 
0 0.9617077464788732 0.2828638497652582 0.07658450704225352 0.09976525821596244 
0 0.8235035211267606 0.37588028169014087 0.13380281690140844 0.10152582159624413 
0 0.15118838028169015 0.46273474178403756 0.07526408450704225 0.18720657276995306 
0 0.8102992957746479 0.488556338028169 0.12940140845070422 0.10269953051643192 
0 0.21280809859154928 0.20246478873239437 0.09198943661971831 0.1056338028169014 
0 0.7513204225352113 0.6607981220657277 0.15933098591549297 0.09859154929577464 
0 0.8268045774647887 0.26291079812206575 0.1386443661971831 0.11032863849765258 
0 0.8943661971830986 0.7579225352112676 0.14172535211267606 0.11208920187793427 
0 0.4014084507042254 0.10475352112676056 0.08714788732394366 0.125 
0 0.21368838028169015 0.09477699530516431 0.09022887323943662 0.10974178403755869 
0 0.23305457746478872 0.45980046948356806 0.0743838028169014 0.1965962441314554 
0 0.6714348591549296 0.36913145539906106 0.09022887323943662 0.12089201877934272 
0 0.4014084507042254 0.21009389671361503 0.09330985915492958 0.107981220657277 
0 0.3065580985915493 0.09976525821596244 0.09375 0.12323943661971831 
0 0.33428697183098594 0.49589201877934275 0.12191901408450705 0.20187793427230047 
0 0.6665933098591549 0.48034037558685444 0.08670774647887323 0.09213615023474178 
0 0.152068661971831 0.7276995305164319 0.12544014084507044 0.11737089201877934 
0 0.30567781690140844 0.2106807511737089 0.08934859154929578 0.11267605633802817 
0 0.672975352112676 0.24853286384976525 0.09154929577464789 0.11913145539906103 
0 0.49383802816901406 0.1056338028169014 0.08450704225352113 0.1255868544600939 
0 0.49317781690140844 0.21566901408450703 0.0840669014084507 0.11443661971830986 
0 0.9590669014084507 0.39348591549295775 0.0818661971830986 0.1073943661971831 
0 0.45994718309859156 0.7338615023474179 0.12852112676056338 0.11678403755868545 
