0 0.5554577464788732 0.8080985915492958 0.1267605633802817 0.07042253521126761 
0 0.4128521126760563 0.9454225352112676 0.12764084507042253 0.06924882629107981 
0 0.41065140845070425 0.8667840375586855 0.13204225352112675 0.05868544600938967 
0 0.4119718309859155 0.8060446009389671 0.136443661971831 0.05457746478873239 
0 0.4185739436619718 0.7356220657276995 0.11883802816901408 0.06866197183098592 
0 0.2601232394366197 0.7948943661971831 0.15404929577464788 0.09096244131455399 
0 0.2671654929577465 0.8817488262910798 0.14172535211267606 0.06748826291079812 
0 0.258362676056338 0.7009976525821596 0.1505281690140845 0.08509389671361503 
0 0.10299295774647887 0.9724178403755869 0.1329225352112676 0.05516431924882629 
0 0.109375 0.8993544600938967 0.13424295774647887 0.07922535211267606 
0 0.5543573943661971 0.8887910798122066 0.12455985915492958 0.06748826291079812 
0 0.10695422535211267 0.8271713615023474 0.14524647887323944 0.061619718309859156 
0 0.2623239436619718 0.9612676056338029 0.13908450704225353 0.07746478873239436 
0 0.551056338028169 0.9615610328638498 0.12852112676056338 0.06631455399061033 
0 0.8276848591549296 0.8259976525821596 0.11663732394366197 0.0733568075117371 
0 0.6985035211267606 0.687206572769953 0.1311619718309859 0.06338028169014084 
0 0.6974031690140845 0.7605633802816901 0.12632042253521128 0.06924882629107981 
0 0.6932218309859155 0.8280516431924883 0.12411971830985916 0.05985915492957746 
0 0.6890404929577465 0.8970070422535211 0.1210387323943662 0.06044600938967136 
0 0.688600352112676 0.9636150234741784 0.12015845070422536 0.06455399061032864 
0 0.8389084507042254 0.6804577464788732 0.12764084507042253 0.0733568075117371 
0 0.8334066901408451 0.7523474178403756 0.1210387323943662 0.06455399061032864 
0 0.8224031690140845 0.8990610328638498 0.11663732394366197 0.06455399061032864 
0 0.8228433098591549 0.9609741784037559 0.1131161971830986 0.05575117370892019 
0 0.9524647887323944 0.7188967136150235 0.09507042253521127 0.10915492957746478 
0 0.9513644366197183 0.8271713615023474 0.09727112676056338 0.08157276995305164 
0 0.9441021126760564 0.9289906103286385 0.11179577464788733 0.10093896713615023 
0 0.10497359154929578 0.7585093896713615 0.14744718309859156 0.07922535211267606 
0 0.5536971830985915 0.7356220657276995 0.136443661971831 0.056924882629107984 
0 0.10211267605633803 0.6716549295774648 0.1487676056338028 0.08509389671361503 
0 0.20290492957746478 0.18104460093896713 0.14964788732394366 0.08626760563380281 
0 0.9733714788732394 0.2813967136150235 0.053257042253521125 0.12265258215962441 
0 0.05743838028169014 0.027288732394366196 0.11223591549295775 0.0534037558685446 
0 0.22975352112676056 0.028169014084507043 0.14172535211267606 0.05516431924882629 
0 0.41505281690140844 0.03345070422535211 0.14964788732394366 0.06455399061032864 
0 0.5946302816901409 0.03873239436619718 0.14964788732394366 0.07511737089201878 
0 0.7678257042253521 0.04460093896713615 0.1307218309859155 0.08333333333333333 
0 0.9297975352112676 0.05252347417840376 0.14040492957746478 0.09917840375586855 
0 0.05985915492957746 0.18456572769953053 0.11883802816901408 0.07922535211267606 
0 0.058538732394366196 0.2681924882629108 0.11443661971830986 0.08215962441314555 
0 0.06095950704225352 0.35768779342723006 0.1210387323943662 0.08744131455399061 
0 0.05699823943661972 0.43485915492957744 0.1131161971830986 0.06572769953051644 
0 0.05699823943661972 0.5090962441314554 0.1131161971830986 0.06748826291079812 
0 0.20444542253521128 0.2690727699530516 0.1483274647887324 0.08392018779342723 
0 0.20268485915492956 0.35475352112676056 0.1430457746478873 0.08509389671361503 
0 0.2051056338028169 0.431924882629108 0.14524647887323944 0.06572769953051644 
0 0.20334507042253522 0.5073356807511737 0.14612676056338028 0.0733568075117371 
0 0.3985475352112676 0.2432511737089202 0.14744718309859156 0.10269953051643192 
0 0.3970070422535211 0.3447769953051643 0.15316901408450703 0.09096244131455399 
0 0.3970070422535211 0.4363262910798122 0.1505281690140845 0.08392018779342723 
0 0.39326584507042256 0.5184859154929577 0.1430457746478873 0.08392018779342723 
0 0.5642605633802817 0.2573356807511737 0.1505281690140845 0.1273474178403756 
0 0.5620598591549296 0.3835093896713615 0.13996478873239437 0.12147887323943662 
0 0.5532570422535211 0.5032276995305164 0.12852112676056338 0.10856807511737089 
0 0.7209507042253521 0.2549882629107981 0.14524647887323944 0.10856807511737089 
0 0.7249119718309859 0.3629694835680751 0.1505281690140845 0.09800469483568075 
0 0.71875 0.4518779342723005 0.14524647887323944 0.08215962441314555 
0 0.7178697183098591 0.5369718309859155 0.136443661971831 0.08215962441314555 
0 0.8694982394366197 0.272887323943662 0.14744718309859156 0.11150234741784038 
0 0.8727992957746479 0.397593896713615 0.12764084507042253 0.11443661971830986 
0 0.8602552816901409 0.5184859154929577 0.12632042253521128 0.10152582159624413 
0 0.9689700704225352 0.522593896713615 0.06205985915492958 0.10974178403755869 
0 0.9711707746478874 0.40757042253521125 0.05765845070422535 0.10269953051643192 
0 0.5554577464788732 0.8080985915492958 0.1267605633802817 0.07042253521126761 
0 0.4128521126760563 0.9454225352112676 0.12764084507042253 0.06924882629107981 
0 0.41065140845070425 0.8667840375586855 0.13204225352112675 0.05868544600938967 
0 0.4119718309859155 0.8060446009389671 0.136443661971831 0.05457746478873239 
0 0.4185739436619718 0.7356220657276995 0.11883802816901408 0.06866197183098592 
0 0.2601232394366197 0.7948943661971831 0.15404929577464788 0.09096244131455399 
0 0.2671654929577465 0.8817488262910798 0.14172535211267606 0.06748826291079812 
0 0.258362676056338 0.7009976525821596 0.1505281690140845 0.08509389671361503 
0 0.10299295774647887 0.9724178403755869 0.1329225352112676 0.05516431924882629 
0 0.109375 0.8993544600938967 0.13424295774647887 0.07922535211267606 
0 0.5543573943661971 0.8887910798122066 0.12455985915492958 0.06748826291079812 
0 0.10695422535211267 0.8271713615023474 0.14524647887323944 0.061619718309859156 
0 0.2623239436619718 0.9612676056338029 0.13908450704225353 0.07746478873239436 
0 0.551056338028169 0.9615610328638498 0.12852112676056338 0.06631455399061033 
0 0.8276848591549296 0.8259976525821596 0.11663732394366197 0.0733568075117371 
0 0.6985035211267606 0.687206572769953 0.1311619718309859 0.06338028169014084 
0 0.6974031690140845 0.7605633802816901 0.12632042253521128 0.06924882629107981 
0 0.6932218309859155 0.8280516431924883 0.12411971830985916 0.05985915492957746 
0 0.6890404929577465 0.8970070422535211 0.1210387323943662 0.06044600938967136 
0 0.688600352112676 0.9636150234741784 0.12015845070422536 0.06455399061032864 
0 0.8389084507042254 0.6804577464788732 0.12764084507042253 0.0733568075117371 
0 0.8334066901408451 0.7523474178403756 0.1210387323943662 0.06455399061032864 
0 0.8224031690140845 0.8990610328638498 0.11663732394366197 0.06455399061032864 
0 0.8228433098591549 0.9609741784037559 0.1131161971830986 0.05575117370892019 
0 0.9524647887323944 0.7188967136150235 0.09507042253521127 0.10915492957746478 
0 0.9513644366197183 0.8271713615023474 0.09727112676056338 0.08157276995305164 
0 0.9441021126760564 0.9289906103286385 0.11179577464788733 0.10093896713615023 
0 0.10497359154929578 0.7585093896713615 0.14744718309859156 0.07922535211267606 
0 0.5536971830985915 0.7356220657276995 0.136443661971831 0.056924882629107984 
0 0.10211267605633803 0.6716549295774648 0.1487676056338028 0.08509389671361503 
0 0.20290492957746478 0.18104460093896713 0.14964788732394366 0.08626760563380281 
0 0.9733714788732394 0.2813967136150235 0.053257042253521125 0.12265258215962441 
0 0.05743838028169014 0.027288732394366196 0.11223591549295775 0.0534037558685446 
0 0.22975352112676056 0.028169014084507043 0.14172535211267606 0.05516431924882629 
0 0.41505281690140844 0.03345070422535211 0.14964788732394366 0.06455399061032864 
0 0.5946302816901409 0.03873239436619718 0.14964788732394366 0.07511737089201878 
0 0.7678257042253521 0.04460093896713615 0.1307218309859155 0.08333333333333333 
0 0.9297975352112676 0.05252347417840376 0.14040492957746478 0.09917840375586855 
0 0.05985915492957746 0.18456572769953053 0.11883802816901408 0.07922535211267606 
0 0.058538732394366196 0.2681924882629108 0.11443661971830986 0.08215962441314555 
0 0.06095950704225352 0.35768779342723006 0.1210387323943662 0.08744131455399061 
0 0.05699823943661972 0.43485915492957744 0.1131161971830986 0.06572769953051644 
0 0.05699823943661972 0.5090962441314554 0.1131161971830986 0.06748826291079812 
0 0.20444542253521128 0.2690727699530516 0.1483274647887324 0.08392018779342723 
0 0.20268485915492956 0.35475352112676056 0.1430457746478873 0.08509389671361503 
0 0.2051056338028169 0.431924882629108 0.14524647887323944 0.06572769953051644 
0 0.20334507042253522 0.5073356807511737 0.14612676056338028 0.0733568075117371 
0 0.3985475352112676 0.2432511737089202 0.14744718309859156 0.10269953051643192 
0 0.3970070422535211 0.3447769953051643 0.15316901408450703 0.09096244131455399 
0 0.3970070422535211 0.4363262910798122 0.1505281690140845 0.08392018779342723 
0 0.39326584507042256 0.5184859154929577 0.1430457746478873 0.08392018779342723 
0 0.5642605633802817 0.2573356807511737 0.1505281690140845 0.1273474178403756 
0 0.5620598591549296 0.3835093896713615 0.13996478873239437 0.12147887323943662 
0 0.5532570422535211 0.5032276995305164 0.12852112676056338 0.10856807511737089 
0 0.7209507042253521 0.2549882629107981 0.14524647887323944 0.10856807511737089 
0 0.7249119718309859 0.3629694835680751 0.1505281690140845 0.09800469483568075 
0 0.71875 0.4518779342723005 0.14524647887323944 0.08215962441314555 
0 0.7178697183098591 0.5369718309859155 0.136443661971831 0.08215962441314555 
0 0.8694982394366197 0.272887323943662 0.14744718309859156 0.11150234741784038 
0 0.8727992957746479 0.397593896713615 0.12764084507042253 0.11443661971830986 
0 0.8602552816901409 0.5184859154929577 0.12632042253521128 0.10152582159624413 
0 0.9689700704225352 0.522593896713615 0.06205985915492958 0.10974178403755869 
0 0.9711707746478874 0.40757042253521125 0.05765845070422535 0.10269953051643192 
0 0.5554577464788732 0.8080985915492958 0.1267605633802817 0.07042253521126761 
0 0.4128521126760563 0.9454225352112676 0.12764084507042253 0.06924882629107981 
0 0.41065140845070425 0.8667840375586855 0.13204225352112675 0.05868544600938967 
0 0.4119718309859155 0.8060446009389671 0.136443661971831 0.05457746478873239 
0 0.4185739436619718 0.7356220657276995 0.11883802816901408 0.06866197183098592 
0 0.2601232394366197 0.7948943661971831 0.15404929577464788 0.09096244131455399 
0 0.2671654929577465 0.8817488262910798 0.14172535211267606 0.06748826291079812 
0 0.258362676056338 0.7009976525821596 0.1505281690140845 0.08509389671361503 
0 0.10299295774647887 0.9724178403755869 0.1329225352112676 0.05516431924882629 
0 0.109375 0.8993544600938967 0.13424295774647887 0.07922535211267606 
0 0.5543573943661971 0.8887910798122066 0.12455985915492958 0.06748826291079812 
0 0.10695422535211267 0.8271713615023474 0.14524647887323944 0.061619718309859156 
0 0.2623239436619718 0.9612676056338029 0.13908450704225353 0.07746478873239436 
0 0.551056338028169 0.9615610328638498 0.12852112676056338 0.06631455399061033 
0 0.8276848591549296 0.8259976525821596 0.11663732394366197 0.0733568075117371 
0 0.6985035211267606 0.687206572769953 0.1311619718309859 0.06338028169014084 
0 0.6974031690140845 0.7605633802816901 0.12632042253521128 0.06924882629107981 
0 0.6932218309859155 0.8280516431924883 0.12411971830985916 0.05985915492957746 
0 0.6890404929577465 0.8970070422535211 0.1210387323943662 0.06044600938967136 
0 0.688600352112676 0.9636150234741784 0.12015845070422536 0.06455399061032864 
0 0.8389084507042254 0.6804577464788732 0.12764084507042253 0.0733568075117371 
0 0.8334066901408451 0.7523474178403756 0.1210387323943662 0.06455399061032864 
0 0.8224031690140845 0.8990610328638498 0.11663732394366197 0.06455399061032864 
0 0.8228433098591549 0.9609741784037559 0.1131161971830986 0.05575117370892019 
0 0.9524647887323944 0.7188967136150235 0.09507042253521127 0.10915492957746478 
0 0.9513644366197183 0.8271713615023474 0.09727112676056338 0.08157276995305164 
0 0.9441021126760564 0.9289906103286385 0.11179577464788733 0.10093896713615023 
0 0.10497359154929578 0.7585093896713615 0.14744718309859156 0.07922535211267606 
0 0.5536971830985915 0.7356220657276995 0.136443661971831 0.056924882629107984 
0 0.10211267605633803 0.6716549295774648 0.1487676056338028 0.08509389671361503 
0 0.20290492957746478 0.18104460093896713 0.14964788732394366 0.08626760563380281 
0 0.9733714788732394 0.2813967136150235 0.053257042253521125 0.12265258215962441 
0 0.05743838028169014 0.027288732394366196 0.11223591549295775 0.0534037558685446 
0 0.22975352112676056 0.028169014084507043 0.14172535211267606 0.05516431924882629 
0 0.41505281690140844 0.03345070422535211 0.14964788732394366 0.06455399061032864 
0 0.5946302816901409 0.03873239436619718 0.14964788732394366 0.07511737089201878 
0 0.7678257042253521 0.04460093896713615 0.1307218309859155 0.08333333333333333 
0 0.9297975352112676 0.05252347417840376 0.14040492957746478 0.09917840375586855 
0 0.05985915492957746 0.18456572769953053 0.11883802816901408 0.07922535211267606 
0 0.058538732394366196 0.2681924882629108 0.11443661971830986 0.08215962441314555 
0 0.06095950704225352 0.35768779342723006 0.1210387323943662 0.08744131455399061 
0 0.05699823943661972 0.43485915492957744 0.1131161971830986 0.06572769953051644 
0 0.05699823943661972 0.5090962441314554 0.1131161971830986 0.06748826291079812 
0 0.20444542253521128 0.2690727699530516 0.1483274647887324 0.08392018779342723 
0 0.20268485915492956 0.35475352112676056 0.1430457746478873 0.08509389671361503 
0 0.2051056338028169 0.431924882629108 0.14524647887323944 0.06572769953051644 
0 0.20334507042253522 0.5073356807511737 0.14612676056338028 0.0733568075117371 
0 0.3985475352112676 0.2432511737089202 0.14744718309859156 0.10269953051643192 
0 0.3970070422535211 0.3447769953051643 0.15316901408450703 0.09096244131455399 
0 0.3970070422535211 0.4363262910798122 0.1505281690140845 0.08392018779342723 
0 0.39326584507042256 0.5184859154929577 0.1430457746478873 0.08392018779342723 
0 0.5642605633802817 0.2573356807511737 0.1505281690140845 0.1273474178403756 
0 0.5620598591549296 0.3835093896713615 0.13996478873239437 0.12147887323943662 
0 0.5532570422535211 0.5032276995305164 0.12852112676056338 0.10856807511737089 
0 0.7209507042253521 0.2549882629107981 0.14524647887323944 0.10856807511737089 
0 0.7249119718309859 0.3629694835680751 0.1505281690140845 0.09800469483568075 
0 0.71875 0.4518779342723005 0.14524647887323944 0.08215962441314555 
0 0.7178697183098591 0.5369718309859155 0.136443661971831 0.08215962441314555 
0 0.8694982394366197 0.272887323943662 0.14744718309859156 0.11150234741784038 
0 0.8727992957746479 0.397593896713615 0.12764084507042253 0.11443661971830986 
0 0.8602552816901409 0.5184859154929577 0.12632042253521128 0.10152582159624413 
0 0.9689700704225352 0.522593896713615 0.06205985915492958 0.10974178403755869 
0 0.9711707746478874 0.40757042253521125 0.05765845070422535 0.10269953051643192 
