0 0.32768485915492956 0.9342723004694836 0.11751760563380281 0.05868544600938967 
0 0.4498239436619718 0.8130868544600939 0.10475352112676056 0.04284037558685446 
0 0.6745158450704225 0.9750586854460094 0.1034330985915493 0.041666666666666664 
0 0.20620598591549297 0.8189553990610329 0.10519366197183098 0.05457746478873239 
0 0.674955985915493 0.9325117370892019 0.10959507042253522 0.05046948356807512 
0 0.8069982394366197 0.8744131455399061 0.12720070422535212 0.1643192488262911 
0 0.44630281690140844 0.95481220657277 0.10915492957746478 0.0903755868544601 
0 0.32900528169014087 0.7599765258215962 0.10871478873239436 0.05868544600938967 
0 0.32284330985915494 0.846537558685446 0.11663732394366197 0.11091549295774648 
0 0.44850352112676056 0.8697183098591549 0.10475352112676056 0.07394366197183098 
0 0.20400528169014084 0.9363262910798122 0.11399647887323944 0.04518779342723005 
0 0.9355193661971831 0.8195422535211268 0.1289612676056338 0.16490610328638497 
0 0.9267165492957746 0.9307511737089202 0.11047535211267606 0.05985915492957746 
0 0.559419014084507 0.9460093896713615 0.11003521126760564 0.09154929577464789 
0 0.2106073943661972 0.21919014084507044 0.12544014084507044 0.06866197183098592 
0 0.9634683098591549 0.5824530516431925 0.07306338028169014 0.09448356807511737 
0 0.0801056338028169 0.823650234741784 0.1311619718309859 0.12147887323943662 
0 0.02068661971830986 0.6965962441314554 0.040492957746478875 0.09976525821596244 
0 0.023547535211267605 0.5598591549295775 0.04621478873239437 0.051643192488262914 
0 0.9826144366197183 0.6822183098591549 0.03477112676056338 0.09448356807511737 
0 0.9513644366197183 0.4310446009389671 0.09639084507042253 0.061619718309859156 
0 0.7893926056338029 0.9747652582159625 0.11223591549295775 0.036384976525821594 
0 0.9157130281690141 0.9809272300469484 0.11663732394366197 0.03814553990610329 
0 0.20334507042253522 0.38879107981220656 0.12411971830985916 0.058098591549295774 
0 0.21038732394366197 0.9776995305164319 0.11003521126760564 0.036384976525821594 
0 0.9678697183098591 0.29225352112676056 0.06426056338028169 0.07394366197183098 
0 0.9612676056338029 0.36795774647887325 0.07746478873239436 0.06690140845070422 
0 0.22359154929577466 0.12089201877934272 0.12323943661971831 0.0539906103286385 
0 0.1307218309859155 0.12147887323943662 0.06073943661971831 0.0528169014084507 
0 0.32944542253521125 0.9791666666666666 0.1210387323943662 0.03931924882629108 
0 0.0721830985915493 0.9436619718309859 0.13908450704225353 0.11267605633802817 
0 0.9826144366197183 0.2062793427230047 0.03477112676056338 0.08392018779342723 
0 0.6047535211267606 0.23738262910798122 0.11619718309859155 0.08274647887323944 
0 0.032350352112676055 0.19131455399061034 0.06382042253521127 0.0715962441314554 
0 0.5580985915492958 0.6971830985915493 0.11443661971830986 0.057511737089201875 
0 0.558318661971831 0.7582159624413145 0.11223591549295775 0.06807511737089202 
0 0.2125880281690141 0.7074530516431925 0.1056338028169014 0.058098591549295774 
0 0.3296654929577465 0.3248239436619718 0.12940140845070422 0.06866197183098592 
0 0.6005721830985915 0.3136737089201878 0.1113556338028169 0.06514084507042253 
0 0.8371478873239436 0.4193075117370892 0.1073943661971831 0.056924882629107984 
0 0.21192781690140844 0.7658450704225352 0.1113556338028169 0.04107981220657277 
0 0.597931338028169 0.38879107981220656 0.10959507042253522 0.06748826291079812 
0 0.3259242957746479 0.3926056338028169 0.11047535211267606 0.06572769953051644 
0 0.4465228873239437 0.7573356807511737 0.10255281690140845 0.058098591549295774 
0 0.6575704225352113 0.5815727699530516 0.10651408450704225 0.08098591549295775 
0 0.555237676056338 0.8441901408450704 0.10959507042253522 0.10152582159624413 
0 0.547975352112676 0.6426056338028169 0.09683098591549295 0.0539906103286385 
0 0.6742957746478874 0.6751760563380281 0.12852112676056338 0.11326291079812206 
0 0.735475352112676 0.34330985915492956 0.11883802816901408 0.07276995305164319 
0 0.22601232394366197 0.5443075117370892 0.11223591549295775 0.061619718309859156 
0 0.7431778169014085 0.19336854460093897 0.1210387323943662 0.0710093896713615 
0 0.7356954225352113 0.1176643192488263 0.12455985915492958 0.07570422535211267 
0 0.6778169014084507 0.8072183098591549 0.1153169014084507 0.15434272300469484 
0 0.4524647887323944 0.6971830985915493 0.0994718309859155 0.05516431924882629 
0 0.7240316901408451 0.414906103286385 0.1153169014084507 0.07042253521126761 
0 0.8620158450704225 0.3532863849765258 0.1210387323943662 0.06690140845070422 
0 0.21919014084507044 0.6232394366197183 0.11267605633802817 0.09976525821596244 
0 0.9047095070422535 0.6807511737089202 0.11663732394366197 0.09976525821596244 
0 0.46566901408450706 0.2687793427230047 0.11443661971830986 0.06338028169014084 
0 0.8908450704225352 0.2039319248826291 0.13380281690140844 0.08509389671361503 
0 0.10035211267605634 0.6842723004694836 0.11267605633802817 0.15375586854460094 
0 0.4665492957746479 0.18251173708920188 0.10651408450704225 0.03051643192488263 
0 0.8710387323943662 0.2775821596244131 0.10915492957746478 0.06924882629107981 
0 0.4612676056338028 0.33656103286384975 0.11443661971830986 0.06866197183098592 
0 0.6058538732394366 0.15023474178403756 0.1113556338028169 0.028169014084507043 
0 0.7455985915492958 0.26672535211267606 0.1267605633802817 0.0710093896713615 
0 0.08516725352112677 0.29313380281690143 0.11223591549295775 0.06748826291079812 
0 0.20400528169014084 0.32071596244131456 0.1210387323943662 0.0710093896713615 
0 0.8752200704225352 0.5824530516431925 0.09639084507042253 0.07922535211267606 
0 0.7680457746478874 0.5809859154929577 0.10827464788732394 0.07629107981220658 
0 0.10607394366197183 0.5545774647887324 0.11619718309859155 0.1056338028169014 
0 0.34066901408450706 0.20305164319248825 0.1267605633802817 0.07511737089201878 
0 0.33912852112676056 0.6411384976525821 0.11047535211267606 0.058098591549295774 
0 0.7966549295774648 0.7473591549295775 0.10475352112676056 0.056924882629107984 
0 0.3404489436619718 0.5619131455399061 0.11223591549295775 0.10269953051643192 
0 0.08450704225352113 0.38879107981220656 0.11795774647887323 0.058098591549295774 
0 0.4509242957746479 0.642018779342723 0.09551056338028169 0.056338028169014086 
0 0.33670774647887325 0.6995305164319249 0.11091549295774648 0.05046948356807512 
0 0.32768485915492956 0.9342723004694836 0.11751760563380281 0.05868544600938967 
0 0.4498239436619718 0.8130868544600939 0.10475352112676056 0.04284037558685446 
0 0.6745158450704225 0.9750586854460094 0.1034330985915493 0.041666666666666664 
0 0.20620598591549297 0.8189553990610329 0.10519366197183098 0.05457746478873239 
0 0.674955985915493 0.9325117370892019 0.10959507042253522 0.05046948356807512 
0 0.8069982394366197 0.8744131455399061 0.12720070422535212 0.1643192488262911 
0 0.44630281690140844 0.95481220657277 0.10915492957746478 0.0903755868544601 
0 0.32900528169014087 0.7599765258215962 0.10871478873239436 0.05868544600938967 
0 0.32284330985915494 0.846537558685446 0.11663732394366197 0.11091549295774648 
0 0.44850352112676056 0.8697183098591549 0.10475352112676056 0.07394366197183098 
0 0.20400528169014084 0.9363262910798122 0.11399647887323944 0.04518779342723005 
0 0.9355193661971831 0.8195422535211268 0.1289612676056338 0.16490610328638497 
0 0.9267165492957746 0.9307511737089202 0.11047535211267606 0.05985915492957746 
0 0.559419014084507 0.9460093896713615 0.11003521126760564 0.09154929577464789 
0 0.2106073943661972 0.21919014084507044 0.12544014084507044 0.06866197183098592 
0 0.9634683098591549 0.5824530516431925 0.07306338028169014 0.09448356807511737 
0 0.0801056338028169 0.823650234741784 0.1311619718309859 0.12147887323943662 
0 0.02068661971830986 0.6965962441314554 0.040492957746478875 0.09976525821596244 
0 0.023547535211267605 0.5598591549295775 0.04621478873239437 0.051643192488262914 
0 0.9826144366197183 0.6822183098591549 0.03477112676056338 0.09448356807511737 
0 0.9513644366197183 0.4310446009389671 0.09639084507042253 0.061619718309859156 
0 0.7893926056338029 0.9747652582159625 0.11223591549295775 0.036384976525821594 
0 0.9157130281690141 0.9809272300469484 0.11663732394366197 0.03814553990610329 
0 0.20334507042253522 0.38879107981220656 0.12411971830985916 0.058098591549295774 
0 0.21038732394366197 0.9776995305164319 0.11003521126760564 0.036384976525821594 
0 0.9678697183098591 0.29225352112676056 0.06426056338028169 0.07394366197183098 
0 0.9612676056338029 0.36795774647887325 0.07746478873239436 0.06690140845070422 
0 0.22359154929577466 0.12089201877934272 0.12323943661971831 0.0539906103286385 
0 0.1307218309859155 0.12147887323943662 0.06073943661971831 0.0528169014084507 
0 0.32944542253521125 0.9791666666666666 0.1210387323943662 0.03931924882629108 
0 0.0721830985915493 0.9436619718309859 0.13908450704225353 0.11267605633802817 
0 0.9826144366197183 0.2062793427230047 0.03477112676056338 0.08392018779342723 
0 0.6047535211267606 0.23738262910798122 0.11619718309859155 0.08274647887323944 
0 0.032350352112676055 0.19131455399061034 0.06382042253521127 0.0715962441314554 
0 0.5580985915492958 0.6971830985915493 0.11443661971830986 0.057511737089201875 
0 0.558318661971831 0.7582159624413145 0.11223591549295775 0.06807511737089202 
0 0.2125880281690141 0.7074530516431925 0.1056338028169014 0.058098591549295774 
0 0.3296654929577465 0.3248239436619718 0.12940140845070422 0.06866197183098592 
0 0.6005721830985915 0.3136737089201878 0.1113556338028169 0.06514084507042253 
0 0.8371478873239436 0.4193075117370892 0.1073943661971831 0.056924882629107984 
0 0.21192781690140844 0.7658450704225352 0.1113556338028169 0.04107981220657277 
0 0.597931338028169 0.38879107981220656 0.10959507042253522 0.06748826291079812 
0 0.3259242957746479 0.3926056338028169 0.11047535211267606 0.06572769953051644 
0 0.4465228873239437 0.7573356807511737 0.10255281690140845 0.058098591549295774 
0 0.6575704225352113 0.5815727699530516 0.10651408450704225 0.08098591549295775 
0 0.555237676056338 0.8441901408450704 0.10959507042253522 0.10152582159624413 
0 0.547975352112676 0.6426056338028169 0.09683098591549295 0.0539906103286385 
0 0.6742957746478874 0.6751760563380281 0.12852112676056338 0.11326291079812206 
0 0.735475352112676 0.34330985915492956 0.11883802816901408 0.07276995305164319 
0 0.22601232394366197 0.5443075117370892 0.11223591549295775 0.061619718309859156 
0 0.7431778169014085 0.19336854460093897 0.1210387323943662 0.0710093896713615 
0 0.7356954225352113 0.1176643192488263 0.12455985915492958 0.07570422535211267 
0 0.6778169014084507 0.8072183098591549 0.1153169014084507 0.15434272300469484 
0 0.4524647887323944 0.6971830985915493 0.0994718309859155 0.05516431924882629 
0 0.7240316901408451 0.414906103286385 0.1153169014084507 0.07042253521126761 
0 0.8620158450704225 0.3532863849765258 0.1210387323943662 0.06690140845070422 
0 0.21919014084507044 0.6232394366197183 0.11267605633802817 0.09976525821596244 
0 0.9047095070422535 0.6807511737089202 0.11663732394366197 0.09976525821596244 
0 0.46566901408450706 0.2687793427230047 0.11443661971830986 0.06338028169014084 
0 0.8908450704225352 0.2039319248826291 0.13380281690140844 0.08509389671361503 
0 0.10035211267605634 0.6842723004694836 0.11267605633802817 0.15375586854460094 
0 0.4665492957746479 0.18251173708920188 0.10651408450704225 0.03051643192488263 
0 0.8710387323943662 0.2775821596244131 0.10915492957746478 0.06924882629107981 
0 0.4612676056338028 0.33656103286384975 0.11443661971830986 0.06866197183098592 
0 0.6058538732394366 0.15023474178403756 0.1113556338028169 0.028169014084507043 
0 0.7455985915492958 0.26672535211267606 0.1267605633802817 0.0710093896713615 
0 0.08516725352112677 0.29313380281690143 0.11223591549295775 0.06748826291079812 
0 0.20400528169014084 0.32071596244131456 0.1210387323943662 0.0710093896713615 
0 0.8752200704225352 0.5824530516431925 0.09639084507042253 0.07922535211267606 
0 0.7680457746478874 0.5809859154929577 0.10827464788732394 0.07629107981220658 
0 0.10607394366197183 0.5545774647887324 0.11619718309859155 0.1056338028169014 
0 0.34066901408450706 0.20305164319248825 0.1267605633802817 0.07511737089201878 
0 0.33912852112676056 0.6411384976525821 0.11047535211267606 0.058098591549295774 
0 0.7966549295774648 0.7473591549295775 0.10475352112676056 0.056924882629107984 
0 0.3404489436619718 0.5619131455399061 0.11223591549295775 0.10269953051643192 
0 0.08450704225352113 0.38879107981220656 0.11795774647887323 0.058098591549295774 
0 0.4509242957746479 0.642018779342723 0.09551056338028169 0.056338028169014086 
0 0.33670774647887325 0.6995305164319249 0.11091549295774648 0.05046948356807512 
0 0.32768485915492956 0.9342723004694836 0.11751760563380281 0.05868544600938967 
0 0.4498239436619718 0.8130868544600939 0.10475352112676056 0.04284037558685446 
0 0.6745158450704225 0.9750586854460094 0.1034330985915493 0.041666666666666664 
0 0.20620598591549297 0.8189553990610329 0.10519366197183098 0.05457746478873239 
0 0.674955985915493 0.9325117370892019 0.10959507042253522 0.05046948356807512 
0 0.8069982394366197 0.8744131455399061 0.12720070422535212 0.1643192488262911 
0 0.44630281690140844 0.95481220657277 0.10915492957746478 0.0903755868544601 
0 0.32900528169014087 0.7599765258215962 0.10871478873239436 0.05868544600938967 
0 0.32284330985915494 0.846537558685446 0.11663732394366197 0.11091549295774648 
0 0.44850352112676056 0.8697183098591549 0.10475352112676056 0.07394366197183098 
0 0.20400528169014084 0.9363262910798122 0.11399647887323944 0.04518779342723005 
0 0.9355193661971831 0.8195422535211268 0.1289612676056338 0.16490610328638497 
0 0.9267165492957746 0.9307511737089202 0.11047535211267606 0.05985915492957746 
0 0.559419014084507 0.9460093896713615 0.11003521126760564 0.09154929577464789 
0 0.2106073943661972 0.21919014084507044 0.12544014084507044 0.06866197183098592 
0 0.9634683098591549 0.5824530516431925 0.07306338028169014 0.09448356807511737 
0 0.0801056338028169 0.823650234741784 0.1311619718309859 0.12147887323943662 
0 0.02068661971830986 0.6965962441314554 0.040492957746478875 0.09976525821596244 
0 0.023547535211267605 0.5598591549295775 0.04621478873239437 0.051643192488262914 
0 0.9826144366197183 0.6822183098591549 0.03477112676056338 0.09448356807511737 
0 0.9513644366197183 0.4310446009389671 0.09639084507042253 0.061619718309859156 
0 0.7893926056338029 0.9747652582159625 0.11223591549295775 0.036384976525821594 
0 0.9157130281690141 0.9809272300469484 0.11663732394366197 0.03814553990610329 
0 0.20334507042253522 0.38879107981220656 0.12411971830985916 0.058098591549295774 
0 0.21038732394366197 0.9776995305164319 0.11003521126760564 0.036384976525821594 
0 0.9678697183098591 0.29225352112676056 0.06426056338028169 0.07394366197183098 
0 0.9612676056338029 0.36795774647887325 0.07746478873239436 0.06690140845070422 
0 0.22359154929577466 0.12089201877934272 0.12323943661971831 0.0539906103286385 
0 0.1307218309859155 0.12147887323943662 0.06073943661971831 0.0528169014084507 
0 0.32944542253521125 0.9791666666666666 0.1210387323943662 0.03931924882629108 
0 0.0721830985915493 0.9436619718309859 0.13908450704225353 0.11267605633802817 
0 0.9826144366197183 0.2062793427230047 0.03477112676056338 0.08392018779342723 
0 0.6047535211267606 0.23738262910798122 0.11619718309859155 0.08274647887323944 
0 0.032350352112676055 0.19131455399061034 0.06382042253521127 0.0715962441314554 
0 0.5580985915492958 0.6971830985915493 0.11443661971830986 0.057511737089201875 
0 0.558318661971831 0.7582159624413145 0.11223591549295775 0.06807511737089202 
0 0.2125880281690141 0.7074530516431925 0.1056338028169014 0.058098591549295774 
0 0.3296654929577465 0.3248239436619718 0.12940140845070422 0.06866197183098592 
0 0.6005721830985915 0.3136737089201878 0.1113556338028169 0.06514084507042253 
0 0.8371478873239436 0.4193075117370892 0.1073943661971831 0.056924882629107984 
0 0.21192781690140844 0.7658450704225352 0.1113556338028169 0.04107981220657277 
0 0.597931338028169 0.38879107981220656 0.10959507042253522 0.06748826291079812 
0 0.3259242957746479 0.3926056338028169 0.11047535211267606 0.06572769953051644 
0 0.4465228873239437 0.7573356807511737 0.10255281690140845 0.058098591549295774 
0 0.6575704225352113 0.5815727699530516 0.10651408450704225 0.08098591549295775 
0 0.555237676056338 0.8441901408450704 0.10959507042253522 0.10152582159624413 
0 0.547975352112676 0.6426056338028169 0.09683098591549295 0.0539906103286385 
0 0.6742957746478874 0.6751760563380281 0.12852112676056338 0.11326291079812206 
0 0.735475352112676 0.34330985915492956 0.11883802816901408 0.07276995305164319 
0 0.22601232394366197 0.5443075117370892 0.11223591549295775 0.061619718309859156 
0 0.7431778169014085 0.19336854460093897 0.1210387323943662 0.0710093896713615 
0 0.7356954225352113 0.1176643192488263 0.12455985915492958 0.07570422535211267 
0 0.6778169014084507 0.8072183098591549 0.1153169014084507 0.15434272300469484 
0 0.4524647887323944 0.6971830985915493 0.0994718309859155 0.05516431924882629 
0 0.7240316901408451 0.414906103286385 0.1153169014084507 0.07042253521126761 
0 0.8620158450704225 0.3532863849765258 0.1210387323943662 0.06690140845070422 
0 0.21919014084507044 0.6232394366197183 0.11267605633802817 0.09976525821596244 
0 0.9047095070422535 0.6807511737089202 0.11663732394366197 0.09976525821596244 
0 0.46566901408450706 0.2687793427230047 0.11443661971830986 0.06338028169014084 
0 0.8908450704225352 0.2039319248826291 0.13380281690140844 0.08509389671361503 
0 0.10035211267605634 0.6842723004694836 0.11267605633802817 0.15375586854460094 
0 0.4665492957746479 0.18251173708920188 0.10651408450704225 0.03051643192488263 
0 0.8710387323943662 0.2775821596244131 0.10915492957746478 0.06924882629107981 
0 0.4612676056338028 0.33656103286384975 0.11443661971830986 0.06866197183098592 
0 0.6058538732394366 0.15023474178403756 0.1113556338028169 0.028169014084507043 
0 0.7455985915492958 0.26672535211267606 0.1267605633802817 0.0710093896713615 
0 0.08516725352112677 0.29313380281690143 0.11223591549295775 0.06748826291079812 
0 0.20400528169014084 0.32071596244131456 0.1210387323943662 0.0710093896713615 
0 0.8752200704225352 0.5824530516431925 0.09639084507042253 0.07922535211267606 
0 0.7680457746478874 0.5809859154929577 0.10827464788732394 0.07629107981220658 
0 0.10607394366197183 0.5545774647887324 0.11619718309859155 0.1056338028169014 
0 0.34066901408450706 0.20305164319248825 0.1267605633802817 0.07511737089201878 
0 0.33912852112676056 0.6411384976525821 0.11047535211267606 0.058098591549295774 
0 0.7966549295774648 0.7473591549295775 0.10475352112676056 0.056924882629107984 
0 0.3404489436619718 0.5619131455399061 0.11223591549295775 0.10269953051643192 
0 0.08450704225352113 0.38879107981220656 0.11795774647887323 0.058098591549295774 
0 0.4509242957746479 0.642018779342723 0.09551056338028169 0.056338028169014086 
0 0.33670774647887325 0.6995305164319249 0.11091549295774648 0.05046948356807512 
