0 0.5682218309859155 0.8119131455399061 0.10123239436619719 0.03345070422535211 
0 0.9744718309859155 0.058392018779342726 0.051056338028169015 0.10504694835680752 
0 0.6533890845070423 0.2743544600938967 0.08054577464788733 0.22007042253521128 
0 0.5752640845070423 0.95481220657277 0.10475352112676056 0.05868544600938967 
0 0.5730633802816901 0.8964201877934272 0.10915492957746478 0.04988262910798122 
0 0.5715228873239436 0.7629107981220657 0.1034330985915493 0.0528169014084507 
0 0.6637323943661971 0.7362089201877934 0.07482394366197183 0.03227699530516432 
0 0.053257042253521125 0.2881455399061033 0.07922535211267606 0.11619718309859155 
0 0.6615316901408451 0.6916079812206573 0.0880281690140845 0.051056338028169015 
0 0.9755721830985915 0.7491197183098591 0.0488556338028169 0.040492957746478875 
0 0.9733714788732394 0.7890258215962441 0.053257042253521125 0.034624413145539906 
0 0.9751320422535211 0.8368544600938967 0.04621478873239437 0.0539906103286385 
0 0.9819542253521126 0.8926056338028169 0.035211267605633804 0.05985915492957746 
0 0.0625 0.018485915492957746 0.09154929577464789 0.0357981220657277 
0 0.9058098591549296 0.9556924882629108 0.10123239436619719 0.051056338028169015 
0 0.6703345070422535 0.7767018779342723 0.0880281690140845 0.04518779342723005 
0 0.6505281690140845 0.48327464788732394 0.09242957746478873 0.18368544600938966 
0 0.1736355633802817 0.46625586854460094 0.13776408450704225 0.16725352112676056 
0 0.47579225352112675 0.08656103286384977 0.12323943661971831 0.16725352112676056 
0 0.2517605633802817 0.06895539906103286 0.0801056338028169 0.13321596244131456 
0 0.15911091549295775 0.30663145539906106 0.13600352112676056 0.1402582159624413 
0 0.476012323943662 0.30839201877934275 0.1483274647887324 0.14847417840375587 
0 0.761443661971831 0.528755868544601 0.12764084507042253 0.09624413145539906 
0 0.7744278169014085 0.2312206572769953 0.15272887323943662 0.1068075117370892 
0 0.7665052816901409 0.431924882629108 0.14040492957746478 0.0892018779342723 
0 0.6945422535211268 0.04958920187793427 0.1056338028169014 0.09800469483568075 
0 0.3457306338028169 0.08157276995305164 0.1034330985915493 0.1619718309859155 
0 0.46963028169014087 0.5020539906103286 0.1487676056338028 0.22241784037558684 
0 0.9170334507042254 0.3488849765258216 0.13424295774647887 0.09096244131455399 
0 0.14788732394366197 0.07130281690140845 0.06866197183098592 0.1414319248826291 
0 0.06514084507042253 0.09448356807511737 0.0880281690140845 0.1068075117370892 
0 0.7709066901408451 0.3392018779342723 0.1580105633802817 0.09624413145539906 
0 0.3149207746478873 0.5093896713615024 0.11223591549295775 0.20657276995305165 
0 0.8488116197183099 0.053110328638497656 0.1430457746478873 0.10504694835680752 
0 0.8996478873239436 0.7585093896713615 0.09154929577464789 0.09096244131455399 
0 0.7997359154929577 0.880868544600939 0.1153169014084507 0.10446009389671361 
0 0.7942341549295775 0.95481220657277 0.10431338028169014 0.0528169014084507 
0 0.686399647887324 0.9419014084507042 0.1131161971830986 0.08215962441314555 
0 0.9124119718309859 0.8940727699530516 0.10387323943661972 0.056924882629107984 
0 0.6817781690140845 0.8480046948356808 0.10915492957746478 0.10211267605633803 
0 0.0761443661971831 0.8277582159624414 0.14788732394366197 0.23650234741784038 
0 0.914612676056338 0.4363262910798122 0.13908450704225353 0.09213615023474178 
0 0.9066901408450704 0.5290492957746479 0.1505281690140845 0.09213615023474178 
0 0.7988556338028169 0.7720070422535211 0.10387323943661972 0.1073943661971831 
0 0.5682218309859155 0.8119131455399061 0.10123239436619719 0.03345070422535211 
0 0.9744718309859155 0.058392018779342726 0.051056338028169015 0.10504694835680752 
0 0.6533890845070423 0.2743544600938967 0.08054577464788733 0.22007042253521128 
0 0.5752640845070423 0.95481220657277 0.10475352112676056 0.05868544600938967 
0 0.5730633802816901 0.8964201877934272 0.10915492957746478 0.04988262910798122 
0 0.5715228873239436 0.7629107981220657 0.1034330985915493 0.0528169014084507 
0 0.6637323943661971 0.7362089201877934 0.07482394366197183 0.03227699530516432 
0 0.053257042253521125 0.2881455399061033 0.07922535211267606 0.11619718309859155 
0 0.6615316901408451 0.6916079812206573 0.0880281690140845 0.051056338028169015 
0 0.9755721830985915 0.7491197183098591 0.0488556338028169 0.040492957746478875 
0 0.9733714788732394 0.7890258215962441 0.053257042253521125 0.034624413145539906 
0 0.9751320422535211 0.8368544600938967 0.04621478873239437 0.0539906103286385 
0 0.9819542253521126 0.8926056338028169 0.035211267605633804 0.05985915492957746 
0 0.0625 0.018485915492957746 0.09154929577464789 0.0357981220657277 
0 0.9058098591549296 0.9556924882629108 0.10123239436619719 0.051056338028169015 
0 0.6703345070422535 0.7767018779342723 0.0880281690140845 0.04518779342723005 
0 0.6505281690140845 0.48327464788732394 0.09242957746478873 0.18368544600938966 
0 0.1736355633802817 0.46625586854460094 0.13776408450704225 0.16725352112676056 
0 0.47579225352112675 0.08656103286384977 0.12323943661971831 0.16725352112676056 
0 0.2517605633802817 0.06895539906103286 0.0801056338028169 0.13321596244131456 
0 0.15911091549295775 0.30663145539906106 0.13600352112676056 0.1402582159624413 
0 0.476012323943662 0.30839201877934275 0.1483274647887324 0.14847417840375587 
0 0.761443661971831 0.528755868544601 0.12764084507042253 0.09624413145539906 
0 0.7744278169014085 0.2312206572769953 0.15272887323943662 0.1068075117370892 
0 0.7665052816901409 0.431924882629108 0.14040492957746478 0.0892018779342723 
0 0.6945422535211268 0.04958920187793427 0.1056338028169014 0.09800469483568075 
0 0.3457306338028169 0.08157276995305164 0.1034330985915493 0.1619718309859155 
0 0.46963028169014087 0.5020539906103286 0.1487676056338028 0.22241784037558684 
0 0.9170334507042254 0.3488849765258216 0.13424295774647887 0.09096244131455399 
0 0.14788732394366197 0.07130281690140845 0.06866197183098592 0.1414319248826291 
0 0.06514084507042253 0.09448356807511737 0.0880281690140845 0.1068075117370892 
0 0.7709066901408451 0.3392018779342723 0.1580105633802817 0.09624413145539906 
0 0.3149207746478873 0.5093896713615024 0.11223591549295775 0.20657276995305165 
0 0.8488116197183099 0.053110328638497656 0.1430457746478873 0.10504694835680752 
0 0.8996478873239436 0.7585093896713615 0.09154929577464789 0.09096244131455399 
0 0.7997359154929577 0.880868544600939 0.1153169014084507 0.10446009389671361 
0 0.7942341549295775 0.95481220657277 0.10431338028169014 0.0528169014084507 
0 0.686399647887324 0.9419014084507042 0.1131161971830986 0.08215962441314555 
0 0.9124119718309859 0.8940727699530516 0.10387323943661972 0.056924882629107984 
0 0.6817781690140845 0.8480046948356808 0.10915492957746478 0.10211267605633803 
0 0.0761443661971831 0.8277582159624414 0.14788732394366197 0.23650234741784038 
0 0.914612676056338 0.4363262910798122 0.13908450704225353 0.09213615023474178 
0 0.9066901408450704 0.5290492957746479 0.1505281690140845 0.09213615023474178 
0 0.7988556338028169 0.7720070422535211 0.10387323943661972 0.1073943661971831 
0 0.5682218309859155 0.8119131455399061 0.10123239436619719 0.03345070422535211 
0 0.9744718309859155 0.058392018779342726 0.051056338028169015 0.10504694835680752 
0 0.6533890845070423 0.2743544600938967 0.08054577464788733 0.22007042253521128 
0 0.5752640845070423 0.95481220657277 0.10475352112676056 0.05868544600938967 
0 0.5730633802816901 0.8964201877934272 0.10915492957746478 0.04988262910798122 
0 0.5715228873239436 0.7629107981220657 0.1034330985915493 0.0528169014084507 
0 0.6637323943661971 0.7362089201877934 0.07482394366197183 0.03227699530516432 
0 0.053257042253521125 0.2881455399061033 0.07922535211267606 0.11619718309859155 
0 0.6615316901408451 0.6916079812206573 0.0880281690140845 0.051056338028169015 
0 0.9755721830985915 0.7491197183098591 0.0488556338028169 0.040492957746478875 
0 0.9733714788732394 0.7890258215962441 0.053257042253521125 0.034624413145539906 
0 0.9751320422535211 0.8368544600938967 0.04621478873239437 0.0539906103286385 
0 0.9819542253521126 0.8926056338028169 0.035211267605633804 0.05985915492957746 
0 0.0625 0.018485915492957746 0.09154929577464789 0.0357981220657277 
0 0.9058098591549296 0.9556924882629108 0.10123239436619719 0.051056338028169015 
0 0.6703345070422535 0.7767018779342723 0.0880281690140845 0.04518779342723005 
0 0.6505281690140845 0.48327464788732394 0.09242957746478873 0.18368544600938966 
0 0.1736355633802817 0.46625586854460094 0.13776408450704225 0.16725352112676056 
0 0.47579225352112675 0.08656103286384977 0.12323943661971831 0.16725352112676056 
0 0.2517605633802817 0.06895539906103286 0.0801056338028169 0.13321596244131456 
0 0.15911091549295775 0.30663145539906106 0.13600352112676056 0.1402582159624413 
0 0.476012323943662 0.30839201877934275 0.1483274647887324 0.14847417840375587 
0 0.761443661971831 0.528755868544601 0.12764084507042253 0.09624413145539906 
0 0.7744278169014085 0.2312206572769953 0.15272887323943662 0.1068075117370892 
0 0.7665052816901409 0.431924882629108 0.14040492957746478 0.0892018779342723 
0 0.6945422535211268 0.04958920187793427 0.1056338028169014 0.09800469483568075 
0 0.3457306338028169 0.08157276995305164 0.1034330985915493 0.1619718309859155 
0 0.46963028169014087 0.5020539906103286 0.1487676056338028 0.22241784037558684 
0 0.9170334507042254 0.3488849765258216 0.13424295774647887 0.09096244131455399 
0 0.14788732394366197 0.07130281690140845 0.06866197183098592 0.1414319248826291 
0 0.06514084507042253 0.09448356807511737 0.0880281690140845 0.1068075117370892 
0 0.7709066901408451 0.3392018779342723 0.1580105633802817 0.09624413145539906 
0 0.3149207746478873 0.5093896713615024 0.11223591549295775 0.20657276995305165 
0 0.8488116197183099 0.053110328638497656 0.1430457746478873 0.10504694835680752 
0 0.8996478873239436 0.7585093896713615 0.09154929577464789 0.09096244131455399 
0 0.7997359154929577 0.880868544600939 0.1153169014084507 0.10446009389671361 
0 0.7942341549295775 0.95481220657277 0.10431338028169014 0.0528169014084507 
0 0.686399647887324 0.9419014084507042 0.1131161971830986 0.08215962441314555 
0 0.9124119718309859 0.8940727699530516 0.10387323943661972 0.056924882629107984 
0 0.6817781690140845 0.8480046948356808 0.10915492957746478 0.10211267605633803 
0 0.0761443661971831 0.8277582159624414 0.14788732394366197 0.23650234741784038 
0 0.914612676056338 0.4363262910798122 0.13908450704225353 0.09213615023474178 
0 0.9066901408450704 0.5290492957746479 0.1505281690140845 0.09213615023474178 
0 0.7988556338028169 0.7720070422535211 0.10387323943661972 0.1073943661971831 
