0 0.680237676056338 0.5595657276995305 0.1210387323943662 0.06631455399061033 
0 0.8415492957746479 0.26555164319248825 0.12411971830985916 0.08509389671361503 
0 0.9469630281690141 0.4460093896713615 0.10607394366197183 0.09976525821596244 
0 0.832306338028169 0.3550469483568075 0.12764084507042253 0.07629107981220658 
0 0.825044014084507 0.42664319248826293 0.12015845070422536 0.05868544600938967 
0 0.8224031690140845 0.4920774647887324 0.11663732394366197 0.06044600938967136 
0 0.8151408450704225 0.5639671361502347 0.10915492957746478 0.06572769953051644 
0 0.9535651408450704 0.31572769953051644 0.09286971830985916 0.142018779342723 
0 0.5569982394366197 0.06895539906103286 0.14744718309859156 0.12617370892018778 
0 0.18683978873239437 0.06660798122065728 0.1483274647887324 0.0897887323943662 
0 0.05215669014084507 0.06426056338028169 0.1034330985915493 0.08509389671361503 
0 0.38930457746478875 0.07746478873239436 0.15096830985915494 0.1056338028169014 
0 0.7326144366197183 0.02699530516431925 0.14392605633802816 0.04812206572769953 
0 0.8800616197183099 0.09507042253521127 0.13776408450704225 0.14084507042253522 
0 0.09154929577464789 0.778169014084507 0.11443661971830986 0.04812206572769953 
0 0.6857394366197183 0.488556338028169 0.12323943661971831 0.061619718309859156 
0 0.10277288732394366 0.7098004694835681 0.1034330985915493 0.07922535211267606 
0 0.9372799295774648 0.5463615023474179 0.10255281690140845 0.08685446009389672 
0 0.6908010563380281 0.4193075117370892 0.12455985915492958 0.06748826291079812 
0 0.4080105633802817 0.3931924882629108 0.1311619718309859 0.046948356807511735 
0 0.7040052816901409 0.2711267605633803 0.12632042253521128 0.07042253521126761 
0 0.09507042253521127 0.841255868544601 0.11883802816901408 0.056924882629107984 
0 0.08274647887323944 0.2494131455399061 0.14964788732394366 0.0880281690140845 
0 0.09551056338028169 0.335093896713615 0.1487676056338028 0.06924882629107981 
0 0.09661091549295775 0.4040492957746479 0.13952464788732394 0.07453051643192488 
0 0.09661091549295775 0.4782863849765258 0.14216549295774647 0.06455399061032864 
0 0.10277288732394366 0.5463615023474179 0.13424295774647887 0.06572769953051644 
0 0.24955985915492956 0.2764084507042254 0.15757042253521128 0.09507042253521127 
0 0.2533010563380282 0.3761737089201878 0.1430457746478873 0.07511737089201878 
0 0.6956426056338029 0.34624413145539906 0.11663732394366197 0.06455399061032864 
0 0.2550616197183099 0.4621478873239437 0.14656690140845072 0.0733568075117371 
0 0.4014084507042254 0.4539319248826291 0.12235915492957747 0.06866197183098592 
0 0.40625 0.5346244131455399 0.12764084507042253 0.06924882629107981 
0 0.4113116197183099 0.3315727699530516 0.12455985915492958 0.07042253521126761 
0 0.42451584507042256 0.22799295774647887 0.1113556338028169 0.051056338028169015 
0 0.5481954225352113 0.32541079812206575 0.1386443661971831 0.05575117370892019 
0 0.5532570422535211 0.39289906103286387 0.1311619718309859 0.06748826291079812 
0 0.5459947183098591 0.4750586854460094 0.12984154929577466 0.07922535211267606 
0 0.5433538732394366 0.5536971830985915 0.1289612676056338 0.06866197183098592 
0 0.26100352112676056 0.5390258215962441 0.14524647887323944 0.0721830985915493 
0 0.09330985915492958 0.9066901408450704 0.12235915492957747 0.06455399061032864 
0 0.7253521126760564 0.0982981220657277 0.15404929577464788 0.09683098591549295 
0 0.21544894366197184 0.7150821596244131 0.1131161971830986 0.05457746478873239 
0 0.6496478873239436 0.9248826291079812 0.10123239436619719 0.0539906103286385 
0 0.648987676056338 0.7200704225352113 0.09991197183098592 0.029342723004694836 
0 0.7495598591549296 0.7186032863849765 0.09683098591549295 0.03227699530516432 
0 0.7601232394366197 0.7541079812206573 0.10211267605633803 0.035211267605633804 
0 0.764524647887324 0.7987089201877934 0.10211267605633803 0.0539906103286385 
0 0.7568221830985915 0.8603286384976526 0.09991197183098592 0.05985915492957746 
0 0.7550616197183099 0.9166666666666666 0.09903169014084508 0.0528169014084507 
0 0.8866637323943662 0.823650234741784 0.09375 0.056924882629107984 
0 0.8778609154929577 0.778169014084507 0.09110915492957747 0.03051643192488263 
0 0.8661971830985915 0.7453051643192489 0.10123239436619719 0.029342723004694836 
0 0.8800616197183099 0.8843896713615024 0.09375 0.0528169014084507 
0 0.8712588028169014 0.9492370892018779 0.09551056338028169 0.05575117370892019 
0 0.9667693661971831 0.8832159624413145 0.0664612676056338 0.05046948356807512 
0 0.9711707746478874 0.8362676056338029 0.05765845070422535 0.029342723004694836 
0 0.9650088028169014 0.7811032863849765 0.06998239436619719 0.05985915492957746 
0 0.9595070422535211 0.7356220657276995 0.08098591549295775 0.03227699530516432 
0 0.09441021126760564 0.9700704225352113 0.1131161971830986 0.05985915492957746 
0 0.6555897887323944 0.8670774647887324 0.10255281690140845 0.05575117370892019 
0 0.655149647887324 0.8186619718309859 0.09198943661971831 0.035211267605633804 
0 0.9632482394366197 0.9463028169014085 0.07262323943661972 0.05575117370892019 
0 0.5477552816901409 0.7276995305164319 0.09110915492957747 0.029342723004694836 
0 0.2125880281690141 0.778169014084507 0.11883802816901408 0.057511737089201875 
0 0.6529489436619719 0.7687793427230047 0.09022887323943662 0.05868544600938967 
0 0.21368838028169015 0.8477112676056338 0.11223591549295775 0.06748826291079812 
0 0.2147887323943662 0.9099178403755869 0.11883802816901408 0.06044600938967136 
0 0.3336267605633803 0.7188967136150235 0.11003521126760564 0.046948356807511735 
0 0.33428697183098594 0.7752347417840375 0.11751760563380281 0.057511737089201875 
0 0.3298855633802817 0.8538732394366197 0.1131161971830986 0.06455399061032864 
0 0.32944542253521125 0.9166666666666666 0.11223591549295775 0.05868544600938967 
0 0.32724471830985913 0.9724178403755869 0.1034330985915493 0.046948356807511735 
0 0.21324823943661972 0.9697769953051644 0.10871478873239436 0.05575117370892019 
0 0.4476232394366197 0.7963615023474179 0.10211267605633803 0.035211267605633804 
0 0.4465228873239437 0.8403755868544601 0.1131161971830986 0.046948356807511735 
0 0.44278169014084506 0.8999413145539906 0.1056338028169014 0.04870892018779343 
0 0.4414612676056338 0.9595070422535211 0.1056338028169014 0.05868544600938967 
0 0.5550176056338029 0.7723004694835681 0.09683098591549295 0.03051643192488263 
0 0.543794014084507 0.9445422535211268 0.09463028169014084 0.05575117370892019 
0 0.5495158450704225 0.8867370892018779 0.09463028169014084 0.0539906103286385 
0 0.44696302816901406 0.7561619718309859 0.09903169014084508 0.031103286384976527 
0 0.5558978873239436 0.8207159624413145 0.10123239436619719 0.06279342723004695 
0 0.680237676056338 0.5595657276995305 0.1210387323943662 0.06631455399061033 
0 0.8415492957746479 0.26555164319248825 0.12411971830985916 0.08509389671361503 
0 0.9469630281690141 0.4460093896713615 0.10607394366197183 0.09976525821596244 
0 0.832306338028169 0.3550469483568075 0.12764084507042253 0.07629107981220658 
0 0.825044014084507 0.42664319248826293 0.12015845070422536 0.05868544600938967 
0 0.8224031690140845 0.4920774647887324 0.11663732394366197 0.06044600938967136 
0 0.8151408450704225 0.5639671361502347 0.10915492957746478 0.06572769953051644 
0 0.9535651408450704 0.31572769953051644 0.09286971830985916 0.142018779342723 
0 0.5569982394366197 0.06895539906103286 0.14744718309859156 0.12617370892018778 
0 0.18683978873239437 0.06660798122065728 0.1483274647887324 0.0897887323943662 
0 0.05215669014084507 0.06426056338028169 0.1034330985915493 0.08509389671361503 
0 0.38930457746478875 0.07746478873239436 0.15096830985915494 0.1056338028169014 
0 0.7326144366197183 0.02699530516431925 0.14392605633802816 0.04812206572769953 
0 0.8800616197183099 0.09507042253521127 0.13776408450704225 0.14084507042253522 
0 0.09154929577464789 0.778169014084507 0.11443661971830986 0.04812206572769953 
0 0.6857394366197183 0.488556338028169 0.12323943661971831 0.061619718309859156 
0 0.10277288732394366 0.7098004694835681 0.1034330985915493 0.07922535211267606 
0 0.9372799295774648 0.5463615023474179 0.10255281690140845 0.08685446009389672 
0 0.6908010563380281 0.4193075117370892 0.12455985915492958 0.06748826291079812 
0 0.4080105633802817 0.3931924882629108 0.1311619718309859 0.046948356807511735 
0 0.7040052816901409 0.2711267605633803 0.12632042253521128 0.07042253521126761 
0 0.09507042253521127 0.841255868544601 0.11883802816901408 0.056924882629107984 
0 0.08274647887323944 0.2494131455399061 0.14964788732394366 0.0880281690140845 
0 0.09551056338028169 0.335093896713615 0.1487676056338028 0.06924882629107981 
0 0.09661091549295775 0.4040492957746479 0.13952464788732394 0.07453051643192488 
0 0.09661091549295775 0.4782863849765258 0.14216549295774647 0.06455399061032864 
0 0.10277288732394366 0.5463615023474179 0.13424295774647887 0.06572769953051644 
0 0.24955985915492956 0.2764084507042254 0.15757042253521128 0.09507042253521127 
0 0.2533010563380282 0.3761737089201878 0.1430457746478873 0.07511737089201878 
0 0.6956426056338029 0.34624413145539906 0.11663732394366197 0.06455399061032864 
0 0.2550616197183099 0.4621478873239437 0.14656690140845072 0.0733568075117371 
0 0.4014084507042254 0.4539319248826291 0.12235915492957747 0.06866197183098592 
0 0.40625 0.5346244131455399 0.12764084507042253 0.06924882629107981 
0 0.4113116197183099 0.3315727699530516 0.12455985915492958 0.07042253521126761 
0 0.42451584507042256 0.22799295774647887 0.1113556338028169 0.051056338028169015 
0 0.5481954225352113 0.32541079812206575 0.1386443661971831 0.05575117370892019 
0 0.5532570422535211 0.39289906103286387 0.1311619718309859 0.06748826291079812 
0 0.5459947183098591 0.4750586854460094 0.12984154929577466 0.07922535211267606 
0 0.5433538732394366 0.5536971830985915 0.1289612676056338 0.06866197183098592 
0 0.26100352112676056 0.5390258215962441 0.14524647887323944 0.0721830985915493 
0 0.09330985915492958 0.9066901408450704 0.12235915492957747 0.06455399061032864 
0 0.7253521126760564 0.0982981220657277 0.15404929577464788 0.09683098591549295 
0 0.21544894366197184 0.7150821596244131 0.1131161971830986 0.05457746478873239 
0 0.6496478873239436 0.9248826291079812 0.10123239436619719 0.0539906103286385 
0 0.648987676056338 0.7200704225352113 0.09991197183098592 0.029342723004694836 
0 0.7495598591549296 0.7186032863849765 0.09683098591549295 0.03227699530516432 
0 0.7601232394366197 0.7541079812206573 0.10211267605633803 0.035211267605633804 
0 0.764524647887324 0.7987089201877934 0.10211267605633803 0.0539906103286385 
0 0.7568221830985915 0.8603286384976526 0.09991197183098592 0.05985915492957746 
0 0.7550616197183099 0.9166666666666666 0.09903169014084508 0.0528169014084507 
0 0.8866637323943662 0.823650234741784 0.09375 0.056924882629107984 
0 0.8778609154929577 0.778169014084507 0.09110915492957747 0.03051643192488263 
0 0.8661971830985915 0.7453051643192489 0.10123239436619719 0.029342723004694836 
0 0.8800616197183099 0.8843896713615024 0.09375 0.0528169014084507 
0 0.8712588028169014 0.9492370892018779 0.09551056338028169 0.05575117370892019 
0 0.9667693661971831 0.8832159624413145 0.0664612676056338 0.05046948356807512 
0 0.9711707746478874 0.8362676056338029 0.05765845070422535 0.029342723004694836 
0 0.9650088028169014 0.7811032863849765 0.06998239436619719 0.05985915492957746 
0 0.9595070422535211 0.7356220657276995 0.08098591549295775 0.03227699530516432 
0 0.09441021126760564 0.9700704225352113 0.1131161971830986 0.05985915492957746 
0 0.6555897887323944 0.8670774647887324 0.10255281690140845 0.05575117370892019 
0 0.655149647887324 0.8186619718309859 0.09198943661971831 0.035211267605633804 
0 0.9632482394366197 0.9463028169014085 0.07262323943661972 0.05575117370892019 
0 0.5477552816901409 0.7276995305164319 0.09110915492957747 0.029342723004694836 
0 0.2125880281690141 0.778169014084507 0.11883802816901408 0.057511737089201875 
0 0.6529489436619719 0.7687793427230047 0.09022887323943662 0.05868544600938967 
0 0.21368838028169015 0.8477112676056338 0.11223591549295775 0.06748826291079812 
0 0.2147887323943662 0.9099178403755869 0.11883802816901408 0.06044600938967136 
0 0.3336267605633803 0.7188967136150235 0.11003521126760564 0.046948356807511735 
0 0.33428697183098594 0.7752347417840375 0.11751760563380281 0.057511737089201875 
0 0.3298855633802817 0.8538732394366197 0.1131161971830986 0.06455399061032864 
0 0.32944542253521125 0.9166666666666666 0.11223591549295775 0.05868544600938967 
0 0.32724471830985913 0.9724178403755869 0.1034330985915493 0.046948356807511735 
0 0.21324823943661972 0.9697769953051644 0.10871478873239436 0.05575117370892019 
0 0.4476232394366197 0.7963615023474179 0.10211267605633803 0.035211267605633804 
0 0.4465228873239437 0.8403755868544601 0.1131161971830986 0.046948356807511735 
0 0.44278169014084506 0.8999413145539906 0.1056338028169014 0.04870892018779343 
0 0.4414612676056338 0.9595070422535211 0.1056338028169014 0.05868544600938967 
0 0.5550176056338029 0.7723004694835681 0.09683098591549295 0.03051643192488263 
0 0.543794014084507 0.9445422535211268 0.09463028169014084 0.05575117370892019 
0 0.5495158450704225 0.8867370892018779 0.09463028169014084 0.0539906103286385 
0 0.44696302816901406 0.7561619718309859 0.09903169014084508 0.031103286384976527 
0 0.5558978873239436 0.8207159624413145 0.10123239436619719 0.06279342723004695 
0 0.680237676056338 0.5595657276995305 0.1210387323943662 0.06631455399061033 
0 0.8415492957746479 0.26555164319248825 0.12411971830985916 0.08509389671361503 
0 0.9469630281690141 0.4460093896713615 0.10607394366197183 0.09976525821596244 
0 0.832306338028169 0.3550469483568075 0.12764084507042253 0.07629107981220658 
0 0.825044014084507 0.42664319248826293 0.12015845070422536 0.05868544600938967 
0 0.8224031690140845 0.4920774647887324 0.11663732394366197 0.06044600938967136 
0 0.8151408450704225 0.5639671361502347 0.10915492957746478 0.06572769953051644 
0 0.9535651408450704 0.31572769953051644 0.09286971830985916 0.142018779342723 
0 0.5569982394366197 0.06895539906103286 0.14744718309859156 0.12617370892018778 
0 0.18683978873239437 0.06660798122065728 0.1483274647887324 0.0897887323943662 
0 0.05215669014084507 0.06426056338028169 0.1034330985915493 0.08509389671361503 
0 0.38930457746478875 0.07746478873239436 0.15096830985915494 0.1056338028169014 
0 0.7326144366197183 0.02699530516431925 0.14392605633802816 0.04812206572769953 
0 0.8800616197183099 0.09507042253521127 0.13776408450704225 0.14084507042253522 
0 0.09154929577464789 0.778169014084507 0.11443661971830986 0.04812206572769953 
0 0.6857394366197183 0.488556338028169 0.12323943661971831 0.061619718309859156 
0 0.10277288732394366 0.7098004694835681 0.1034330985915493 0.07922535211267606 
0 0.9372799295774648 0.5463615023474179 0.10255281690140845 0.08685446009389672 
0 0.6908010563380281 0.4193075117370892 0.12455985915492958 0.06748826291079812 
0 0.4080105633802817 0.3931924882629108 0.1311619718309859 0.046948356807511735 
0 0.7040052816901409 0.2711267605633803 0.12632042253521128 0.07042253521126761 
0 0.09507042253521127 0.841255868544601 0.11883802816901408 0.056924882629107984 
0 0.08274647887323944 0.2494131455399061 0.14964788732394366 0.0880281690140845 
0 0.09551056338028169 0.335093896713615 0.1487676056338028 0.06924882629107981 
0 0.09661091549295775 0.4040492957746479 0.13952464788732394 0.07453051643192488 
0 0.09661091549295775 0.4782863849765258 0.14216549295774647 0.06455399061032864 
0 0.10277288732394366 0.5463615023474179 0.13424295774647887 0.06572769953051644 
0 0.24955985915492956 0.2764084507042254 0.15757042253521128 0.09507042253521127 
0 0.2533010563380282 0.3761737089201878 0.1430457746478873 0.07511737089201878 
0 0.6956426056338029 0.34624413145539906 0.11663732394366197 0.06455399061032864 
0 0.2550616197183099 0.4621478873239437 0.14656690140845072 0.0733568075117371 
0 0.4014084507042254 0.4539319248826291 0.12235915492957747 0.06866197183098592 
0 0.40625 0.5346244131455399 0.12764084507042253 0.06924882629107981 
0 0.4113116197183099 0.3315727699530516 0.12455985915492958 0.07042253521126761 
0 0.42451584507042256 0.22799295774647887 0.1113556338028169 0.051056338028169015 
0 0.5481954225352113 0.32541079812206575 0.1386443661971831 0.05575117370892019 
0 0.5532570422535211 0.39289906103286387 0.1311619718309859 0.06748826291079812 
0 0.5459947183098591 0.4750586854460094 0.12984154929577466 0.07922535211267606 
0 0.5433538732394366 0.5536971830985915 0.1289612676056338 0.06866197183098592 
0 0.26100352112676056 0.5390258215962441 0.14524647887323944 0.0721830985915493 
0 0.09330985915492958 0.9066901408450704 0.12235915492957747 0.06455399061032864 
0 0.7253521126760564 0.0982981220657277 0.15404929577464788 0.09683098591549295 
0 0.21544894366197184 0.7150821596244131 0.1131161971830986 0.05457746478873239 
0 0.6496478873239436 0.9248826291079812 0.10123239436619719 0.0539906103286385 
0 0.648987676056338 0.7200704225352113 0.09991197183098592 0.029342723004694836 
0 0.7495598591549296 0.7186032863849765 0.09683098591549295 0.03227699530516432 
0 0.7601232394366197 0.7541079812206573 0.10211267605633803 0.035211267605633804 
0 0.764524647887324 0.7987089201877934 0.10211267605633803 0.0539906103286385 
0 0.7568221830985915 0.8603286384976526 0.09991197183098592 0.05985915492957746 
0 0.7550616197183099 0.9166666666666666 0.09903169014084508 0.0528169014084507 
0 0.8866637323943662 0.823650234741784 0.09375 0.056924882629107984 
0 0.8778609154929577 0.778169014084507 0.09110915492957747 0.03051643192488263 
0 0.8661971830985915 0.7453051643192489 0.10123239436619719 0.029342723004694836 
0 0.8800616197183099 0.8843896713615024 0.09375 0.0528169014084507 
0 0.8712588028169014 0.9492370892018779 0.09551056338028169 0.05575117370892019 
0 0.9667693661971831 0.8832159624413145 0.0664612676056338 0.05046948356807512 
0 0.9711707746478874 0.8362676056338029 0.05765845070422535 0.029342723004694836 
0 0.9650088028169014 0.7811032863849765 0.06998239436619719 0.05985915492957746 
0 0.9595070422535211 0.7356220657276995 0.08098591549295775 0.03227699530516432 
0 0.09441021126760564 0.9700704225352113 0.1131161971830986 0.05985915492957746 
0 0.6555897887323944 0.8670774647887324 0.10255281690140845 0.05575117370892019 
0 0.655149647887324 0.8186619718309859 0.09198943661971831 0.035211267605633804 
0 0.9632482394366197 0.9463028169014085 0.07262323943661972 0.05575117370892019 
0 0.5477552816901409 0.7276995305164319 0.09110915492957747 0.029342723004694836 
0 0.2125880281690141 0.778169014084507 0.11883802816901408 0.057511737089201875 
0 0.6529489436619719 0.7687793427230047 0.09022887323943662 0.05868544600938967 
0 0.21368838028169015 0.8477112676056338 0.11223591549295775 0.06748826291079812 
0 0.2147887323943662 0.9099178403755869 0.11883802816901408 0.06044600938967136 
0 0.3336267605633803 0.7188967136150235 0.11003521126760564 0.046948356807511735 
0 0.33428697183098594 0.7752347417840375 0.11751760563380281 0.057511737089201875 
0 0.3298855633802817 0.8538732394366197 0.1131161971830986 0.06455399061032864 
0 0.32944542253521125 0.9166666666666666 0.11223591549295775 0.05868544600938967 
0 0.32724471830985913 0.9724178403755869 0.1034330985915493 0.046948356807511735 
0 0.21324823943661972 0.9697769953051644 0.10871478873239436 0.05575117370892019 
0 0.4476232394366197 0.7963615023474179 0.10211267605633803 0.035211267605633804 
0 0.4465228873239437 0.8403755868544601 0.1131161971830986 0.046948356807511735 
0 0.44278169014084506 0.8999413145539906 0.1056338028169014 0.04870892018779343 
0 0.4414612676056338 0.9595070422535211 0.1056338028169014 0.05868544600938967 
0 0.5550176056338029 0.7723004694835681 0.09683098591549295 0.03051643192488263 
0 0.543794014084507 0.9445422535211268 0.09463028169014084 0.05575117370892019 
0 0.5495158450704225 0.8867370892018779 0.09463028169014084 0.0539906103286385 
0 0.44696302816901406 0.7561619718309859 0.09903169014084508 0.031103286384976527 
0 0.5558978873239436 0.8207159624413145 0.10123239436619719 0.06279342723004695 
