0 0.14964788732394366 0.8961267605633803 0.07306338028169014 0.1960093896713615 
0 0.24317781690140844 0.8893779342723005 0.09286971830985916 0.1954225352112676 
0 0.815580985915493 0.7860915492957746 0.15404929577464788 0.10856807511737089 
0 0.757262323943662 0.14994131455399062 0.11047535211267606 0.09917840375586855 
0 0.34485035211267606 0.908744131455399 0.11223591549295775 0.16607981220657278 
0 0.46412852112676056 0.9122652582159625 0.12455985915492958 0.17546948356807512 
0 0.671875 0.6954225352112676 0.10695422535211267 0.1056338028169014 
0 0.820862676056338 0.9005281690140845 0.1505281690140845 0.1238262910798122 
0 0.06668133802816902 0.8647300469483568 0.09375 0.09800469483568075 
0 0.03829225352112676 0.28726525821596244 0.06954225352112677 0.09683098591549295 
0 0.0682218309859155 0.9571596244131455 0.09330985915492958 0.08568075117370892 
0 0.9507042253521126 0.7931338028169014 0.09859154929577464 0.10035211267605634 
0 0.9540052816901409 0.8993544600938967 0.09198943661971831 0.11091549295774648 
0 0.6709947183098591 0.9063967136150235 0.10871478873239436 0.10856807511737089 
0 0.11465669014084508 0.5924295774647887 0.09903169014084508 0.12030516431924883 
0 0.8069982394366197 0.5601525821596244 0.13424295774647887 0.0733568075117371 
0 0.03279049295774648 0.500293427230047 0.02772887323943662 0.09096244131455399 
0 0.009683098591549295 0.5020539906103286 0.018485915492957746 0.09800469483568075 
0 0.9584066901408451 0.5754107981220657 0.08318661971830986 0.1073943661971831 
0 0.6703345070422535 0.8001760563380281 0.10827464788732394 0.1073943661971831 
0 0.9557658450704225 0.6836854460093896 0.08846830985915492 0.09976525821596244 
0 0.30963908450704225 0.545774647887324 0.08582746478873239 0.11971830985915492 
0 0.8899647887323944 0.26115023474178406 0.14612676056338028 0.08450704225352113 
0 0.3956866197183099 0.25146713615023475 0.11795774647887323 0.20363849765258216 
0 0.8923855633802817 0.16461267605633803 0.15272887323943662 0.11678403755868545 
0 0.2691461267605634 0.2420774647887324 0.11575704225352113 0.1965962441314554 
0 0.14128521126760563 0.24237089201877934 0.136443661971831 0.1983568075117371 
0 0.8884242957746479 0.34419014084507044 0.14744718309859156 0.0886150234741784 
0 0.3998679577464789 0.653169014084507 0.09198943661971831 0.107981220657277 
0 0.7537411971830986 0.414612676056338 0.10431338028169014 0.06866197183098592 
0 0.2167693661971831 0.5431338028169014 0.09991197183098592 0.11678403755868545 
0 0.5154049295774648 0.2538145539906103 0.11883802816901408 0.1965962441314554 
0 0.7574823943661971 0.2438380281690141 0.1073943661971831 0.08744131455399061 
0 0.8890845070422535 0.42370892018779344 0.14788732394366197 0.08568075117370892 
0 0.8171214788732394 0.6901408450704225 0.17121478873239437 0.09859154929577464 
0 0.7550616197183099 0.33039906103286387 0.10167253521126761 0.08450704225352113 
0 0.652068661971831 0.25938967136150237 0.07878521126760564 0.09154929577464789 
0 0.6564700704225352 0.34125586854460094 0.06734154929577464 0.07687793427230047 
0 0.4903169014084507 0.5401995305164319 0.0897887323943662 0.10504694835680752 
0 0.6555897887323944 0.4140258215962441 0.06470070422535211 0.06396713615023474 
0 0.3983274647887324 0.5466549295774648 0.09330985915492958 0.10974178403755869 
0 0.21897007042253522 0.6511150234741784 0.10607394366197183 0.09683098591549295 
0 0.671875 0.579225352112676 0.11047535211267606 0.11502347417840375 
0 0.3076584507042254 0.6584507042253521 0.08714788732394366 0.10328638497652583 
0 0.4878961267605634 0.6525821596244131 0.09022887323943662 0.11150234741784038 
0 0.14964788732394366 0.8961267605633803 0.07306338028169014 0.1960093896713615 
0 0.24317781690140844 0.8893779342723005 0.09286971830985916 0.1954225352112676 
0 0.815580985915493 0.7860915492957746 0.15404929577464788 0.10856807511737089 
0 0.757262323943662 0.14994131455399062 0.11047535211267606 0.09917840375586855 
0 0.34485035211267606 0.908744131455399 0.11223591549295775 0.16607981220657278 
0 0.46412852112676056 0.9122652582159625 0.12455985915492958 0.17546948356807512 
0 0.671875 0.6954225352112676 0.10695422535211267 0.1056338028169014 
0 0.820862676056338 0.9005281690140845 0.1505281690140845 0.1238262910798122 
0 0.06668133802816902 0.8647300469483568 0.09375 0.09800469483568075 
0 0.03829225352112676 0.28726525821596244 0.06954225352112677 0.09683098591549295 
0 0.0682218309859155 0.9571596244131455 0.09330985915492958 0.08568075117370892 
0 0.9507042253521126 0.7931338028169014 0.09859154929577464 0.10035211267605634 
0 0.9540052816901409 0.8993544600938967 0.09198943661971831 0.11091549295774648 
0 0.6709947183098591 0.9063967136150235 0.10871478873239436 0.10856807511737089 
0 0.11465669014084508 0.5924295774647887 0.09903169014084508 0.12030516431924883 
0 0.8069982394366197 0.5601525821596244 0.13424295774647887 0.0733568075117371 
0 0.03279049295774648 0.500293427230047 0.02772887323943662 0.09096244131455399 
0 0.009683098591549295 0.5020539906103286 0.018485915492957746 0.09800469483568075 
0 0.9584066901408451 0.5754107981220657 0.08318661971830986 0.1073943661971831 
0 0.6703345070422535 0.8001760563380281 0.10827464788732394 0.1073943661971831 
0 0.9557658450704225 0.6836854460093896 0.08846830985915492 0.09976525821596244 
0 0.30963908450704225 0.545774647887324 0.08582746478873239 0.11971830985915492 
0 0.8899647887323944 0.26115023474178406 0.14612676056338028 0.08450704225352113 
0 0.3956866197183099 0.25146713615023475 0.11795774647887323 0.20363849765258216 
0 0.8923855633802817 0.16461267605633803 0.15272887323943662 0.11678403755868545 
0 0.2691461267605634 0.2420774647887324 0.11575704225352113 0.1965962441314554 
0 0.14128521126760563 0.24237089201877934 0.136443661971831 0.1983568075117371 
0 0.8884242957746479 0.34419014084507044 0.14744718309859156 0.0886150234741784 
0 0.3998679577464789 0.653169014084507 0.09198943661971831 0.107981220657277 
0 0.7537411971830986 0.414612676056338 0.10431338028169014 0.06866197183098592 
0 0.2167693661971831 0.5431338028169014 0.09991197183098592 0.11678403755868545 
0 0.5154049295774648 0.2538145539906103 0.11883802816901408 0.1965962441314554 
0 0.7574823943661971 0.2438380281690141 0.1073943661971831 0.08744131455399061 
0 0.8890845070422535 0.42370892018779344 0.14788732394366197 0.08568075117370892 
0 0.8171214788732394 0.6901408450704225 0.17121478873239437 0.09859154929577464 
0 0.7550616197183099 0.33039906103286387 0.10167253521126761 0.08450704225352113 
0 0.652068661971831 0.25938967136150237 0.07878521126760564 0.09154929577464789 
0 0.6564700704225352 0.34125586854460094 0.06734154929577464 0.07687793427230047 
0 0.4903169014084507 0.5401995305164319 0.0897887323943662 0.10504694835680752 
0 0.6555897887323944 0.4140258215962441 0.06470070422535211 0.06396713615023474 
0 0.3983274647887324 0.5466549295774648 0.09330985915492958 0.10974178403755869 
0 0.21897007042253522 0.6511150234741784 0.10607394366197183 0.09683098591549295 
0 0.671875 0.579225352112676 0.11047535211267606 0.11502347417840375 
0 0.3076584507042254 0.6584507042253521 0.08714788732394366 0.10328638497652583 
0 0.4878961267605634 0.6525821596244131 0.09022887323943662 0.11150234741784038 
0 0.14964788732394366 0.8961267605633803 0.07306338028169014 0.1960093896713615 
0 0.24317781690140844 0.8893779342723005 0.09286971830985916 0.1954225352112676 
0 0.815580985915493 0.7860915492957746 0.15404929577464788 0.10856807511737089 
0 0.757262323943662 0.14994131455399062 0.11047535211267606 0.09917840375586855 
0 0.34485035211267606 0.908744131455399 0.11223591549295775 0.16607981220657278 
0 0.46412852112676056 0.9122652582159625 0.12455985915492958 0.17546948356807512 
0 0.671875 0.6954225352112676 0.10695422535211267 0.1056338028169014 
0 0.820862676056338 0.9005281690140845 0.1505281690140845 0.1238262910798122 
0 0.06668133802816902 0.8647300469483568 0.09375 0.09800469483568075 
0 0.03829225352112676 0.28726525821596244 0.06954225352112677 0.09683098591549295 
0 0.0682218309859155 0.9571596244131455 0.09330985915492958 0.08568075117370892 
0 0.9507042253521126 0.7931338028169014 0.09859154929577464 0.10035211267605634 
0 0.9540052816901409 0.8993544600938967 0.09198943661971831 0.11091549295774648 
0 0.6709947183098591 0.9063967136150235 0.10871478873239436 0.10856807511737089 
0 0.11465669014084508 0.5924295774647887 0.09903169014084508 0.12030516431924883 
0 0.8069982394366197 0.5601525821596244 0.13424295774647887 0.0733568075117371 
0 0.03279049295774648 0.500293427230047 0.02772887323943662 0.09096244131455399 
0 0.009683098591549295 0.5020539906103286 0.018485915492957746 0.09800469483568075 
0 0.9584066901408451 0.5754107981220657 0.08318661971830986 0.1073943661971831 
0 0.6703345070422535 0.8001760563380281 0.10827464788732394 0.1073943661971831 
0 0.9557658450704225 0.6836854460093896 0.08846830985915492 0.09976525821596244 
0 0.30963908450704225 0.545774647887324 0.08582746478873239 0.11971830985915492 
0 0.8899647887323944 0.26115023474178406 0.14612676056338028 0.08450704225352113 
0 0.3956866197183099 0.25146713615023475 0.11795774647887323 0.20363849765258216 
0 0.8923855633802817 0.16461267605633803 0.15272887323943662 0.11678403755868545 
0 0.2691461267605634 0.2420774647887324 0.11575704225352113 0.1965962441314554 
0 0.14128521126760563 0.24237089201877934 0.136443661971831 0.1983568075117371 
0 0.8884242957746479 0.34419014084507044 0.14744718309859156 0.0886150234741784 
0 0.3998679577464789 0.653169014084507 0.09198943661971831 0.107981220657277 
0 0.7537411971830986 0.414612676056338 0.10431338028169014 0.06866197183098592 
0 0.2167693661971831 0.5431338028169014 0.09991197183098592 0.11678403755868545 
0 0.5154049295774648 0.2538145539906103 0.11883802816901408 0.1965962441314554 
0 0.7574823943661971 0.2438380281690141 0.1073943661971831 0.08744131455399061 
0 0.8890845070422535 0.42370892018779344 0.14788732394366197 0.08568075117370892 
0 0.8171214788732394 0.6901408450704225 0.17121478873239437 0.09859154929577464 
0 0.7550616197183099 0.33039906103286387 0.10167253521126761 0.08450704225352113 
0 0.652068661971831 0.25938967136150237 0.07878521126760564 0.09154929577464789 
0 0.6564700704225352 0.34125586854460094 0.06734154929577464 0.07687793427230047 
0 0.4903169014084507 0.5401995305164319 0.0897887323943662 0.10504694835680752 
0 0.6555897887323944 0.4140258215962441 0.06470070422535211 0.06396713615023474 
0 0.3983274647887324 0.5466549295774648 0.09330985915492958 0.10974178403755869 
0 0.21897007042253522 0.6511150234741784 0.10607394366197183 0.09683098591549295 
0 0.671875 0.579225352112676 0.11047535211267606 0.11502347417840375 
0 0.3076584507042254 0.6584507042253521 0.08714788732394366 0.10328638497652583 
0 0.4878961267605634 0.6525821596244131 0.09022887323943662 0.11150234741784038 
