0 0.636443661971831 0.8761737089201878 0.14348591549295775 0.07394366197183098 
0 0.644806338028169 0.7356220657276995 0.15845070422535212 0.20715962441314553 
0 0.21720950704225353 0.778755868544601 0.11223591549295775 0.21009389671361503 
0 0.3675176056338028 0.511150234741784 0.11355633802816902 0.12441314553990611 
0 0.042693661971830985 0.8086854460093896 0.08450704225352113 0.1936619718309859 
0 0.7638644366197183 0.6549295774647887 0.08758802816901408 0.20539906103286384 
0 0.33076584507042256 0.8600352112676056 0.1192781690140845 0.11561032863849766 
0 0.8681778169014085 0.6866197183098591 0.09375 0.09859154929577464 
0 0.47183098591549294 0.7922535211267606 0.12940140845070422 0.2147887323943662 
0 0.4841549295774648 0.5933098591549296 0.10211267605633803 0.17370892018779344 
0 0.09286971830985916 0.19278169014084506 0.12764084507042253 0.2142018779342723 
0 0.5077024647887324 0.20011737089201878 0.14216549295774647 0.22300469483568075 
0 0.6388644366197183 0.5604460093896714 0.15184859154929578 0.10328638497652583 
0 0.8879841549295775 0.8289319248826291 0.11663732394366197 0.1613849765258216 
0 0.8584947183098591 0.5401995305164319 0.09286971830985916 0.159037558685446 
0 0.32526408450704225 0.6913145539906104 0.12323943661971831 0.24178403755868544 
0 0.636443661971831 0.8761737089201878 0.14348591549295775 0.07394366197183098 
0 0.644806338028169 0.7356220657276995 0.15845070422535212 0.20715962441314553 
0 0.21720950704225353 0.778755868544601 0.11223591549295775 0.21009389671361503 
0 0.3675176056338028 0.511150234741784 0.11355633802816902 0.12441314553990611 
0 0.042693661971830985 0.8086854460093896 0.08450704225352113 0.1936619718309859 
0 0.7638644366197183 0.6549295774647887 0.08758802816901408 0.20539906103286384 
0 0.33076584507042256 0.8600352112676056 0.1192781690140845 0.11561032863849766 
0 0.8681778169014085 0.6866197183098591 0.09375 0.09859154929577464 
0 0.47183098591549294 0.7922535211267606 0.12940140845070422 0.2147887323943662 
0 0.4841549295774648 0.5933098591549296 0.10211267605633803 0.17370892018779344 
0 0.09286971830985916 0.19278169014084506 0.12764084507042253 0.2142018779342723 
0 0.5077024647887324 0.20011737089201878 0.14216549295774647 0.22300469483568075 
0 0.6388644366197183 0.5604460093896714 0.15184859154929578 0.10328638497652583 
0 0.8879841549295775 0.8289319248826291 0.11663732394366197 0.1613849765258216 
0 0.8584947183098591 0.5401995305164319 0.09286971830985916 0.159037558685446 
0 0.32526408450704225 0.6913145539906104 0.12323943661971831 0.24178403755868544 
0 0.636443661971831 0.8761737089201878 0.14348591549295775 0.07394366197183098 
0 0.644806338028169 0.7356220657276995 0.15845070422535212 0.20715962441314553 
0 0.21720950704225353 0.778755868544601 0.11223591549295775 0.21009389671361503 
0 0.3675176056338028 0.511150234741784 0.11355633802816902 0.12441314553990611 
0 0.042693661971830985 0.8086854460093896 0.08450704225352113 0.1936619718309859 
0 0.7638644366197183 0.6549295774647887 0.08758802816901408 0.20539906103286384 
0 0.33076584507042256 0.8600352112676056 0.1192781690140845 0.11561032863849766 
0 0.8681778169014085 0.6866197183098591 0.09375 0.09859154929577464 
0 0.47183098591549294 0.7922535211267606 0.12940140845070422 0.2147887323943662 
0 0.4841549295774648 0.5933098591549296 0.10211267605633803 0.17370892018779344 
0 0.09286971830985916 0.19278169014084506 0.12764084507042253 0.2142018779342723 
0 0.5077024647887324 0.20011737089201878 0.14216549295774647 0.22300469483568075 
0 0.6388644366197183 0.5604460093896714 0.15184859154929578 0.10328638497652583 
0 0.8879841549295775 0.8289319248826291 0.11663732394366197 0.1613849765258216 
0 0.8584947183098591 0.5401995305164319 0.09286971830985916 0.159037558685446 
0 0.32526408450704225 0.6913145539906104 0.12323943661971831 0.24178403755868544 
