0 0.32438380281690143 0.3544600938967136 0.07834507042253522 0.1619718309859155 
0 0.3221830985915493 0.12969483568075119 0.09595070422535211 0.18896713615023475 
0 0.41153169014084506 0.1238262910798122 0.0818661971830986 0.18661971830985916 
0 0.8921654929577465 0.7470657276995305 0.06514084507042253 0.11619718309859155 
0 0.5977112676056338 0.5669014084507042 0.07746478873239436 0.142018779342723 
0 0.6038732394366197 0.3544600938967136 0.10651408450704225 0.16784037558685447 
0 0.5996919014084507 0.12646713615023475 0.10167253521126761 0.20481220657276994 
0 0.7671654929577465 0.5695422535211268 0.07482394366197183 0.1426056338028169 
0 0.8602552816901409 0.12089201877934272 0.08494718309859155 0.19248826291079812 
0 0.680237676056338 0.5645539906103286 0.09286971830985916 0.15610328638497653 
0 0.4612676056338028 0.7403169014084507 0.07482394366197183 0.1273474178403756 
0 0.14898767605633803 0.12910798122065728 0.08758802816901408 0.18779342723004694 
0 0.27860915492957744 0.5598591549295775 0.07922535211267606 0.15023474178403756 
0 0.7803697183098591 0.11854460093896714 0.07042253521126761 0.18544600938967137 
0 0.23877640845070422 0.3562206572769953 0.08670774647887323 0.15845070422535212 
0 0.7009242957746479 0.3606220657276995 0.09727112676056338 0.17077464788732394 
0 0.6982834507042254 0.12588028169014084 0.09198943661971831 0.20598591549295775 
0 0.7878521126760564 0.3626760563380282 0.07746478873239436 0.1607981220657277 
0 0.4077904929577465 0.352112676056338 0.08494718309859155 0.1607981220657277 
0 0.36047535211267606 0.5583920187793427 0.07658450704225352 0.1414319248826291 
0 0.20334507042253522 0.556924882629108 0.07570422535211267 0.13849765258215962 
0 0.6934419014084507 0.750293427230047 0.07262323943661972 0.13673708920187794 
0 0.43309859154929575 0.5598591549295775 0.08098591549295775 0.14788732394366197 
0 0.5070422535211268 0.3568075117370892 0.10035211267605634 0.1572769953051643 
0 0.045994718309859156 0.5525234741784038 0.09110915492957747 0.13438967136150234 
0 0.764524647887324 0.7508802816901409 0.07130281690140845 0.13204225352112675 
0 0.8298855633802817 0.7458920187793427 0.06205985915492958 0.12206572769953052 
0 0.3569542253521127 0.9028755868544601 0.07922535211267606 0.11326291079812206 
0 0.2834507042253521 0.8926056338028169 0.06338028169014084 0.1068075117370892 
0 0.4297975352112676 0.9043427230046949 0.0761443661971831 0.11854460093896714 
0 0.5189260563380281 0.9225352112676056 0.09419014084507042 0.09741784037558686 
0 0.9601672535211268 0.7596830985915493 0.06382042253521127 0.10504694835680752 
0 0.2323943661971831 0.12969483568075119 0.07922535211267606 0.19248826291079812 
0 0.9678697183098591 0.5713028169014085 0.06426056338028169 0.13908450704225353 
0 0.9408010563380281 0.36032863849765256 0.08230633802816902 0.1795774647887324 
0 0.9005281690140845 0.5718896713615024 0.06778169014084508 0.14730046948356806 
0 0.8351672535211268 0.5733568075117371 0.06470070422535211 0.14084507042253522 
0 0.22909330985915494 0.7370892018779343 0.07526408450704225 0.13380281690140844 
0 0.3032570422535211 0.7362089201877934 0.0721830985915493 0.12030516431924883 
0 0.0644806338028169 0.14583333333333334 0.08318661971830986 0.15434272300469484 
0 0.5037411971830986 0.12001173708920188 0.09551056338028169 0.1965962441314554 
0 0.6175176056338029 0.744424882629108 0.07482394366197183 0.12147887323943662 
0 0.5418133802816901 0.7432511737089202 0.08362676056338028 0.12969483568075119 
0 0.9476232394366197 0.12852112676056338 0.09242957746478873 0.20657276995305165 
0 0.8628961267605634 0.3659037558685446 0.07262323943661972 0.1602112676056338 
0 0.5169454225352113 0.5639671361502347 0.08230633802816902 0.14553990610328638 
0 0.32438380281690143 0.3544600938967136 0.07834507042253522 0.1619718309859155 
0 0.3221830985915493 0.12969483568075119 0.09595070422535211 0.18896713615023475 
0 0.41153169014084506 0.1238262910798122 0.0818661971830986 0.18661971830985916 
0 0.8921654929577465 0.7470657276995305 0.06514084507042253 0.11619718309859155 
0 0.5977112676056338 0.5669014084507042 0.07746478873239436 0.142018779342723 
0 0.6038732394366197 0.3544600938967136 0.10651408450704225 0.16784037558685447 
0 0.5996919014084507 0.12646713615023475 0.10167253521126761 0.20481220657276994 
0 0.7671654929577465 0.5695422535211268 0.07482394366197183 0.1426056338028169 
0 0.8602552816901409 0.12089201877934272 0.08494718309859155 0.19248826291079812 
0 0.680237676056338 0.5645539906103286 0.09286971830985916 0.15610328638497653 
0 0.4612676056338028 0.7403169014084507 0.07482394366197183 0.1273474178403756 
0 0.14898767605633803 0.12910798122065728 0.08758802816901408 0.18779342723004694 
0 0.27860915492957744 0.5598591549295775 0.07922535211267606 0.15023474178403756 
0 0.7803697183098591 0.11854460093896714 0.07042253521126761 0.18544600938967137 
0 0.23877640845070422 0.3562206572769953 0.08670774647887323 0.15845070422535212 
0 0.7009242957746479 0.3606220657276995 0.09727112676056338 0.17077464788732394 
0 0.6982834507042254 0.12588028169014084 0.09198943661971831 0.20598591549295775 
0 0.7878521126760564 0.3626760563380282 0.07746478873239436 0.1607981220657277 
0 0.4077904929577465 0.352112676056338 0.08494718309859155 0.1607981220657277 
0 0.36047535211267606 0.5583920187793427 0.07658450704225352 0.1414319248826291 
0 0.20334507042253522 0.556924882629108 0.07570422535211267 0.13849765258215962 
0 0.6934419014084507 0.750293427230047 0.07262323943661972 0.13673708920187794 
0 0.43309859154929575 0.5598591549295775 0.08098591549295775 0.14788732394366197 
0 0.5070422535211268 0.3568075117370892 0.10035211267605634 0.1572769953051643 
0 0.045994718309859156 0.5525234741784038 0.09110915492957747 0.13438967136150234 
0 0.764524647887324 0.7508802816901409 0.07130281690140845 0.13204225352112675 
0 0.8298855633802817 0.7458920187793427 0.06205985915492958 0.12206572769953052 
0 0.3569542253521127 0.9028755868544601 0.07922535211267606 0.11326291079812206 
0 0.2834507042253521 0.8926056338028169 0.06338028169014084 0.1068075117370892 
0 0.4297975352112676 0.9043427230046949 0.0761443661971831 0.11854460093896714 
0 0.5189260563380281 0.9225352112676056 0.09419014084507042 0.09741784037558686 
0 0.9601672535211268 0.7596830985915493 0.06382042253521127 0.10504694835680752 
0 0.2323943661971831 0.12969483568075119 0.07922535211267606 0.19248826291079812 
0 0.9678697183098591 0.5713028169014085 0.06426056338028169 0.13908450704225353 
0 0.9408010563380281 0.36032863849765256 0.08230633802816902 0.1795774647887324 
0 0.9005281690140845 0.5718896713615024 0.06778169014084508 0.14730046948356806 
0 0.8351672535211268 0.5733568075117371 0.06470070422535211 0.14084507042253522 
0 0.22909330985915494 0.7370892018779343 0.07526408450704225 0.13380281690140844 
0 0.3032570422535211 0.7362089201877934 0.0721830985915493 0.12030516431924883 
0 0.0644806338028169 0.14583333333333334 0.08318661971830986 0.15434272300469484 
0 0.5037411971830986 0.12001173708920188 0.09551056338028169 0.1965962441314554 
0 0.6175176056338029 0.744424882629108 0.07482394366197183 0.12147887323943662 
0 0.5418133802816901 0.7432511737089202 0.08362676056338028 0.12969483568075119 
0 0.9476232394366197 0.12852112676056338 0.09242957746478873 0.20657276995305165 
0 0.8628961267605634 0.3659037558685446 0.07262323943661972 0.1602112676056338 
0 0.5169454225352113 0.5639671361502347 0.08230633802816902 0.14553990610328638 
0 0.32438380281690143 0.3544600938967136 0.07834507042253522 0.1619718309859155 
0 0.3221830985915493 0.12969483568075119 0.09595070422535211 0.18896713615023475 
0 0.41153169014084506 0.1238262910798122 0.0818661971830986 0.18661971830985916 
0 0.8921654929577465 0.7470657276995305 0.06514084507042253 0.11619718309859155 
0 0.5977112676056338 0.5669014084507042 0.07746478873239436 0.142018779342723 
0 0.6038732394366197 0.3544600938967136 0.10651408450704225 0.16784037558685447 
0 0.5996919014084507 0.12646713615023475 0.10167253521126761 0.20481220657276994 
0 0.7671654929577465 0.5695422535211268 0.07482394366197183 0.1426056338028169 
0 0.8602552816901409 0.12089201877934272 0.08494718309859155 0.19248826291079812 
0 0.680237676056338 0.5645539906103286 0.09286971830985916 0.15610328638497653 
0 0.4612676056338028 0.7403169014084507 0.07482394366197183 0.1273474178403756 
0 0.14898767605633803 0.12910798122065728 0.08758802816901408 0.18779342723004694 
0 0.27860915492957744 0.5598591549295775 0.07922535211267606 0.15023474178403756 
0 0.7803697183098591 0.11854460093896714 0.07042253521126761 0.18544600938967137 
0 0.23877640845070422 0.3562206572769953 0.08670774647887323 0.15845070422535212 
0 0.7009242957746479 0.3606220657276995 0.09727112676056338 0.17077464788732394 
0 0.6982834507042254 0.12588028169014084 0.09198943661971831 0.20598591549295775 
0 0.7878521126760564 0.3626760563380282 0.07746478873239436 0.1607981220657277 
0 0.4077904929577465 0.352112676056338 0.08494718309859155 0.1607981220657277 
0 0.36047535211267606 0.5583920187793427 0.07658450704225352 0.1414319248826291 
0 0.20334507042253522 0.556924882629108 0.07570422535211267 0.13849765258215962 
0 0.6934419014084507 0.750293427230047 0.07262323943661972 0.13673708920187794 
0 0.43309859154929575 0.5598591549295775 0.08098591549295775 0.14788732394366197 
0 0.5070422535211268 0.3568075117370892 0.10035211267605634 0.1572769953051643 
0 0.045994718309859156 0.5525234741784038 0.09110915492957747 0.13438967136150234 
0 0.764524647887324 0.7508802816901409 0.07130281690140845 0.13204225352112675 
0 0.8298855633802817 0.7458920187793427 0.06205985915492958 0.12206572769953052 
0 0.3569542253521127 0.9028755868544601 0.07922535211267606 0.11326291079812206 
0 0.2834507042253521 0.8926056338028169 0.06338028169014084 0.1068075117370892 
0 0.4297975352112676 0.9043427230046949 0.0761443661971831 0.11854460093896714 
0 0.5189260563380281 0.9225352112676056 0.09419014084507042 0.09741784037558686 
0 0.9601672535211268 0.7596830985915493 0.06382042253521127 0.10504694835680752 
0 0.2323943661971831 0.12969483568075119 0.07922535211267606 0.19248826291079812 
0 0.9678697183098591 0.5713028169014085 0.06426056338028169 0.13908450704225353 
0 0.9408010563380281 0.36032863849765256 0.08230633802816902 0.1795774647887324 
0 0.9005281690140845 0.5718896713615024 0.06778169014084508 0.14730046948356806 
0 0.8351672535211268 0.5733568075117371 0.06470070422535211 0.14084507042253522 
0 0.22909330985915494 0.7370892018779343 0.07526408450704225 0.13380281690140844 
0 0.3032570422535211 0.7362089201877934 0.0721830985915493 0.12030516431924883 
0 0.0644806338028169 0.14583333333333334 0.08318661971830986 0.15434272300469484 
0 0.5037411971830986 0.12001173708920188 0.09551056338028169 0.1965962441314554 
0 0.6175176056338029 0.744424882629108 0.07482394366197183 0.12147887323943662 
0 0.5418133802816901 0.7432511737089202 0.08362676056338028 0.12969483568075119 
0 0.9476232394366197 0.12852112676056338 0.09242957746478873 0.20657276995305165 
0 0.8628961267605634 0.3659037558685446 0.07262323943661972 0.1602112676056338 
0 0.5169454225352113 0.5639671361502347 0.08230633802816902 0.14553990610328638 
