0 0.9108714788732394 0.21713615023474178 0.09198943661971831 0.13262910798122066 
0 0.37367957746478875 0.9251760563380281 0.07570422535211267 0.13438967136150234 
0 0.3573943661971831 0.061326291079812204 0.11443661971830986 0.08274647887323944 
0 0.48547535211267606 0.06748826291079812 0.11883802816901408 0.07276995305164319 
0 0.042473591549295774 0.4169600938967136 0.0743838028169014 0.13086854460093897 
0 0.6126760563380281 0.07717136150234742 0.11443661971830986 0.08509389671361503 
0 0.03851232394366197 0.5610328638497653 0.07174295774647887 0.14553990610328638 
0 0.8107394366197183 0.2068661971830986 0.0977112676056338 0.13673708920187794 
0 0.2810299295774648 0.9254694835680751 0.08670774647887323 0.1267605633802817 
0 0.46500880281690143 0.9237089201877934 0.08054577464788733 0.12793427230046947 
0 0.5151848591549296 0.42458920187793425 0.08670774647887323 0.13791079812206572 
0 0.28235035211267606 0.7857981220657277 0.08230633802816902 0.13497652582159625 
0 0.04467429577464789 0.9002347417840375 0.08054577464788733 0.15258215962441316 
0 0.5587588028169014 0.7884389671361502 0.07790492957746478 0.12969483568075119 
0 0.952024647887324 0.8591549295774648 0.09595070422535211 0.25 
0 0.05171654929577465 0.04929577464788732 0.09375 0.09389671361502347 
0 0.13996478873239437 0.05134976525821596 0.08714788732394366 0.10152582159624413 
0 0.24119718309859156 0.05046948356807512 0.09507042253521127 0.09976525821596244 
0 0.9784330985915493 0.2262323943661972 0.040492957746478875 0.1238262910798122 
0 0.6087147887323944 0.153462441314554 0.11003521126760564 0.08039906103286384 
0 0.5563380281690141 0.9231220657276995 0.08538732394366197 0.14084507042253522 
0 0.8703785211267606 0.579225352112676 0.08934859154929578 0.13380281690140844 
0 0.3633362676056338 0.2238849765258216 0.11575704225352113 0.0721830985915493 
0 0.9192341549295775 0.07570422535211267 0.09815140845070422 0.14084507042253522 
0 0.49141725352112675 0.22535211267605634 0.11751760563380281 0.07276995305164319 
0 0.22557218309859156 0.5645539906103286 0.0840669014084507 0.1443661971830986 
0 0.31932218309859156 0.5654342723004695 0.08670774647887323 0.13673708920187794 
0 0.12477992957746478 0.5630868544600939 0.08934859154929578 0.13791079812206572 
0 0.5101232394366197 0.5692488262910798 0.08714788732394366 0.13262910798122066 
0 0.41879401408450706 0.5677816901408451 0.08494718309859155 0.13556338028169015 
0 0.6883802816901409 0.5783450704225352 0.08538732394366197 0.13204225352112675 
0 0.13996478873239437 0.1807511737089202 0.08450704225352113 0.13732394366197184 
0 0.12632042253521128 0.4193075117370892 0.08098591549295775 0.13556338028169015 
0 0.7819102112676056 0.5757042253521126 0.0840669014084507 0.13145539906103287 
0 0.7174295774647887 0.2142018779342723 0.09419014084507042 0.13145539906103287 
0 0.23789612676056338 0.18632629107981222 0.08318661971830986 0.1414319248826291 
0 0.37235915492957744 0.7866784037558685 0.08274647887323944 0.13556338028169015 
0 0.612455985915493 0.23210093896713616 0.12632042253521128 0.07453051643192488 
0 0.47007042253521125 0.7875586854460094 0.07570422535211267 0.12910798122065728 
0 0.3182218309859155 0.4157863849765258 0.08714788732394366 0.13908450704225353 
0 0.045994718309859156 0.176056338028169 0.08934859154929578 0.1467136150234742 
0 0.7213908450704225 0.07775821596244131 0.09595070422535211 0.1449530516431925 
0 0.8133802816901409 0.07453051643192488 0.09507042253521127 0.13028169014084506 
0 0.222931338028169 0.4125586854460094 0.08758802816901408 0.1431924882629108 
0 0.363556338028169 0.1402582159624413 0.11971830985915492 0.08215962441314555 
0 0.4236355633802817 0.42282863849765256 0.08670774647887323 0.1414319248826291 
0 0.5996919014084507 0.5751173708920188 0.08670774647887323 0.13262910798122066 
0 0.48811619718309857 0.1481807511737089 0.11971830985915492 0.07570422535211267 
0 0.9108714788732394 0.21713615023474178 0.09198943661971831 0.13262910798122066 
0 0.37367957746478875 0.9251760563380281 0.07570422535211267 0.13438967136150234 
0 0.3573943661971831 0.061326291079812204 0.11443661971830986 0.08274647887323944 
0 0.48547535211267606 0.06748826291079812 0.11883802816901408 0.07276995305164319 
0 0.042473591549295774 0.4169600938967136 0.0743838028169014 0.13086854460093897 
0 0.6126760563380281 0.07717136150234742 0.11443661971830986 0.08509389671361503 
0 0.03851232394366197 0.5610328638497653 0.07174295774647887 0.14553990610328638 
0 0.8107394366197183 0.2068661971830986 0.0977112676056338 0.13673708920187794 
0 0.2810299295774648 0.9254694835680751 0.08670774647887323 0.1267605633802817 
0 0.46500880281690143 0.9237089201877934 0.08054577464788733 0.12793427230046947 
0 0.5151848591549296 0.42458920187793425 0.08670774647887323 0.13791079812206572 
0 0.28235035211267606 0.7857981220657277 0.08230633802816902 0.13497652582159625 
0 0.04467429577464789 0.9002347417840375 0.08054577464788733 0.15258215962441316 
0 0.5587588028169014 0.7884389671361502 0.07790492957746478 0.12969483568075119 
0 0.952024647887324 0.8591549295774648 0.09595070422535211 0.25 
0 0.05171654929577465 0.04929577464788732 0.09375 0.09389671361502347 
0 0.13996478873239437 0.05134976525821596 0.08714788732394366 0.10152582159624413 
0 0.24119718309859156 0.05046948356807512 0.09507042253521127 0.09976525821596244 
0 0.9784330985915493 0.2262323943661972 0.040492957746478875 0.1238262910798122 
0 0.6087147887323944 0.153462441314554 0.11003521126760564 0.08039906103286384 
0 0.5563380281690141 0.9231220657276995 0.08538732394366197 0.14084507042253522 
0 0.8703785211267606 0.579225352112676 0.08934859154929578 0.13380281690140844 
0 0.3633362676056338 0.2238849765258216 0.11575704225352113 0.0721830985915493 
0 0.9192341549295775 0.07570422535211267 0.09815140845070422 0.14084507042253522 
0 0.49141725352112675 0.22535211267605634 0.11751760563380281 0.07276995305164319 
0 0.22557218309859156 0.5645539906103286 0.0840669014084507 0.1443661971830986 
0 0.31932218309859156 0.5654342723004695 0.08670774647887323 0.13673708920187794 
0 0.12477992957746478 0.5630868544600939 0.08934859154929578 0.13791079812206572 
0 0.5101232394366197 0.5692488262910798 0.08714788732394366 0.13262910798122066 
0 0.41879401408450706 0.5677816901408451 0.08494718309859155 0.13556338028169015 
0 0.6883802816901409 0.5783450704225352 0.08538732394366197 0.13204225352112675 
0 0.13996478873239437 0.1807511737089202 0.08450704225352113 0.13732394366197184 
0 0.12632042253521128 0.4193075117370892 0.08098591549295775 0.13556338028169015 
0 0.7819102112676056 0.5757042253521126 0.0840669014084507 0.13145539906103287 
0 0.7174295774647887 0.2142018779342723 0.09419014084507042 0.13145539906103287 
0 0.23789612676056338 0.18632629107981222 0.08318661971830986 0.1414319248826291 
0 0.37235915492957744 0.7866784037558685 0.08274647887323944 0.13556338028169015 
0 0.612455985915493 0.23210093896713616 0.12632042253521128 0.07453051643192488 
0 0.47007042253521125 0.7875586854460094 0.07570422535211267 0.12910798122065728 
0 0.3182218309859155 0.4157863849765258 0.08714788732394366 0.13908450704225353 
0 0.045994718309859156 0.176056338028169 0.08934859154929578 0.1467136150234742 
0 0.7213908450704225 0.07775821596244131 0.09595070422535211 0.1449530516431925 
0 0.8133802816901409 0.07453051643192488 0.09507042253521127 0.13028169014084506 
0 0.222931338028169 0.4125586854460094 0.08758802816901408 0.1431924882629108 
0 0.363556338028169 0.1402582159624413 0.11971830985915492 0.08215962441314555 
0 0.4236355633802817 0.42282863849765256 0.08670774647887323 0.1414319248826291 
0 0.5996919014084507 0.5751173708920188 0.08670774647887323 0.13262910798122066 
0 0.48811619718309857 0.1481807511737089 0.11971830985915492 0.07570422535211267 
0 0.9108714788732394 0.21713615023474178 0.09198943661971831 0.13262910798122066 
0 0.37367957746478875 0.9251760563380281 0.07570422535211267 0.13438967136150234 
0 0.3573943661971831 0.061326291079812204 0.11443661971830986 0.08274647887323944 
0 0.48547535211267606 0.06748826291079812 0.11883802816901408 0.07276995305164319 
0 0.042473591549295774 0.4169600938967136 0.0743838028169014 0.13086854460093897 
0 0.6126760563380281 0.07717136150234742 0.11443661971830986 0.08509389671361503 
0 0.03851232394366197 0.5610328638497653 0.07174295774647887 0.14553990610328638 
0 0.8107394366197183 0.2068661971830986 0.0977112676056338 0.13673708920187794 
0 0.2810299295774648 0.9254694835680751 0.08670774647887323 0.1267605633802817 
0 0.46500880281690143 0.9237089201877934 0.08054577464788733 0.12793427230046947 
0 0.5151848591549296 0.42458920187793425 0.08670774647887323 0.13791079812206572 
0 0.28235035211267606 0.7857981220657277 0.08230633802816902 0.13497652582159625 
0 0.04467429577464789 0.9002347417840375 0.08054577464788733 0.15258215962441316 
0 0.5587588028169014 0.7884389671361502 0.07790492957746478 0.12969483568075119 
0 0.952024647887324 0.8591549295774648 0.09595070422535211 0.25 
0 0.05171654929577465 0.04929577464788732 0.09375 0.09389671361502347 
0 0.13996478873239437 0.05134976525821596 0.08714788732394366 0.10152582159624413 
0 0.24119718309859156 0.05046948356807512 0.09507042253521127 0.09976525821596244 
0 0.9784330985915493 0.2262323943661972 0.040492957746478875 0.1238262910798122 
0 0.6087147887323944 0.153462441314554 0.11003521126760564 0.08039906103286384 
0 0.5563380281690141 0.9231220657276995 0.08538732394366197 0.14084507042253522 
0 0.8703785211267606 0.579225352112676 0.08934859154929578 0.13380281690140844 
0 0.3633362676056338 0.2238849765258216 0.11575704225352113 0.0721830985915493 
0 0.9192341549295775 0.07570422535211267 0.09815140845070422 0.14084507042253522 
0 0.49141725352112675 0.22535211267605634 0.11751760563380281 0.07276995305164319 
0 0.22557218309859156 0.5645539906103286 0.0840669014084507 0.1443661971830986 
0 0.31932218309859156 0.5654342723004695 0.08670774647887323 0.13673708920187794 
0 0.12477992957746478 0.5630868544600939 0.08934859154929578 0.13791079812206572 
0 0.5101232394366197 0.5692488262910798 0.08714788732394366 0.13262910798122066 
0 0.41879401408450706 0.5677816901408451 0.08494718309859155 0.13556338028169015 
0 0.6883802816901409 0.5783450704225352 0.08538732394366197 0.13204225352112675 
0 0.13996478873239437 0.1807511737089202 0.08450704225352113 0.13732394366197184 
0 0.12632042253521128 0.4193075117370892 0.08098591549295775 0.13556338028169015 
0 0.7819102112676056 0.5757042253521126 0.0840669014084507 0.13145539906103287 
0 0.7174295774647887 0.2142018779342723 0.09419014084507042 0.13145539906103287 
0 0.23789612676056338 0.18632629107981222 0.08318661971830986 0.1414319248826291 
0 0.37235915492957744 0.7866784037558685 0.08274647887323944 0.13556338028169015 
0 0.612455985915493 0.23210093896713616 0.12632042253521128 0.07453051643192488 
0 0.47007042253521125 0.7875586854460094 0.07570422535211267 0.12910798122065728 
0 0.3182218309859155 0.4157863849765258 0.08714788732394366 0.13908450704225353 
0 0.045994718309859156 0.176056338028169 0.08934859154929578 0.1467136150234742 
0 0.7213908450704225 0.07775821596244131 0.09595070422535211 0.1449530516431925 
0 0.8133802816901409 0.07453051643192488 0.09507042253521127 0.13028169014084506 
0 0.222931338028169 0.4125586854460094 0.08758802816901408 0.1431924882629108 
0 0.363556338028169 0.1402582159624413 0.11971830985915492 0.08215962441314555 
0 0.4236355633802817 0.42282863849765256 0.08670774647887323 0.1414319248826291 
0 0.5996919014084507 0.5751173708920188 0.08670774647887323 0.13262910798122066 
0 0.48811619718309857 0.1481807511737089 0.11971830985915492 0.07570422535211267 
