0 0.11861795774647887 0.8708920187793427 0.15096830985915494 0.21830985915492956 
0 0.7504401408450704 0.8973004694835681 0.14788732394366197 0.19953051643192488 
0 0.5966109154929577 0.8928990610328639 0.15096830985915494 0.2142018779342723 
0 0.2790492957746479 0.8779342723004695 0.14348591549295775 0.215962441314554 
0 0.9652288732394366 0.903755868544601 0.06778169014084508 0.19131455399061034 
0 0.24031690140845072 0.3835093896713615 0.07922535211267606 0.20363849765258216 
0 0.7282130281690141 0.046948356807511735 0.07086267605633803 0.08685446009389672 
0 0.6505281690140845 0.04518779342723005 0.0801056338028169 0.08333333333333333 
0 0.4394806338028169 0.8820422535211268 0.14392605633802816 0.20892018779342722 
0 0.527068661971831 0.04284037558685446 0.08318661971830986 0.08450704225352113 
0 0.44212147887323944 0.042546948356807515 0.08670774647887323 0.0710093896713615 
0 0.02618838028169014 0.13204225352112675 0.04973591549295775 0.13262910798122066 
0 0.8336267605633803 0.5132042253521126 0.07746478873239436 0.10504694835680752 
0 0.581205985915493 0.1511150234741784 0.08142605633802817 0.125 
0 0.9124119718309859 0.5129107981220657 0.08714788732394366 0.0903755868544601 
0 0.8664172535211268 0.15492957746478872 0.09727112676056338 0.1396713615023474 
0 0.8408890845070423 0.04196009389671362 0.08758802816901408 0.08274647887323944 
0 0.8378080985915493 0.4055164319248826 0.08758802816901408 0.107981220657277 
0 0.5587588028169014 0.4421948356807512 0.17297535211267606 0.2494131455399061 
0 0.7207306338028169 0.4562793427230047 0.1483274647887324 0.20129107981220656 
0 0.3091989436619718 0.7018779342723005 0.11047535211267606 0.12089201877934272 
0 0.6720950704225352 0.1607981220657277 0.08098591549295775 0.12793427230046947 
0 0.10299295774647887 0.1311619718309859 0.07922535211267606 0.125 
0 0.7651848591549296 0.1572769953051643 0.09639084507042253 0.12793427230046947 
0 0.48811619718309857 0.1443661971830986 0.08626760563380281 0.12910798122065728 
0 0.3657570422535211 0.4495305164319249 0.17253521126760563 0.20539906103286384 
0 0.19476232394366197 0.13556338028169015 0.08846830985915492 0.12793427230046947 
0 0.9295774647887324 0.4046361502347418 0.08714788732394366 0.11208920187793427 
0 0.711487676056338 0.7130281690140845 0.12015845070422536 0.1255868544600939 
0 0.11861795774647887 0.8708920187793427 0.15096830985915494 0.21830985915492956 
0 0.7504401408450704 0.8973004694835681 0.14788732394366197 0.19953051643192488 
0 0.5966109154929577 0.8928990610328639 0.15096830985915494 0.2142018779342723 
0 0.2790492957746479 0.8779342723004695 0.14348591549295775 0.215962441314554 
0 0.9652288732394366 0.903755868544601 0.06778169014084508 0.19131455399061034 
0 0.24031690140845072 0.3835093896713615 0.07922535211267606 0.20363849765258216 
0 0.7282130281690141 0.046948356807511735 0.07086267605633803 0.08685446009389672 
0 0.6505281690140845 0.04518779342723005 0.0801056338028169 0.08333333333333333 
0 0.4394806338028169 0.8820422535211268 0.14392605633802816 0.20892018779342722 
0 0.527068661971831 0.04284037558685446 0.08318661971830986 0.08450704225352113 
0 0.44212147887323944 0.042546948356807515 0.08670774647887323 0.0710093896713615 
0 0.02618838028169014 0.13204225352112675 0.04973591549295775 0.13262910798122066 
0 0.8336267605633803 0.5132042253521126 0.07746478873239436 0.10504694835680752 
0 0.581205985915493 0.1511150234741784 0.08142605633802817 0.125 
0 0.9124119718309859 0.5129107981220657 0.08714788732394366 0.0903755868544601 
0 0.8664172535211268 0.15492957746478872 0.09727112676056338 0.1396713615023474 
0 0.8408890845070423 0.04196009389671362 0.08758802816901408 0.08274647887323944 
0 0.8378080985915493 0.4055164319248826 0.08758802816901408 0.107981220657277 
0 0.5587588028169014 0.4421948356807512 0.17297535211267606 0.2494131455399061 
0 0.7207306338028169 0.4562793427230047 0.1483274647887324 0.20129107981220656 
0 0.3091989436619718 0.7018779342723005 0.11047535211267606 0.12089201877934272 
0 0.6720950704225352 0.1607981220657277 0.08098591549295775 0.12793427230046947 
0 0.10299295774647887 0.1311619718309859 0.07922535211267606 0.125 
0 0.7651848591549296 0.1572769953051643 0.09639084507042253 0.12793427230046947 
0 0.48811619718309857 0.1443661971830986 0.08626760563380281 0.12910798122065728 
0 0.3657570422535211 0.4495305164319249 0.17253521126760563 0.20539906103286384 
0 0.19476232394366197 0.13556338028169015 0.08846830985915492 0.12793427230046947 
0 0.9295774647887324 0.4046361502347418 0.08714788732394366 0.11208920187793427 
0 0.711487676056338 0.7130281690140845 0.12015845070422536 0.1255868544600939 
0 0.11861795774647887 0.8708920187793427 0.15096830985915494 0.21830985915492956 
0 0.7504401408450704 0.8973004694835681 0.14788732394366197 0.19953051643192488 
0 0.5966109154929577 0.8928990610328639 0.15096830985915494 0.2142018779342723 
0 0.2790492957746479 0.8779342723004695 0.14348591549295775 0.215962441314554 
0 0.9652288732394366 0.903755868544601 0.06778169014084508 0.19131455399061034 
0 0.24031690140845072 0.3835093896713615 0.07922535211267606 0.20363849765258216 
0 0.7282130281690141 0.046948356807511735 0.07086267605633803 0.08685446009389672 
0 0.6505281690140845 0.04518779342723005 0.0801056338028169 0.08333333333333333 
0 0.4394806338028169 0.8820422535211268 0.14392605633802816 0.20892018779342722 
0 0.527068661971831 0.04284037558685446 0.08318661971830986 0.08450704225352113 
0 0.44212147887323944 0.042546948356807515 0.08670774647887323 0.0710093896713615 
0 0.02618838028169014 0.13204225352112675 0.04973591549295775 0.13262910798122066 
0 0.8336267605633803 0.5132042253521126 0.07746478873239436 0.10504694835680752 
0 0.581205985915493 0.1511150234741784 0.08142605633802817 0.125 
0 0.9124119718309859 0.5129107981220657 0.08714788732394366 0.0903755868544601 
0 0.8664172535211268 0.15492957746478872 0.09727112676056338 0.1396713615023474 
0 0.8408890845070423 0.04196009389671362 0.08758802816901408 0.08274647887323944 
0 0.8378080985915493 0.4055164319248826 0.08758802816901408 0.107981220657277 
0 0.5587588028169014 0.4421948356807512 0.17297535211267606 0.2494131455399061 
0 0.7207306338028169 0.4562793427230047 0.1483274647887324 0.20129107981220656 
0 0.3091989436619718 0.7018779342723005 0.11047535211267606 0.12089201877934272 
0 0.6720950704225352 0.1607981220657277 0.08098591549295775 0.12793427230046947 
0 0.10299295774647887 0.1311619718309859 0.07922535211267606 0.125 
0 0.7651848591549296 0.1572769953051643 0.09639084507042253 0.12793427230046947 
0 0.48811619718309857 0.1443661971830986 0.08626760563380281 0.12910798122065728 
0 0.3657570422535211 0.4495305164319249 0.17253521126760563 0.20539906103286384 
0 0.19476232394366197 0.13556338028169015 0.08846830985915492 0.12793427230046947 
0 0.9295774647887324 0.4046361502347418 0.08714788732394366 0.11208920187793427 
0 0.711487676056338 0.7130281690140845 0.12015845070422536 0.1255868544600939 
