0 0.9113116197183099 0.9122652582159625 0.09022887323943662 0.08744131455399061 
0 0.03961267605633803 0.2153755868544601 0.07394366197183098 0.12910798122065728 
0 0.040272887323943664 0.07247652582159625 0.07966549295774648 0.1437793427230047 
0 0.8930457746478874 0.198943661971831 0.11355633802816902 0.18661971830985916 
0 0.8254841549295775 0.8057511737089202 0.08230633802816902 0.11502347417840375 
0 0.545774647887324 0.8585680751173709 0.1602112676056338 0.2300469483568075 
0 0.7066461267605634 0.8585680751173709 0.15272887323943662 0.2335680751173709 
0 0.35805457746478875 0.8553403755868545 0.16681338028169015 0.24237089201877934 
0 0.8934859154929577 0.562206572769953 0.03345070422535211 0.12206572769953052 
0 0.9768926056338029 0.8101525821596244 0.0409330985915493 0.0886150234741784 
0 0.762544014084507 0.028462441314553992 0.12279929577464789 0.052230046948356805 
0 0.029049295774647887 0.5671948356807511 0.05545774647887324 0.12969483568075119 
0 0.7090669014084507 0.4539319248826291 0.0721830985915493 0.11913145539906103 
0 0.9511443661971831 0.44835680751173707 0.07658450704225352 0.11150234741784038 
0 0.9788732394366197 0.9169600938967136 0.03961267605633803 0.10974178403755869 
0 0.3188820422535211 0.07922535211267606 0.08230633802816902 0.1396713615023474 
0 0.23415492957746478 0.7990023474178404 0.10915492957746478 0.18485915492957747 
0 0.8213028169014085 0.9163732394366197 0.06866197183098592 0.10035211267605634 
0 0.4185739436619718 0.07893192488262911 0.09242957746478873 0.15316901408450703 
0 0.5169454225352113 0.08333333333333333 0.09198943661971831 0.14084507042253522 
0 0.8397887323943662 0.5733568075117371 0.0880281690140845 0.13380281690140844 
0 0.742737676056338 0.5812793427230047 0.0761443661971831 0.11561032863849766 
0 0.8109595070422535 0.443075117370892 0.07878521126760564 0.13732394366197184 
0 0.9753521126760564 0.573650234741784 0.04841549295774648 0.12030516431924883 
0 0.765625 0.25 0.1113556338028169 0.06690140845070422 
0 0.6514084507042254 0.5824530516431925 0.07922535211267606 0.10856807511737089 
0 0.125 0.20657276995305165 0.08714788732394366 0.13028169014084506 
0 0.5191461267605634 0.21566901408450703 0.09022887323943662 0.1238262910798122 
0 0.21434859154929578 0.21097417840375587 0.09066901408450705 0.12852112676056338 
0 0.31514084507042256 0.2092136150234742 0.09242957746478873 0.1273474178403756 
0 0.5706426056338029 0.5806924882629108 0.0761443661971831 0.11561032863849766 
0 0.10585387323943662 0.5674882629107981 0.08494718309859155 0.1267605633802817 
0 0.4300176056338028 0.4518779342723005 0.08362676056338028 0.11619718309859155 
0 0.414612676056338 0.21273474178403756 0.09330985915492958 0.125 
0 0.47755281690140844 0.5745305164319249 0.0880281690140845 0.11267605633802817 
0 0.5136443661971831 0.44865023474178406 0.07570422535211267 0.12030516431924883 
0 0.6313820422535211 0.44865023474178406 0.0743838028169014 0.1073943661971831 
0 0.22007042253521128 0.07365023474178403 0.09330985915492958 0.13673708920187794 
0 0.7660651408450704 0.09624413145539906 0.10871478873239436 0.07981220657276995 
0 0.18595950704225353 0.5698356807511737 0.08230633802816902 0.12206572769953052 
0 0.7634242957746479 0.17546948356807512 0.11839788732394366 0.07042253521126761 
0 0.9075704225352113 0.8028169014084507 0.0801056338028169 0.10093896713615023 
0 0.12786091549295775 0.06778169014084508 0.08318661971830986 0.13438967136150234 
0 0.9113116197183099 0.9122652582159625 0.09022887323943662 0.08744131455399061 
0 0.03961267605633803 0.2153755868544601 0.07394366197183098 0.12910798122065728 
0 0.040272887323943664 0.07247652582159625 0.07966549295774648 0.1437793427230047 
0 0.8930457746478874 0.198943661971831 0.11355633802816902 0.18661971830985916 
0 0.8254841549295775 0.8057511737089202 0.08230633802816902 0.11502347417840375 
0 0.545774647887324 0.8585680751173709 0.1602112676056338 0.2300469483568075 
0 0.7066461267605634 0.8585680751173709 0.15272887323943662 0.2335680751173709 
0 0.35805457746478875 0.8553403755868545 0.16681338028169015 0.24237089201877934 
0 0.8934859154929577 0.562206572769953 0.03345070422535211 0.12206572769953052 
0 0.9768926056338029 0.8101525821596244 0.0409330985915493 0.0886150234741784 
0 0.762544014084507 0.028462441314553992 0.12279929577464789 0.052230046948356805 
0 0.029049295774647887 0.5671948356807511 0.05545774647887324 0.12969483568075119 
0 0.7090669014084507 0.4539319248826291 0.0721830985915493 0.11913145539906103 
0 0.9511443661971831 0.44835680751173707 0.07658450704225352 0.11150234741784038 
0 0.9788732394366197 0.9169600938967136 0.03961267605633803 0.10974178403755869 
0 0.3188820422535211 0.07922535211267606 0.08230633802816902 0.1396713615023474 
0 0.23415492957746478 0.7990023474178404 0.10915492957746478 0.18485915492957747 
0 0.8213028169014085 0.9163732394366197 0.06866197183098592 0.10035211267605634 
0 0.4185739436619718 0.07893192488262911 0.09242957746478873 0.15316901408450703 
0 0.5169454225352113 0.08333333333333333 0.09198943661971831 0.14084507042253522 
0 0.8397887323943662 0.5733568075117371 0.0880281690140845 0.13380281690140844 
0 0.742737676056338 0.5812793427230047 0.0761443661971831 0.11561032863849766 
0 0.8109595070422535 0.443075117370892 0.07878521126760564 0.13732394366197184 
0 0.9753521126760564 0.573650234741784 0.04841549295774648 0.12030516431924883 
0 0.765625 0.25 0.1113556338028169 0.06690140845070422 
0 0.6514084507042254 0.5824530516431925 0.07922535211267606 0.10856807511737089 
0 0.125 0.20657276995305165 0.08714788732394366 0.13028169014084506 
0 0.5191461267605634 0.21566901408450703 0.09022887323943662 0.1238262910798122 
0 0.21434859154929578 0.21097417840375587 0.09066901408450705 0.12852112676056338 
0 0.31514084507042256 0.2092136150234742 0.09242957746478873 0.1273474178403756 
0 0.5706426056338029 0.5806924882629108 0.0761443661971831 0.11561032863849766 
0 0.10585387323943662 0.5674882629107981 0.08494718309859155 0.1267605633802817 
0 0.4300176056338028 0.4518779342723005 0.08362676056338028 0.11619718309859155 
0 0.414612676056338 0.21273474178403756 0.09330985915492958 0.125 
0 0.47755281690140844 0.5745305164319249 0.0880281690140845 0.11267605633802817 
0 0.5136443661971831 0.44865023474178406 0.07570422535211267 0.12030516431924883 
0 0.6313820422535211 0.44865023474178406 0.0743838028169014 0.1073943661971831 
0 0.22007042253521128 0.07365023474178403 0.09330985915492958 0.13673708920187794 
0 0.7660651408450704 0.09624413145539906 0.10871478873239436 0.07981220657276995 
0 0.18595950704225353 0.5698356807511737 0.08230633802816902 0.12206572769953052 
0 0.7634242957746479 0.17546948356807512 0.11839788732394366 0.07042253521126761 
0 0.9075704225352113 0.8028169014084507 0.0801056338028169 0.10093896713615023 
0 0.12786091549295775 0.06778169014084508 0.08318661971830986 0.13438967136150234 
0 0.9113116197183099 0.9122652582159625 0.09022887323943662 0.08744131455399061 
0 0.03961267605633803 0.2153755868544601 0.07394366197183098 0.12910798122065728 
0 0.040272887323943664 0.07247652582159625 0.07966549295774648 0.1437793427230047 
0 0.8930457746478874 0.198943661971831 0.11355633802816902 0.18661971830985916 
0 0.8254841549295775 0.8057511737089202 0.08230633802816902 0.11502347417840375 
0 0.545774647887324 0.8585680751173709 0.1602112676056338 0.2300469483568075 
0 0.7066461267605634 0.8585680751173709 0.15272887323943662 0.2335680751173709 
0 0.35805457746478875 0.8553403755868545 0.16681338028169015 0.24237089201877934 
0 0.8934859154929577 0.562206572769953 0.03345070422535211 0.12206572769953052 
0 0.9768926056338029 0.8101525821596244 0.0409330985915493 0.0886150234741784 
0 0.762544014084507 0.028462441314553992 0.12279929577464789 0.052230046948356805 
0 0.029049295774647887 0.5671948356807511 0.05545774647887324 0.12969483568075119 
0 0.7090669014084507 0.4539319248826291 0.0721830985915493 0.11913145539906103 
0 0.9511443661971831 0.44835680751173707 0.07658450704225352 0.11150234741784038 
0 0.9788732394366197 0.9169600938967136 0.03961267605633803 0.10974178403755869 
0 0.3188820422535211 0.07922535211267606 0.08230633802816902 0.1396713615023474 
0 0.23415492957746478 0.7990023474178404 0.10915492957746478 0.18485915492957747 
0 0.8213028169014085 0.9163732394366197 0.06866197183098592 0.10035211267605634 
0 0.4185739436619718 0.07893192488262911 0.09242957746478873 0.15316901408450703 
0 0.5169454225352113 0.08333333333333333 0.09198943661971831 0.14084507042253522 
0 0.8397887323943662 0.5733568075117371 0.0880281690140845 0.13380281690140844 
0 0.742737676056338 0.5812793427230047 0.0761443661971831 0.11561032863849766 
0 0.8109595070422535 0.443075117370892 0.07878521126760564 0.13732394366197184 
0 0.9753521126760564 0.573650234741784 0.04841549295774648 0.12030516431924883 
0 0.765625 0.25 0.1113556338028169 0.06690140845070422 
0 0.6514084507042254 0.5824530516431925 0.07922535211267606 0.10856807511737089 
0 0.125 0.20657276995305165 0.08714788732394366 0.13028169014084506 
0 0.5191461267605634 0.21566901408450703 0.09022887323943662 0.1238262910798122 
0 0.21434859154929578 0.21097417840375587 0.09066901408450705 0.12852112676056338 
0 0.31514084507042256 0.2092136150234742 0.09242957746478873 0.1273474178403756 
0 0.5706426056338029 0.5806924882629108 0.0761443661971831 0.11561032863849766 
0 0.10585387323943662 0.5674882629107981 0.08494718309859155 0.1267605633802817 
0 0.4300176056338028 0.4518779342723005 0.08362676056338028 0.11619718309859155 
0 0.414612676056338 0.21273474178403756 0.09330985915492958 0.125 
0 0.47755281690140844 0.5745305164319249 0.0880281690140845 0.11267605633802817 
0 0.5136443661971831 0.44865023474178406 0.07570422535211267 0.12030516431924883 
0 0.6313820422535211 0.44865023474178406 0.0743838028169014 0.1073943661971831 
0 0.22007042253521128 0.07365023474178403 0.09330985915492958 0.13673708920187794 
0 0.7660651408450704 0.09624413145539906 0.10871478873239436 0.07981220657276995 
0 0.18595950704225353 0.5698356807511737 0.08230633802816902 0.12206572769953052 
0 0.7634242957746479 0.17546948356807512 0.11839788732394366 0.07042253521126761 
0 0.9075704225352113 0.8028169014084507 0.0801056338028169 0.10093896713615023 
0 0.12786091549295775 0.06778169014084508 0.08318661971830986 0.13438967136150234 
