0 0.9544454225352113 0.38497652582159625 0.09022887323943662 0.2476525821596244 
0 0.4982394366197183 0.142018779342723 0.12764084507042253 0.13732394366197184 
0 0.9524647887323944 0.17458920187793428 0.09507042253521127 0.16255868544600938 
0 0.6419454225352113 0.1698943661971831 0.1483274647887324 0.1813380281690141 
0 0.5202464788732394 0.7488262910798122 0.14348591549295775 0.23943661971830985 
0 0.1329225352112676 0.170481220657277 0.16549295774647887 0.20129107981220656 
0 0.8411091549295775 0.3931924882629108 0.12764084507042253 0.22887323943661972 
0 0.14084507042253522 0.3926056338028169 0.1936619718309859 0.2347417840375587 
0 0.46016725352112675 0.39818075117370894 0.1800176056338028 0.23650234741784038 
0 0.0994718309859155 0.738849765258216 0.13468309859154928 0.24413145539906103 
0 0.6357834507042254 0.3415492957746479 0.1500880281690141 0.15845070422535212 
0 0.9544454225352113 0.38497652582159625 0.09022887323943662 0.2476525821596244 
0 0.4982394366197183 0.142018779342723 0.12764084507042253 0.13732394366197184 
0 0.9524647887323944 0.17458920187793428 0.09507042253521127 0.16255868544600938 
0 0.6419454225352113 0.1698943661971831 0.1483274647887324 0.1813380281690141 
0 0.5202464788732394 0.7488262910798122 0.14348591549295775 0.23943661971830985 
0 0.1329225352112676 0.170481220657277 0.16549295774647887 0.20129107981220656 
0 0.8411091549295775 0.3931924882629108 0.12764084507042253 0.22887323943661972 
0 0.14084507042253522 0.3926056338028169 0.1936619718309859 0.2347417840375587 
0 0.46016725352112675 0.39818075117370894 0.1800176056338028 0.23650234741784038 
0 0.0994718309859155 0.738849765258216 0.13468309859154928 0.24413145539906103 
0 0.6357834507042254 0.3415492957746479 0.1500880281690141 0.15845070422535212 
0 0.9544454225352113 0.38497652582159625 0.09022887323943662 0.2476525821596244 
0 0.4982394366197183 0.142018779342723 0.12764084507042253 0.13732394366197184 
0 0.9524647887323944 0.17458920187793428 0.09507042253521127 0.16255868544600938 
0 0.6419454225352113 0.1698943661971831 0.1483274647887324 0.1813380281690141 
0 0.5202464788732394 0.7488262910798122 0.14348591549295775 0.23943661971830985 
0 0.1329225352112676 0.170481220657277 0.16549295774647887 0.20129107981220656 
0 0.8411091549295775 0.3931924882629108 0.12764084507042253 0.22887323943661972 
0 0.14084507042253522 0.3926056338028169 0.1936619718309859 0.2347417840375587 
0 0.46016725352112675 0.39818075117370894 0.1800176056338028 0.23650234741784038 
0 0.0994718309859155 0.738849765258216 0.13468309859154928 0.24413145539906103 
0 0.6357834507042254 0.3415492957746479 0.1500880281690141 0.15845070422535212 
