0 0.9401408450704225 0.02992957746478873 0.08714788732394366 0.05868544600938967 
0 0.06690140845070422 0.8571009389671361 0.09154929577464789 0.19307511737089203 
0 0.3527728873239437 0.8538732394366197 0.07262323943661972 0.14553990610328638 
0 0.18397887323943662 0.8562206572769953 0.08450704225352113 0.14553990610328638 
0 0.9652288732394366 0.8494718309859155 0.06954225352112677 0.2153755868544601 
0 0.05501760563380282 0.2984154929577465 0.07394366197183098 0.13086854460093897 
0 0.3534330985915493 0.7370892018779343 0.09066901408450705 0.07394366197183098 
0 0.21170774647887325 0.054870892018779344 0.09683098591549295 0.10387323943661972 
0 0.9672095070422535 0.3174882629107981 0.06470070422535211 0.10446009389671361 
0 0.43067781690140844 0.8802816901408451 0.09375 0.19248826291079812 
0 0.16703345070422534 0.744131455399061 0.09022887323943662 0.09389671361502347 
0 0.6335827464788732 0.8526995305164319 0.11399647887323944 0.1936619718309859 
0 0.7130281690140845 0.3421361502347418 0.1382042253521127 0.14788732394366197 
0 0.9625880281690141 0.5360915492957746 0.0721830985915493 0.19307511737089203 
0 0.8411091549295775 0.11971830985915492 0.07922535211267606 0.10093896713615023 
0 0.42627640845070425 0.5178990610328639 0.15096830985915494 0.20715962441314553 
0 0.2704665492957746 0.5214201877934272 0.14920774647887325 0.20481220657276994 
0 0.11091549295774648 0.5132042253521126 0.14700704225352113 0.20246478873239437 
0 0.5878080985915493 0.5316901408450704 0.14656690140845072 0.2007042253521127 
0 0.2962147887323944 0.3204225352112676 0.12147887323943662 0.16549295774647887 
0 0.7460387323943662 0.528462441314554 0.15492957746478872 0.20011737089201878 
0 0.5477552816901409 0.08274647887323944 0.17033450704225353 0.1643192488262911 
0 0.2706866197183099 0.8251173708920188 0.07746478873239436 0.1784037558685446 
0 0.9293573943661971 0.125 0.08934859154929578 0.09741784037558686 
0 0.3516725352112676 0.07717136150234742 0.18397887323943662 0.15316901408450703 
0 0.8525528169014085 0.03169014084507042 0.0897887323943662 0.062206572769953054 
0 0.7169894366197183 0.08480046948356808 0.15757042253521128 0.16842723004694835 
0 0.9401408450704225 0.02992957746478873 0.08714788732394366 0.05868544600938967 
0 0.06690140845070422 0.8571009389671361 0.09154929577464789 0.19307511737089203 
0 0.3527728873239437 0.8538732394366197 0.07262323943661972 0.14553990610328638 
0 0.18397887323943662 0.8562206572769953 0.08450704225352113 0.14553990610328638 
0 0.9652288732394366 0.8494718309859155 0.06954225352112677 0.2153755868544601 
0 0.05501760563380282 0.2984154929577465 0.07394366197183098 0.13086854460093897 
0 0.3534330985915493 0.7370892018779343 0.09066901408450705 0.07394366197183098 
0 0.21170774647887325 0.054870892018779344 0.09683098591549295 0.10387323943661972 
0 0.9672095070422535 0.3174882629107981 0.06470070422535211 0.10446009389671361 
0 0.43067781690140844 0.8802816901408451 0.09375 0.19248826291079812 
0 0.16703345070422534 0.744131455399061 0.09022887323943662 0.09389671361502347 
0 0.6335827464788732 0.8526995305164319 0.11399647887323944 0.1936619718309859 
0 0.7130281690140845 0.3421361502347418 0.1382042253521127 0.14788732394366197 
0 0.9625880281690141 0.5360915492957746 0.0721830985915493 0.19307511737089203 
0 0.8411091549295775 0.11971830985915492 0.07922535211267606 0.10093896713615023 
0 0.42627640845070425 0.5178990610328639 0.15096830985915494 0.20715962441314553 
0 0.2704665492957746 0.5214201877934272 0.14920774647887325 0.20481220657276994 
0 0.11091549295774648 0.5132042253521126 0.14700704225352113 0.20246478873239437 
0 0.5878080985915493 0.5316901408450704 0.14656690140845072 0.2007042253521127 
0 0.2962147887323944 0.3204225352112676 0.12147887323943662 0.16549295774647887 
0 0.7460387323943662 0.528462441314554 0.15492957746478872 0.20011737089201878 
0 0.5477552816901409 0.08274647887323944 0.17033450704225353 0.1643192488262911 
0 0.2706866197183099 0.8251173708920188 0.07746478873239436 0.1784037558685446 
0 0.9293573943661971 0.125 0.08934859154929578 0.09741784037558686 
0 0.3516725352112676 0.07717136150234742 0.18397887323943662 0.15316901408450703 
0 0.8525528169014085 0.03169014084507042 0.0897887323943662 0.062206572769953054 
0 0.7169894366197183 0.08480046948356808 0.15757042253521128 0.16842723004694835 
0 0.9401408450704225 0.02992957746478873 0.08714788732394366 0.05868544600938967 
0 0.06690140845070422 0.8571009389671361 0.09154929577464789 0.19307511737089203 
0 0.3527728873239437 0.8538732394366197 0.07262323943661972 0.14553990610328638 
0 0.18397887323943662 0.8562206572769953 0.08450704225352113 0.14553990610328638 
0 0.9652288732394366 0.8494718309859155 0.06954225352112677 0.2153755868544601 
0 0.05501760563380282 0.2984154929577465 0.07394366197183098 0.13086854460093897 
0 0.3534330985915493 0.7370892018779343 0.09066901408450705 0.07394366197183098 
0 0.21170774647887325 0.054870892018779344 0.09683098591549295 0.10387323943661972 
0 0.9672095070422535 0.3174882629107981 0.06470070422535211 0.10446009389671361 
0 0.43067781690140844 0.8802816901408451 0.09375 0.19248826291079812 
0 0.16703345070422534 0.744131455399061 0.09022887323943662 0.09389671361502347 
0 0.6335827464788732 0.8526995305164319 0.11399647887323944 0.1936619718309859 
0 0.7130281690140845 0.3421361502347418 0.1382042253521127 0.14788732394366197 
0 0.9625880281690141 0.5360915492957746 0.0721830985915493 0.19307511737089203 
0 0.8411091549295775 0.11971830985915492 0.07922535211267606 0.10093896713615023 
0 0.42627640845070425 0.5178990610328639 0.15096830985915494 0.20715962441314553 
0 0.2704665492957746 0.5214201877934272 0.14920774647887325 0.20481220657276994 
0 0.11091549295774648 0.5132042253521126 0.14700704225352113 0.20246478873239437 
0 0.5878080985915493 0.5316901408450704 0.14656690140845072 0.2007042253521127 
0 0.2962147887323944 0.3204225352112676 0.12147887323943662 0.16549295774647887 
0 0.7460387323943662 0.528462441314554 0.15492957746478872 0.20011737089201878 
0 0.5477552816901409 0.08274647887323944 0.17033450704225353 0.1643192488262911 
0 0.2706866197183099 0.8251173708920188 0.07746478873239436 0.1784037558685446 
0 0.9293573943661971 0.125 0.08934859154929578 0.09741784037558686 
0 0.3516725352112676 0.07717136150234742 0.18397887323943662 0.15316901408450703 
0 0.8525528169014085 0.03169014084507042 0.0897887323943662 0.062206572769953054 
0 0.7169894366197183 0.08480046948356808 0.15757042253521128 0.16842723004694835 
