0 0.6582306338028169 0.1431924882629108 0.0761443661971831 0.14084507042253522 
0 0.10629401408450705 0.4536384976525822 0.07086267605633803 0.12910798122065728 
0 0.5123239436619719 0.5988849765258216 0.07570422535211267 0.11326291079812206 
0 0.3534330985915493 0.4583333333333333 0.0721830985915493 0.11971830985915492 
0 0.8952464788732394 0.28726525821596244 0.0721830985915493 0.11561032863849766 
0 0.7244718309859155 0.4744718309859155 0.06866197183098592 0.11795774647887323 
0 0.9617077464788732 0.477406103286385 0.07658450704225352 0.11561032863849766 
0 0.1073943661971831 0.5836267605633803 0.07746478873239436 0.11326291079812206 
0 0.8840228873239436 0.4779929577464789 0.06470070422535211 0.12265258215962441 
0 0.3257042253521127 0.12705399061032863 0.08098591549295775 0.13321596244131456 
0 0.4392605633802817 0.46332159624413144 0.07834507042253522 0.11913145539906103 
0 0.9742517605633803 0.9063967136150235 0.04621478873239437 0.17781690140845072 
0 0.03147007042253521 0.45305164319248825 0.06029929577464789 0.11737089201877934 
0 0.018926056338028168 0.26379107981220656 0.03697183098591549 0.12147887323943662 
0 0.8716989436619719 0.6006455399061033 0.07086267605633803 0.11561032863849766 
0 0.7981954225352113 0.46919014084507044 0.07174295774647887 0.11326291079812206 
0 0.9502640845070423 0.6032863849765259 0.07130281690140845 0.11032863849765258 
0 0.9784330985915493 0.2943075117370892 0.03873239436619718 0.11678403755868545 
0 0.11025528169014084 0.9069835680751174 0.12015845070422536 0.15786384976525822 
0 0.24691901408450703 0.9539319248826291 0.15316901408450703 0.0886150234741784 
0 0.8796214788732394 0.914906103286385 0.12455985915492958 0.16314553990610328 
0 0.034991197183098594 0.5815727699530516 0.06910211267605634 0.11737089201877934 
0 0.5242077464788732 0.47681924882629106 0.08274647887323944 0.12852112676056338 
0 0.43221830985915494 0.5950704225352113 0.0721830985915493 0.12323943661971831 
0 0.273987676056338 0.5862676056338029 0.07526408450704225 0.11971830985915492 
0 0.4898767605633803 0.1340962441314554 0.06778169014084508 0.13438967136150234 
0 0.8160211267605634 0.2925469483568075 0.06426056338028169 0.12030516431924883 
0 0.5653609154929577 0.272887323943662 0.0743838028169014 0.12206572769953052 
0 0.40669014084507044 0.26789906103286387 0.08098591549295775 0.1238262910798122 
0 0.48393485915492956 0.272887323943662 0.06998239436619719 0.12910798122065728 
0 0.18617957746478872 0.4536384976525822 0.0818661971830986 0.12206572769953052 
0 0.735475352112676 0.2857981220657277 0.0721830985915493 0.13028169014084506 
0 0.35255281690140844 0.5871478873239436 0.06866197183098592 0.11208920187793427 
0 0.5717429577464789 0.13761737089201878 0.07306338028169014 0.13321596244131456 
0 0.23723591549295775 0.8031103286384976 0.1443661971830986 0.17077464788732394 
0 0.7403169014084507 0.14847417840375587 0.07394366197183098 0.13028169014084506 
0 0.07724471830985916 0.26965962441314556 0.07526408450704225 0.11678403755868545 
0 0.2420774647887324 0.2676056338028169 0.07658450704225352 0.11737089201877934 
0 0.7282130281690141 0.596537558685446 0.07086267605633803 0.12030516431924883 
0 0.6549295774647887 0.2813967136150235 0.07130281690140845 0.11795774647887323 
0 0.4011883802816901 0.8145539906103286 0.09463028169014084 0.14084507042253522 
0 0.40625 0.12411971830985916 0.07746478873239436 0.13908450704225353 
0 0.32130281690140844 0.2664319248826291 0.07570422535211267 0.11971830985915492 
0 0.23965669014084506 0.13233568075117372 0.07702464788732394 0.1437793427230047 
0 0.07306338028169014 0.1273474178403756 0.08098591549295775 0.13615023474178403 
0 0.15933098591549297 0.26555164319248825 0.07570422535211267 0.11561032863849766 
0 0.9075704225352113 0.15375586854460094 0.08362676056338028 0.12910798122065728 
0 0.799955985915493 0.5900821596244131 0.07086267605633803 0.12147887323943662 
0 0.8230633802816901 0.15698356807511737 0.07746478873239436 0.13204225352112675 
0 0.15492957746478872 0.12969483568075119 0.07482394366197183 0.13380281690140844 
0 0.19014084507042253 0.5862676056338029 0.08098591549295775 0.12323943661971831 
0 0.27178697183098594 0.4592136150234742 0.07966549295774648 0.11091549295774648 
0 0.8974471830985915 0.7617370892018779 0.08890845070422536 0.06807511737089202 
0 0.6582306338028169 0.1431924882629108 0.0761443661971831 0.14084507042253522 
0 0.10629401408450705 0.4536384976525822 0.07086267605633803 0.12910798122065728 
0 0.5123239436619719 0.5988849765258216 0.07570422535211267 0.11326291079812206 
0 0.3534330985915493 0.4583333333333333 0.0721830985915493 0.11971830985915492 
0 0.8952464788732394 0.28726525821596244 0.0721830985915493 0.11561032863849766 
0 0.7244718309859155 0.4744718309859155 0.06866197183098592 0.11795774647887323 
0 0.9617077464788732 0.477406103286385 0.07658450704225352 0.11561032863849766 
0 0.1073943661971831 0.5836267605633803 0.07746478873239436 0.11326291079812206 
0 0.8840228873239436 0.4779929577464789 0.06470070422535211 0.12265258215962441 
0 0.3257042253521127 0.12705399061032863 0.08098591549295775 0.13321596244131456 
0 0.4392605633802817 0.46332159624413144 0.07834507042253522 0.11913145539906103 
0 0.9742517605633803 0.9063967136150235 0.04621478873239437 0.17781690140845072 
0 0.03147007042253521 0.45305164319248825 0.06029929577464789 0.11737089201877934 
0 0.018926056338028168 0.26379107981220656 0.03697183098591549 0.12147887323943662 
0 0.8716989436619719 0.6006455399061033 0.07086267605633803 0.11561032863849766 
0 0.7981954225352113 0.46919014084507044 0.07174295774647887 0.11326291079812206 
0 0.9502640845070423 0.6032863849765259 0.07130281690140845 0.11032863849765258 
0 0.9784330985915493 0.2943075117370892 0.03873239436619718 0.11678403755868545 
0 0.11025528169014084 0.9069835680751174 0.12015845070422536 0.15786384976525822 
0 0.24691901408450703 0.9539319248826291 0.15316901408450703 0.0886150234741784 
0 0.8796214788732394 0.914906103286385 0.12455985915492958 0.16314553990610328 
0 0.034991197183098594 0.5815727699530516 0.06910211267605634 0.11737089201877934 
0 0.5242077464788732 0.47681924882629106 0.08274647887323944 0.12852112676056338 
0 0.43221830985915494 0.5950704225352113 0.0721830985915493 0.12323943661971831 
0 0.273987676056338 0.5862676056338029 0.07526408450704225 0.11971830985915492 
0 0.4898767605633803 0.1340962441314554 0.06778169014084508 0.13438967136150234 
0 0.8160211267605634 0.2925469483568075 0.06426056338028169 0.12030516431924883 
0 0.5653609154929577 0.272887323943662 0.0743838028169014 0.12206572769953052 
0 0.40669014084507044 0.26789906103286387 0.08098591549295775 0.1238262910798122 
0 0.48393485915492956 0.272887323943662 0.06998239436619719 0.12910798122065728 
0 0.18617957746478872 0.4536384976525822 0.0818661971830986 0.12206572769953052 
0 0.735475352112676 0.2857981220657277 0.0721830985915493 0.13028169014084506 
0 0.35255281690140844 0.5871478873239436 0.06866197183098592 0.11208920187793427 
0 0.5717429577464789 0.13761737089201878 0.07306338028169014 0.13321596244131456 
0 0.23723591549295775 0.8031103286384976 0.1443661971830986 0.17077464788732394 
0 0.7403169014084507 0.14847417840375587 0.07394366197183098 0.13028169014084506 
0 0.07724471830985916 0.26965962441314556 0.07526408450704225 0.11678403755868545 
0 0.2420774647887324 0.2676056338028169 0.07658450704225352 0.11737089201877934 
0 0.7282130281690141 0.596537558685446 0.07086267605633803 0.12030516431924883 
0 0.6549295774647887 0.2813967136150235 0.07130281690140845 0.11795774647887323 
0 0.4011883802816901 0.8145539906103286 0.09463028169014084 0.14084507042253522 
0 0.40625 0.12411971830985916 0.07746478873239436 0.13908450704225353 
0 0.32130281690140844 0.2664319248826291 0.07570422535211267 0.11971830985915492 
0 0.23965669014084506 0.13233568075117372 0.07702464788732394 0.1437793427230047 
0 0.07306338028169014 0.1273474178403756 0.08098591549295775 0.13615023474178403 
0 0.15933098591549297 0.26555164319248825 0.07570422535211267 0.11561032863849766 
0 0.9075704225352113 0.15375586854460094 0.08362676056338028 0.12910798122065728 
0 0.799955985915493 0.5900821596244131 0.07086267605633803 0.12147887323943662 
0 0.8230633802816901 0.15698356807511737 0.07746478873239436 0.13204225352112675 
0 0.15492957746478872 0.12969483568075119 0.07482394366197183 0.13380281690140844 
0 0.19014084507042253 0.5862676056338029 0.08098591549295775 0.12323943661971831 
0 0.27178697183098594 0.4592136150234742 0.07966549295774648 0.11091549295774648 
0 0.8974471830985915 0.7617370892018779 0.08890845070422536 0.06807511737089202 
0 0.6582306338028169 0.1431924882629108 0.0761443661971831 0.14084507042253522 
0 0.10629401408450705 0.4536384976525822 0.07086267605633803 0.12910798122065728 
0 0.5123239436619719 0.5988849765258216 0.07570422535211267 0.11326291079812206 
0 0.3534330985915493 0.4583333333333333 0.0721830985915493 0.11971830985915492 
0 0.8952464788732394 0.28726525821596244 0.0721830985915493 0.11561032863849766 
0 0.7244718309859155 0.4744718309859155 0.06866197183098592 0.11795774647887323 
0 0.9617077464788732 0.477406103286385 0.07658450704225352 0.11561032863849766 
0 0.1073943661971831 0.5836267605633803 0.07746478873239436 0.11326291079812206 
0 0.8840228873239436 0.4779929577464789 0.06470070422535211 0.12265258215962441 
0 0.3257042253521127 0.12705399061032863 0.08098591549295775 0.13321596244131456 
0 0.4392605633802817 0.46332159624413144 0.07834507042253522 0.11913145539906103 
0 0.9742517605633803 0.9063967136150235 0.04621478873239437 0.17781690140845072 
0 0.03147007042253521 0.45305164319248825 0.06029929577464789 0.11737089201877934 
0 0.018926056338028168 0.26379107981220656 0.03697183098591549 0.12147887323943662 
0 0.8716989436619719 0.6006455399061033 0.07086267605633803 0.11561032863849766 
0 0.7981954225352113 0.46919014084507044 0.07174295774647887 0.11326291079812206 
0 0.9502640845070423 0.6032863849765259 0.07130281690140845 0.11032863849765258 
0 0.9784330985915493 0.2943075117370892 0.03873239436619718 0.11678403755868545 
0 0.11025528169014084 0.9069835680751174 0.12015845070422536 0.15786384976525822 
0 0.24691901408450703 0.9539319248826291 0.15316901408450703 0.0886150234741784 
0 0.8796214788732394 0.914906103286385 0.12455985915492958 0.16314553990610328 
0 0.034991197183098594 0.5815727699530516 0.06910211267605634 0.11737089201877934 
0 0.5242077464788732 0.47681924882629106 0.08274647887323944 0.12852112676056338 
0 0.43221830985915494 0.5950704225352113 0.0721830985915493 0.12323943661971831 
0 0.273987676056338 0.5862676056338029 0.07526408450704225 0.11971830985915492 
0 0.4898767605633803 0.1340962441314554 0.06778169014084508 0.13438967136150234 
0 0.8160211267605634 0.2925469483568075 0.06426056338028169 0.12030516431924883 
0 0.5653609154929577 0.272887323943662 0.0743838028169014 0.12206572769953052 
0 0.40669014084507044 0.26789906103286387 0.08098591549295775 0.1238262910798122 
0 0.48393485915492956 0.272887323943662 0.06998239436619719 0.12910798122065728 
0 0.18617957746478872 0.4536384976525822 0.0818661971830986 0.12206572769953052 
0 0.735475352112676 0.2857981220657277 0.0721830985915493 0.13028169014084506 
0 0.35255281690140844 0.5871478873239436 0.06866197183098592 0.11208920187793427 
0 0.5717429577464789 0.13761737089201878 0.07306338028169014 0.13321596244131456 
0 0.23723591549295775 0.8031103286384976 0.1443661971830986 0.17077464788732394 
0 0.7403169014084507 0.14847417840375587 0.07394366197183098 0.13028169014084506 
0 0.07724471830985916 0.26965962441314556 0.07526408450704225 0.11678403755868545 
0 0.2420774647887324 0.2676056338028169 0.07658450704225352 0.11737089201877934 
0 0.7282130281690141 0.596537558685446 0.07086267605633803 0.12030516431924883 
0 0.6549295774647887 0.2813967136150235 0.07130281690140845 0.11795774647887323 
0 0.4011883802816901 0.8145539906103286 0.09463028169014084 0.14084507042253522 
0 0.40625 0.12411971830985916 0.07746478873239436 0.13908450704225353 
0 0.32130281690140844 0.2664319248826291 0.07570422535211267 0.11971830985915492 
0 0.23965669014084506 0.13233568075117372 0.07702464788732394 0.1437793427230047 
0 0.07306338028169014 0.1273474178403756 0.08098591549295775 0.13615023474178403 
0 0.15933098591549297 0.26555164319248825 0.07570422535211267 0.11561032863849766 
0 0.9075704225352113 0.15375586854460094 0.08362676056338028 0.12910798122065728 
0 0.799955985915493 0.5900821596244131 0.07086267605633803 0.12147887323943662 
0 0.8230633802816901 0.15698356807511737 0.07746478873239436 0.13204225352112675 
0 0.15492957746478872 0.12969483568075119 0.07482394366197183 0.13380281690140844 
0 0.19014084507042253 0.5862676056338029 0.08098591549295775 0.12323943661971831 
0 0.27178697183098594 0.4592136150234742 0.07966549295774648 0.11091549295774648 
0 0.8974471830985915 0.7617370892018779 0.08890845070422536 0.06807511737089202 
