0 0.2878521126760563 0.2039319248826291 0.08714788732394366 0.13673708920187794 
0 0.8131602112676056 0.2831572769953052 0.10871478873239436 0.2318075117370892 
0 0.7350352112676056 0.9788732394366197 0.09595070422535211 0.04225352112676056 
0 0.9581866197183099 0.3039906103286385 0.08362676056338028 0.2335680751173709 
0 0.9753521126760564 0.761443661971831 0.04929577464788732 0.20129107981220656 
0 0.5662411971830986 0.2062793427230047 0.08142605633802817 0.1414319248826291 
0 0.05017605633802817 0.3306924882629108 0.0897887323943662 0.1613849765258216 
0 0.4753521126760563 0.2074530516431925 0.0897887323943662 0.14847417840375587 
0 0.3789612676056338 0.3456572769953052 0.09242957746478873 0.13145539906103287 
0 0.8628961267605634 0.5704225352112676 0.12279929577464789 0.142018779342723 
0 0.37786091549295775 0.19953051643192488 0.08758802816901408 0.1431924882629108 
0 0.06470070422535211 0.7001173708920188 0.12852112676056338 0.2347417840375587 
0 0.2860915492957746 0.3485915492957746 0.09066901408450705 0.13849765258215962 
0 0.8772007042253521 0.7629107981220657 0.14788732394366197 0.20774647887323944 
0 0.4711707746478873 0.3506455399061033 0.08230633802816902 0.1273474178403756 
0 0.558318661971831 0.7907863849765259 0.15536971830985916 0.15551643192488263 
0 0.7242517605633803 0.76731220657277 0.1500880281690141 0.2177230046948357 
0 0.5625 0.6179577464788732 0.16109154929577466 0.1795774647887324 
0 0.5658010563380281 0.352406103286385 0.0761443661971831 0.13673708920187794 
0 0.2878521126760563 0.2039319248826291 0.08714788732394366 0.13673708920187794 
0 0.8131602112676056 0.2831572769953052 0.10871478873239436 0.2318075117370892 
0 0.7350352112676056 0.9788732394366197 0.09595070422535211 0.04225352112676056 
0 0.9581866197183099 0.3039906103286385 0.08362676056338028 0.2335680751173709 
0 0.9753521126760564 0.761443661971831 0.04929577464788732 0.20129107981220656 
0 0.5662411971830986 0.2062793427230047 0.08142605633802817 0.1414319248826291 
0 0.05017605633802817 0.3306924882629108 0.0897887323943662 0.1613849765258216 
0 0.4753521126760563 0.2074530516431925 0.0897887323943662 0.14847417840375587 
0 0.3789612676056338 0.3456572769953052 0.09242957746478873 0.13145539906103287 
0 0.8628961267605634 0.5704225352112676 0.12279929577464789 0.142018779342723 
0 0.37786091549295775 0.19953051643192488 0.08758802816901408 0.1431924882629108 
0 0.06470070422535211 0.7001173708920188 0.12852112676056338 0.2347417840375587 
0 0.2860915492957746 0.3485915492957746 0.09066901408450705 0.13849765258215962 
0 0.8772007042253521 0.7629107981220657 0.14788732394366197 0.20774647887323944 
0 0.4711707746478873 0.3506455399061033 0.08230633802816902 0.1273474178403756 
0 0.558318661971831 0.7907863849765259 0.15536971830985916 0.15551643192488263 
0 0.7242517605633803 0.76731220657277 0.1500880281690141 0.2177230046948357 
0 0.5625 0.6179577464788732 0.16109154929577466 0.1795774647887324 
0 0.5658010563380281 0.352406103286385 0.0761443661971831 0.13673708920187794 
0 0.2878521126760563 0.2039319248826291 0.08714788732394366 0.13673708920187794 
0 0.8131602112676056 0.2831572769953052 0.10871478873239436 0.2318075117370892 
0 0.7350352112676056 0.9788732394366197 0.09595070422535211 0.04225352112676056 
0 0.9581866197183099 0.3039906103286385 0.08362676056338028 0.2335680751173709 
0 0.9753521126760564 0.761443661971831 0.04929577464788732 0.20129107981220656 
0 0.5662411971830986 0.2062793427230047 0.08142605633802817 0.1414319248826291 
0 0.05017605633802817 0.3306924882629108 0.0897887323943662 0.1613849765258216 
0 0.4753521126760563 0.2074530516431925 0.0897887323943662 0.14847417840375587 
0 0.3789612676056338 0.3456572769953052 0.09242957746478873 0.13145539906103287 
0 0.8628961267605634 0.5704225352112676 0.12279929577464789 0.142018779342723 
0 0.37786091549295775 0.19953051643192488 0.08758802816901408 0.1431924882629108 
0 0.06470070422535211 0.7001173708920188 0.12852112676056338 0.2347417840375587 
0 0.2860915492957746 0.3485915492957746 0.09066901408450705 0.13849765258215962 
0 0.8772007042253521 0.7629107981220657 0.14788732394366197 0.20774647887323944 
0 0.4711707746478873 0.3506455399061033 0.08230633802816902 0.1273474178403756 
0 0.558318661971831 0.7907863849765259 0.15536971830985916 0.15551643192488263 
0 0.7242517605633803 0.76731220657277 0.1500880281690141 0.2177230046948357 
0 0.5625 0.6179577464788732 0.16109154929577466 0.1795774647887324 
0 0.5658010563380281 0.352406103286385 0.0761443661971831 0.13673708920187794 
