0 0.820862676056338 0.8571009389671361 0.06690140845070422 0.15434272300469484 
0 0.8151408450704225 0.04724178403755869 0.12411971830985916 0.09330985915492958 
0 0.13556338028169015 0.052230046948356805 0.0880281690140845 0.10093896713615023 
0 0.31778169014084506 0.04812206572769953 0.09595070422535211 0.09389671361502347 
0 0.8391285211267606 0.6543427230046949 0.07878521126760564 0.15492957746478872 
0 0.9159330985915493 0.6596244131455399 0.07658450704225352 0.1596244131455399 
0 0.829225352112676 0.44278169014084506 0.06778169014084508 0.17077464788732394 
0 0.9768926056338029 0.6540492957746479 0.04621478873239437 0.15551643192488263 
0 0.972931338028169 0.4404342723004695 0.05413732394366197 0.17781690140845072 
0 0.8851232394366197 0.8491784037558685 0.0721830985915493 0.1443661971830986 
0 0.6734154929577465 0.8485915492957746 0.08890845070422536 0.15375586854460094 
0 0.7577024647887324 0.8538732394366197 0.06998239436619719 0.13497652582159625 
0 0.05743838028169014 0.0539906103286385 0.07526408450704225 0.1056338028169014 
0 0.5935299295774648 0.852112676056338 0.07878521126760564 0.13262910798122066 
0 0.35497359154929575 0.846244131455399 0.07350352112676056 0.13497652582159625 
0 0.2051056338028169 0.8474178403755869 0.08362676056338028 0.14788732394366197 
0 0.048195422535211266 0.8421361502347418 0.09551056338028169 0.13849765258215962 
0 0.9584066901408451 0.852112676056338 0.08318661971830986 0.15023474178403756 
0 0.4161531690140845 0.04753521126760563 0.09463028169014084 0.0892018779342723 
0 0.5136443661971831 0.043133802816901406 0.0977112676056338 0.08039906103286384 
0 0.6045334507042254 0.04812206572769953 0.09022887323943662 0.09389671361502347 
0 0.7007042253521126 0.0443075117370892 0.10475352112676056 0.08744131455399061 
0 0.9443221830985915 0.04548122065727699 0.1034330985915493 0.08509389671361503 
0 0.9597271126760564 0.22359154929577466 0.0682218309859155 0.14788732394366197 
0 0.032350352112676055 0.658744131455399 0.06382042253521127 0.1437793427230047 
0 0.28499119718309857 0.8450704225352113 0.07350352112676056 0.13732394366197184 
0 0.8637764084507042 0.22095070422535212 0.10871478873239436 0.15669014084507044 
0 0.2227112676056338 0.052230046948356805 0.0880281690140845 0.10328638497652583 
0 0.5959507042253521 0.658744131455399 0.09154929577464789 0.14612676056338028 
0 0.5184859154929577 0.8526995305164319 0.06954225352112677 0.13615023474178403 
0 0.43617957746478875 0.8477112676056338 0.09066901408450705 0.13791079812206572 
0 0.3164612676056338 0.238556338028169 0.08274647887323944 0.1414319248826291 
0 0.40911091549295775 0.23034037558685447 0.09991197183098592 0.1402582159624413 
0 0.590669014084507 0.4413145539906103 0.09595070422535211 0.176056338028169 
0 0.6824383802816901 0.43779342723004694 0.08582746478873239 0.17488262910798122 
0 0.4163732394366197 0.6602112676056338 0.08538732394366197 0.15258215962441316 
0 0.23591549295774647 0.2335680751173709 0.08362676056338028 0.13380281690140844 
0 0.49955985915492956 0.4454225352112676 0.08626760563380281 0.18309859154929578 
0 0.08868838028169014 0.4533450704225352 0.10079225352112677 0.16725352112676056 
0 0.41329225352112675 0.4460093896713615 0.08538732394366197 0.16666666666666666 
0 0.15272887323943662 0.2391431924882629 0.08890845070422536 0.1437793427230047 
0 0.7660651408450704 0.6569835680751174 0.06382042253521127 0.15786384976525822 
0 0.4993397887323944 0.22535211267605634 0.08494718309859155 0.13615023474178403 
0 0.33076584507042256 0.6578638497652582 0.09639084507042253 0.15375586854460094 
0 0.6542693661971831 0.22417840375586853 0.09727112676056338 0.14084507042253522 
0 0.686399647887324 0.6607981220657277 0.09110915492957747 0.14553990610328638 
0 0.7665052816901409 0.22505868544600938 0.10695422535211267 0.14847417840375587 
0 0.5008802816901409 0.6578638497652582 0.09507042253521127 0.1572769953051643 
0 0.24889964788732394 0.4454225352112676 0.07966549295774648 0.17370892018779344 
0 0.05435739436619718 0.2482394366197183 0.10783450704225352 0.14553990610328638 
0 0.7618838028169014 0.44190140845070425 0.0880281690140845 0.18427230046948356 
0 0.9064700704225352 0.43984741784037557 0.08670774647887323 0.18485915492957747 
0 0.17693661971830985 0.448943661971831 0.08274647887323944 0.17018779342723006 
0 0.33186619718309857 0.4448356807511737 0.0897887323943662 0.17253521126760563 
0 0.24273767605633803 0.6555164319248826 0.08318661971830986 0.1443661971830986 
0 0.820862676056338 0.8571009389671361 0.06690140845070422 0.15434272300469484 
0 0.8151408450704225 0.04724178403755869 0.12411971830985916 0.09330985915492958 
0 0.13556338028169015 0.052230046948356805 0.0880281690140845 0.10093896713615023 
0 0.31778169014084506 0.04812206572769953 0.09595070422535211 0.09389671361502347 
0 0.8391285211267606 0.6543427230046949 0.07878521126760564 0.15492957746478872 
0 0.9159330985915493 0.6596244131455399 0.07658450704225352 0.1596244131455399 
0 0.829225352112676 0.44278169014084506 0.06778169014084508 0.17077464788732394 
0 0.9768926056338029 0.6540492957746479 0.04621478873239437 0.15551643192488263 
0 0.972931338028169 0.4404342723004695 0.05413732394366197 0.17781690140845072 
0 0.8851232394366197 0.8491784037558685 0.0721830985915493 0.1443661971830986 
0 0.6734154929577465 0.8485915492957746 0.08890845070422536 0.15375586854460094 
0 0.7577024647887324 0.8538732394366197 0.06998239436619719 0.13497652582159625 
0 0.05743838028169014 0.0539906103286385 0.07526408450704225 0.1056338028169014 
0 0.5935299295774648 0.852112676056338 0.07878521126760564 0.13262910798122066 
0 0.35497359154929575 0.846244131455399 0.07350352112676056 0.13497652582159625 
0 0.2051056338028169 0.8474178403755869 0.08362676056338028 0.14788732394366197 
0 0.048195422535211266 0.8421361502347418 0.09551056338028169 0.13849765258215962 
0 0.9584066901408451 0.852112676056338 0.08318661971830986 0.15023474178403756 
0 0.4161531690140845 0.04753521126760563 0.09463028169014084 0.0892018779342723 
0 0.5136443661971831 0.043133802816901406 0.0977112676056338 0.08039906103286384 
0 0.6045334507042254 0.04812206572769953 0.09022887323943662 0.09389671361502347 
0 0.7007042253521126 0.0443075117370892 0.10475352112676056 0.08744131455399061 
0 0.9443221830985915 0.04548122065727699 0.1034330985915493 0.08509389671361503 
0 0.9597271126760564 0.22359154929577466 0.0682218309859155 0.14788732394366197 
0 0.032350352112676055 0.658744131455399 0.06382042253521127 0.1437793427230047 
0 0.28499119718309857 0.8450704225352113 0.07350352112676056 0.13732394366197184 
0 0.8637764084507042 0.22095070422535212 0.10871478873239436 0.15669014084507044 
0 0.2227112676056338 0.052230046948356805 0.0880281690140845 0.10328638497652583 
0 0.5959507042253521 0.658744131455399 0.09154929577464789 0.14612676056338028 
0 0.5184859154929577 0.8526995305164319 0.06954225352112677 0.13615023474178403 
0 0.43617957746478875 0.8477112676056338 0.09066901408450705 0.13791079812206572 
0 0.3164612676056338 0.238556338028169 0.08274647887323944 0.1414319248826291 
0 0.40911091549295775 0.23034037558685447 0.09991197183098592 0.1402582159624413 
0 0.590669014084507 0.4413145539906103 0.09595070422535211 0.176056338028169 
0 0.6824383802816901 0.43779342723004694 0.08582746478873239 0.17488262910798122 
0 0.4163732394366197 0.6602112676056338 0.08538732394366197 0.15258215962441316 
0 0.23591549295774647 0.2335680751173709 0.08362676056338028 0.13380281690140844 
0 0.49955985915492956 0.4454225352112676 0.08626760563380281 0.18309859154929578 
0 0.08868838028169014 0.4533450704225352 0.10079225352112677 0.16725352112676056 
0 0.41329225352112675 0.4460093896713615 0.08538732394366197 0.16666666666666666 
0 0.15272887323943662 0.2391431924882629 0.08890845070422536 0.1437793427230047 
0 0.7660651408450704 0.6569835680751174 0.06382042253521127 0.15786384976525822 
0 0.4993397887323944 0.22535211267605634 0.08494718309859155 0.13615023474178403 
0 0.33076584507042256 0.6578638497652582 0.09639084507042253 0.15375586854460094 
0 0.6542693661971831 0.22417840375586853 0.09727112676056338 0.14084507042253522 
0 0.686399647887324 0.6607981220657277 0.09110915492957747 0.14553990610328638 
0 0.7665052816901409 0.22505868544600938 0.10695422535211267 0.14847417840375587 
0 0.5008802816901409 0.6578638497652582 0.09507042253521127 0.1572769953051643 
0 0.24889964788732394 0.4454225352112676 0.07966549295774648 0.17370892018779344 
0 0.05435739436619718 0.2482394366197183 0.10783450704225352 0.14553990610328638 
0 0.7618838028169014 0.44190140845070425 0.0880281690140845 0.18427230046948356 
0 0.9064700704225352 0.43984741784037557 0.08670774647887323 0.18485915492957747 
0 0.17693661971830985 0.448943661971831 0.08274647887323944 0.17018779342723006 
0 0.33186619718309857 0.4448356807511737 0.0897887323943662 0.17253521126760563 
0 0.24273767605633803 0.6555164319248826 0.08318661971830986 0.1443661971830986 
0 0.820862676056338 0.8571009389671361 0.06690140845070422 0.15434272300469484 
0 0.8151408450704225 0.04724178403755869 0.12411971830985916 0.09330985915492958 
0 0.13556338028169015 0.052230046948356805 0.0880281690140845 0.10093896713615023 
0 0.31778169014084506 0.04812206572769953 0.09595070422535211 0.09389671361502347 
0 0.8391285211267606 0.6543427230046949 0.07878521126760564 0.15492957746478872 
0 0.9159330985915493 0.6596244131455399 0.07658450704225352 0.1596244131455399 
0 0.829225352112676 0.44278169014084506 0.06778169014084508 0.17077464788732394 
0 0.9768926056338029 0.6540492957746479 0.04621478873239437 0.15551643192488263 
0 0.972931338028169 0.4404342723004695 0.05413732394366197 0.17781690140845072 
0 0.8851232394366197 0.8491784037558685 0.0721830985915493 0.1443661971830986 
0 0.6734154929577465 0.8485915492957746 0.08890845070422536 0.15375586854460094 
0 0.7577024647887324 0.8538732394366197 0.06998239436619719 0.13497652582159625 
0 0.05743838028169014 0.0539906103286385 0.07526408450704225 0.1056338028169014 
0 0.5935299295774648 0.852112676056338 0.07878521126760564 0.13262910798122066 
0 0.35497359154929575 0.846244131455399 0.07350352112676056 0.13497652582159625 
0 0.2051056338028169 0.8474178403755869 0.08362676056338028 0.14788732394366197 
0 0.048195422535211266 0.8421361502347418 0.09551056338028169 0.13849765258215962 
0 0.9584066901408451 0.852112676056338 0.08318661971830986 0.15023474178403756 
0 0.4161531690140845 0.04753521126760563 0.09463028169014084 0.0892018779342723 
0 0.5136443661971831 0.043133802816901406 0.0977112676056338 0.08039906103286384 
0 0.6045334507042254 0.04812206572769953 0.09022887323943662 0.09389671361502347 
0 0.7007042253521126 0.0443075117370892 0.10475352112676056 0.08744131455399061 
0 0.9443221830985915 0.04548122065727699 0.1034330985915493 0.08509389671361503 
0 0.9597271126760564 0.22359154929577466 0.0682218309859155 0.14788732394366197 
0 0.032350352112676055 0.658744131455399 0.06382042253521127 0.1437793427230047 
0 0.28499119718309857 0.8450704225352113 0.07350352112676056 0.13732394366197184 
0 0.8637764084507042 0.22095070422535212 0.10871478873239436 0.15669014084507044 
0 0.2227112676056338 0.052230046948356805 0.0880281690140845 0.10328638497652583 
0 0.5959507042253521 0.658744131455399 0.09154929577464789 0.14612676056338028 
0 0.5184859154929577 0.8526995305164319 0.06954225352112677 0.13615023474178403 
0 0.43617957746478875 0.8477112676056338 0.09066901408450705 0.13791079812206572 
0 0.3164612676056338 0.238556338028169 0.08274647887323944 0.1414319248826291 
0 0.40911091549295775 0.23034037558685447 0.09991197183098592 0.1402582159624413 
0 0.590669014084507 0.4413145539906103 0.09595070422535211 0.176056338028169 
0 0.6824383802816901 0.43779342723004694 0.08582746478873239 0.17488262910798122 
0 0.4163732394366197 0.6602112676056338 0.08538732394366197 0.15258215962441316 
0 0.23591549295774647 0.2335680751173709 0.08362676056338028 0.13380281690140844 
0 0.49955985915492956 0.4454225352112676 0.08626760563380281 0.18309859154929578 
0 0.08868838028169014 0.4533450704225352 0.10079225352112677 0.16725352112676056 
0 0.41329225352112675 0.4460093896713615 0.08538732394366197 0.16666666666666666 
0 0.15272887323943662 0.2391431924882629 0.08890845070422536 0.1437793427230047 
0 0.7660651408450704 0.6569835680751174 0.06382042253521127 0.15786384976525822 
0 0.4993397887323944 0.22535211267605634 0.08494718309859155 0.13615023474178403 
0 0.33076584507042256 0.6578638497652582 0.09639084507042253 0.15375586854460094 
0 0.6542693661971831 0.22417840375586853 0.09727112676056338 0.14084507042253522 
0 0.686399647887324 0.6607981220657277 0.09110915492957747 0.14553990610328638 
0 0.7665052816901409 0.22505868544600938 0.10695422535211267 0.14847417840375587 
0 0.5008802816901409 0.6578638497652582 0.09507042253521127 0.1572769953051643 
0 0.24889964788732394 0.4454225352112676 0.07966549295774648 0.17370892018779344 
0 0.05435739436619718 0.2482394366197183 0.10783450704225352 0.14553990610328638 
0 0.7618838028169014 0.44190140845070425 0.0880281690140845 0.18427230046948356 
0 0.9064700704225352 0.43984741784037557 0.08670774647887323 0.18485915492957747 
0 0.17693661971830985 0.448943661971831 0.08274647887323944 0.17018779342723006 
0 0.33186619718309857 0.4448356807511737 0.0897887323943662 0.17253521126760563 
0 0.24273767605633803 0.6555164319248826 0.08318661971830986 0.1443661971830986 
