0 0.7480193661971831 0.3277582159624413 0.13776408450704225 0.14847417840375587 
0 0.6146566901408451 0.733274647887324 0.12191901408450705 0.06044600938967136 
0 0.6313820422535211 0.1857394366197183 0.12984154929577466 0.09917840375586855 
0 0.46830985915492956 0.21214788732394366 0.14348591549295775 0.13321596244131456 
0 0.03917253521126761 0.37646713615023475 0.06602112676056338 0.07570422535211267 
0 0.355193661971831 0.28169014084507044 0.06602112676056338 0.08685446009389672 
0 0.8809419014084507 0.9025821596244131 0.13600352112676056 0.10211267605633803 
0 0.891725352112676 0.19483568075117372 0.12588028169014084 0.13028169014084506 
0 0.8882042253521126 0.335387323943662 0.13556338028169015 0.13321596244131456 
0 0.06690140845070422 0.6123826291079812 0.12588028169014084 0.20598591549295775 
0 0.4621478873239437 0.3371478873239437 0.11355633802816902 0.12030516431924883 
0 0.15669014084507044 0.2834507042253521 0.0625 0.08568075117370892 
0 0.6157570422535211 0.6059272300469484 0.12411971830985916 0.18838028169014084 
0 0.879181338028169 0.7323943661971831 0.1624119718309859 0.2136150234741784 
0 0.16725352112676056 0.37470657276995306 0.05545774647887324 0.07922535211267606 
0 0.22777288732394366 0.3738262910798122 0.06382042253521127 0.0903755868544601 
0 0.1036531690140845 0.37411971830985913 0.05677816901408451 0.08039906103286384 
0 0.30545774647887325 0.37059859154929575 0.07042253521126761 0.08744131455399061 
0 0.21963028169014084 0.2743544600938967 0.061619718309859156 0.08274647887323944 
0 0.2869718309859155 0.2755281690140845 0.05897887323943662 0.09213615023474178 
0 0.37411971830985913 0.3653169014084507 0.05369718309859155 0.08626760563380281 
0 0.741637323943662 0.8306924882629108 0.13908450704225353 0.22359154929577466 
0 0.606294014084507 0.32130281690140844 0.13336267605633803 0.15199530516431925 
0 0.7579225352112676 0.19102112676056338 0.125 0.12852112676056338 
0 0.7480193661971831 0.3277582159624413 0.13776408450704225 0.14847417840375587 
0 0.6146566901408451 0.733274647887324 0.12191901408450705 0.06044600938967136 
0 0.6313820422535211 0.1857394366197183 0.12984154929577466 0.09917840375586855 
0 0.46830985915492956 0.21214788732394366 0.14348591549295775 0.13321596244131456 
0 0.03917253521126761 0.37646713615023475 0.06602112676056338 0.07570422535211267 
0 0.355193661971831 0.28169014084507044 0.06602112676056338 0.08685446009389672 
0 0.8809419014084507 0.9025821596244131 0.13600352112676056 0.10211267605633803 
0 0.891725352112676 0.19483568075117372 0.12588028169014084 0.13028169014084506 
0 0.8882042253521126 0.335387323943662 0.13556338028169015 0.13321596244131456 
0 0.06690140845070422 0.6123826291079812 0.12588028169014084 0.20598591549295775 
0 0.4621478873239437 0.3371478873239437 0.11355633802816902 0.12030516431924883 
0 0.15669014084507044 0.2834507042253521 0.0625 0.08568075117370892 
0 0.6157570422535211 0.6059272300469484 0.12411971830985916 0.18838028169014084 
0 0.879181338028169 0.7323943661971831 0.1624119718309859 0.2136150234741784 
0 0.16725352112676056 0.37470657276995306 0.05545774647887324 0.07922535211267606 
0 0.22777288732394366 0.3738262910798122 0.06382042253521127 0.0903755868544601 
0 0.1036531690140845 0.37411971830985913 0.05677816901408451 0.08039906103286384 
0 0.30545774647887325 0.37059859154929575 0.07042253521126761 0.08744131455399061 
0 0.21963028169014084 0.2743544600938967 0.061619718309859156 0.08274647887323944 
0 0.2869718309859155 0.2755281690140845 0.05897887323943662 0.09213615023474178 
0 0.37411971830985913 0.3653169014084507 0.05369718309859155 0.08626760563380281 
0 0.741637323943662 0.8306924882629108 0.13908450704225353 0.22359154929577466 
0 0.606294014084507 0.32130281690140844 0.13336267605633803 0.15199530516431925 
0 0.7579225352112676 0.19102112676056338 0.125 0.12852112676056338 
0 0.7480193661971831 0.3277582159624413 0.13776408450704225 0.14847417840375587 
0 0.6146566901408451 0.733274647887324 0.12191901408450705 0.06044600938967136 
0 0.6313820422535211 0.1857394366197183 0.12984154929577466 0.09917840375586855 
0 0.46830985915492956 0.21214788732394366 0.14348591549295775 0.13321596244131456 
0 0.03917253521126761 0.37646713615023475 0.06602112676056338 0.07570422535211267 
0 0.355193661971831 0.28169014084507044 0.06602112676056338 0.08685446009389672 
0 0.8809419014084507 0.9025821596244131 0.13600352112676056 0.10211267605633803 
0 0.891725352112676 0.19483568075117372 0.12588028169014084 0.13028169014084506 
0 0.8882042253521126 0.335387323943662 0.13556338028169015 0.13321596244131456 
0 0.06690140845070422 0.6123826291079812 0.12588028169014084 0.20598591549295775 
0 0.4621478873239437 0.3371478873239437 0.11355633802816902 0.12030516431924883 
0 0.15669014084507044 0.2834507042253521 0.0625 0.08568075117370892 
0 0.6157570422535211 0.6059272300469484 0.12411971830985916 0.18838028169014084 
0 0.879181338028169 0.7323943661971831 0.1624119718309859 0.2136150234741784 
0 0.16725352112676056 0.37470657276995306 0.05545774647887324 0.07922535211267606 
0 0.22777288732394366 0.3738262910798122 0.06382042253521127 0.0903755868544601 
0 0.1036531690140845 0.37411971830985913 0.05677816901408451 0.08039906103286384 
0 0.30545774647887325 0.37059859154929575 0.07042253521126761 0.08744131455399061 
0 0.21963028169014084 0.2743544600938967 0.061619718309859156 0.08274647887323944 
0 0.2869718309859155 0.2755281690140845 0.05897887323943662 0.09213615023474178 
0 0.37411971830985913 0.3653169014084507 0.05369718309859155 0.08626760563380281 
0 0.741637323943662 0.8306924882629108 0.13908450704225353 0.22359154929577466 
0 0.606294014084507 0.32130281690140844 0.13336267605633803 0.15199530516431925 
0 0.7579225352112676 0.19102112676056338 0.125 0.12852112676056338 
