0 0.9731514084507042 0.1681338028169014 0.05369718309859155 0.12265258215962441 
0 0.8085387323943662 0.16637323943661972 0.06514084507042253 0.11913145539906103 
0 0.8065580985915493 0.2890258215962441 0.07174295774647887 0.10622065727699531 
0 0.8567341549295775 0.7834507042253521 0.0682218309859155 0.10211267605633803 
0 0.9469630281690141 0.4809272300469484 0.07526408450704225 0.12030516431924883 
0 0.39524647887323944 0.4671361502347418 0.07130281690140845 0.13262910798122066 
0 0.7836707746478874 0.784037558685446 0.07086267605633803 0.10446009389671361 
0 0.9414612676056338 0.7863849765258216 0.07482394366197183 0.1056338028169014 
0 0.5759242957746479 0.14612676056338028 0.07174295774647887 0.12910798122065728 
0 0.4768926056338028 0.6073943661971831 0.0682218309859155 0.12089201877934272 
0 0.22931338028169015 0.6044600938967136 0.0721830985915493 0.11384976525821597 
0 0.7180897887323944 0.4765258215962441 0.07262323943661972 0.12323943661971831 
0 0.9460827464788732 0.6088615023474179 0.06558098591549295 0.12147887323943662 
0 0.2306338028169014 0.4724178403755869 0.07394366197183098 0.13145539906103287 
0 0.8710387323943662 0.6091549295774648 0.06954225352112677 0.12089201877934272 
0 0.9749119718309859 0.2960680751173709 0.05017605633802817 0.10622065727699531 
0 0.02574823943661972 0.9166666666666666 0.050616197183098594 0.1255868544600939 
0 0.4240757042253521 0.9125586854460094 0.06734154929577464 0.1068075117370892 
0 0.4236355633802817 0.79518779342723 0.0682218309859155 0.10915492957746478 
0 0.875 0.48268779342723006 0.06690140845070422 0.12030516431924883 
0 0.5055017605633803 0.9198943661971831 0.07350352112676056 0.11678403755868545 
0 0.5794454225352113 0.92018779342723 0.07174295774647887 0.11267605633802817 
0 0.586487676056338 0.7984154929577465 0.06910211267605634 0.11561032863849766 
0 0.9348591549295775 0.9072769953051644 0.06954225352112677 0.10446009389671361 
0 0.33934859154929575 0.92018779342723 0.07922535211267606 0.11032863849765258 
0 0.7869718309859155 0.9075704225352113 0.06690140845070422 0.12617370892018778 
0 0.5129841549295775 0.7987089201877934 0.0664612676056338 0.107981220657277 
0 0.09132922535211267 0.9131455399061033 0.07262323943661972 0.12441314553990611 
0 0.17297535211267606 0.7910798122065728 0.07834507042253522 0.11737089201877934 
0 0.16901408450704225 0.9175469483568075 0.07482394366197183 0.12147887323943662 
0 0.858274647887324 0.9055164319248826 0.06514084507042253 0.11737089201877934 
0 0.257262323943662 0.9163732394366197 0.0743838028169014 0.12030516431924883 
0 0.3402288732394366 0.7946009389671361 0.08450704225352113 0.11737089201877934 
0 0.03125 0.7872652582159625 0.058098591549295774 0.10974178403755869 
0 0.3107394366197183 0.4668427230046948 0.07130281690140845 0.1238262910798122 
0 0.40580985915492956 0.2720070422535211 0.07394366197183098 0.12147887323943662 
0 0.4788732394366197 0.47124413145539906 0.07130281690140845 0.12793427230046947 
0 0.06227992957746479 0.5997652582159625 0.07702464788732394 0.11737089201877934 
0 0.7154489436619719 0.6062206572769953 0.07262323943661972 0.11971830985915492 
0 0.6472271126760564 0.2811032863849765 0.07262323943661972 0.11502347417840375 
0 0.13468309859154928 0.25997652582159625 0.07834507042253522 0.13615023474178403 
0 0.31338028169014087 0.6015258215962441 0.07130281690140845 0.11384976525821597 
0 0.5664612676056338 0.2778755868544601 0.06954225352112677 0.11913145539906103 
0 0.4876760563380282 0.2743544600938967 0.0721830985915493 0.11913145539906103 
0 0.1487676056338028 0.4647887323943662 0.07834507042253522 0.13380281690140844 
0 0.6527288732394366 0.1487676056338028 0.06866197183098592 0.13321596244131456 
0 0.6346830985915493 0.6073943661971831 0.06778169014084508 0.13262910798122066 
0 0.793794014084507 0.6065140845070423 0.07350352112676056 0.11678403755868545 
0 0.05039612676056338 0.12235915492957747 0.08758802816901408 0.1273474178403756 
0 0.14700704225352113 0.6000586854460094 0.07922535211267606 0.12265258215962441 
0 0.09727112676056338 0.7857981220657277 0.0721830985915493 0.11032863849765258 
0 0.5506161971830986 0.6038732394366197 0.06690140845070422 0.12441314553990611 
0 0.14546654929577466 0.1335093896713615 0.07350352112676056 0.13321596244131456 
0 0.21963028169014084 0.2632042253521127 0.08714788732394366 0.1238262910798122 
0 0.0488556338028169 0.26085680751173707 0.07834507042253522 0.13086854460093897 
0 0.7242517605633803 0.2834507042253521 0.06910211267605634 0.11737089201877934 
0 0.3221830985915493 0.2699530516431925 0.07658450704225352 0.11971830985915492 
0 0.8855633802816901 0.2887323943661972 0.07130281690140845 0.11619718309859155 
0 0.4993397887323944 0.14055164319248825 0.0743838028169014 0.13673708920187794 
0 0.06426056338028169 0.46566901408450706 0.07306338028169014 0.12617370892018778 
0 0.7981954225352113 0.4782863849765258 0.06998239436619719 0.11619718309859155 
0 0.8820422535211268 0.17077464788732394 0.06866197183098592 0.11737089201877934 
0 0.25682218309859156 0.7910798122065728 0.07262323943661972 0.11737089201877934 
0 0.5563380281690141 0.47183098591549294 0.07570422535211267 0.12323943661971831 
0 0.3248239436619718 0.1431924882629108 0.07570422535211267 0.1443661971830986 
0 0.22469190140845072 0.1317488262910798 0.0743838028169014 0.11795774647887323 
0 0.7295334507042254 0.15082159624413147 0.06998239436619719 0.13497652582159625 
0 0.6362235915492958 0.4721244131455399 0.07878521126760564 0.12852112676056338 
0 0.40735035211267606 0.13703051643192488 0.07526408450704225 0.13438967136150234 
0 0.39370598591549294 0.6015258215962441 0.06998239436619719 0.11971830985915492 
0 0.9731514084507042 0.1681338028169014 0.05369718309859155 0.12265258215962441 
0 0.8085387323943662 0.16637323943661972 0.06514084507042253 0.11913145539906103 
0 0.8065580985915493 0.2890258215962441 0.07174295774647887 0.10622065727699531 
0 0.8567341549295775 0.7834507042253521 0.0682218309859155 0.10211267605633803 
0 0.9469630281690141 0.4809272300469484 0.07526408450704225 0.12030516431924883 
0 0.39524647887323944 0.4671361502347418 0.07130281690140845 0.13262910798122066 
0 0.7836707746478874 0.784037558685446 0.07086267605633803 0.10446009389671361 
0 0.9414612676056338 0.7863849765258216 0.07482394366197183 0.1056338028169014 
0 0.5759242957746479 0.14612676056338028 0.07174295774647887 0.12910798122065728 
0 0.4768926056338028 0.6073943661971831 0.0682218309859155 0.12089201877934272 
0 0.22931338028169015 0.6044600938967136 0.0721830985915493 0.11384976525821597 
0 0.7180897887323944 0.4765258215962441 0.07262323943661972 0.12323943661971831 
0 0.9460827464788732 0.6088615023474179 0.06558098591549295 0.12147887323943662 
0 0.2306338028169014 0.4724178403755869 0.07394366197183098 0.13145539906103287 
0 0.8710387323943662 0.6091549295774648 0.06954225352112677 0.12089201877934272 
0 0.9749119718309859 0.2960680751173709 0.05017605633802817 0.10622065727699531 
0 0.02574823943661972 0.9166666666666666 0.050616197183098594 0.1255868544600939 
0 0.4240757042253521 0.9125586854460094 0.06734154929577464 0.1068075117370892 
0 0.4236355633802817 0.79518779342723 0.0682218309859155 0.10915492957746478 
0 0.875 0.48268779342723006 0.06690140845070422 0.12030516431924883 
0 0.5055017605633803 0.9198943661971831 0.07350352112676056 0.11678403755868545 
0 0.5794454225352113 0.92018779342723 0.07174295774647887 0.11267605633802817 
0 0.586487676056338 0.7984154929577465 0.06910211267605634 0.11561032863849766 
0 0.9348591549295775 0.9072769953051644 0.06954225352112677 0.10446009389671361 
0 0.33934859154929575 0.92018779342723 0.07922535211267606 0.11032863849765258 
0 0.7869718309859155 0.9075704225352113 0.06690140845070422 0.12617370892018778 
0 0.5129841549295775 0.7987089201877934 0.0664612676056338 0.107981220657277 
0 0.09132922535211267 0.9131455399061033 0.07262323943661972 0.12441314553990611 
0 0.17297535211267606 0.7910798122065728 0.07834507042253522 0.11737089201877934 
0 0.16901408450704225 0.9175469483568075 0.07482394366197183 0.12147887323943662 
0 0.858274647887324 0.9055164319248826 0.06514084507042253 0.11737089201877934 
0 0.257262323943662 0.9163732394366197 0.0743838028169014 0.12030516431924883 
0 0.3402288732394366 0.7946009389671361 0.08450704225352113 0.11737089201877934 
0 0.03125 0.7872652582159625 0.058098591549295774 0.10974178403755869 
0 0.3107394366197183 0.4668427230046948 0.07130281690140845 0.1238262910798122 
0 0.40580985915492956 0.2720070422535211 0.07394366197183098 0.12147887323943662 
0 0.4788732394366197 0.47124413145539906 0.07130281690140845 0.12793427230046947 
0 0.06227992957746479 0.5997652582159625 0.07702464788732394 0.11737089201877934 
0 0.7154489436619719 0.6062206572769953 0.07262323943661972 0.11971830985915492 
0 0.6472271126760564 0.2811032863849765 0.07262323943661972 0.11502347417840375 
0 0.13468309859154928 0.25997652582159625 0.07834507042253522 0.13615023474178403 
0 0.31338028169014087 0.6015258215962441 0.07130281690140845 0.11384976525821597 
0 0.5664612676056338 0.2778755868544601 0.06954225352112677 0.11913145539906103 
0 0.4876760563380282 0.2743544600938967 0.0721830985915493 0.11913145539906103 
0 0.1487676056338028 0.4647887323943662 0.07834507042253522 0.13380281690140844 
0 0.6527288732394366 0.1487676056338028 0.06866197183098592 0.13321596244131456 
0 0.6346830985915493 0.6073943661971831 0.06778169014084508 0.13262910798122066 
0 0.793794014084507 0.6065140845070423 0.07350352112676056 0.11678403755868545 
0 0.05039612676056338 0.12235915492957747 0.08758802816901408 0.1273474178403756 
0 0.14700704225352113 0.6000586854460094 0.07922535211267606 0.12265258215962441 
0 0.09727112676056338 0.7857981220657277 0.0721830985915493 0.11032863849765258 
0 0.5506161971830986 0.6038732394366197 0.06690140845070422 0.12441314553990611 
0 0.14546654929577466 0.1335093896713615 0.07350352112676056 0.13321596244131456 
0 0.21963028169014084 0.2632042253521127 0.08714788732394366 0.1238262910798122 
0 0.0488556338028169 0.26085680751173707 0.07834507042253522 0.13086854460093897 
0 0.7242517605633803 0.2834507042253521 0.06910211267605634 0.11737089201877934 
0 0.3221830985915493 0.2699530516431925 0.07658450704225352 0.11971830985915492 
0 0.8855633802816901 0.2887323943661972 0.07130281690140845 0.11619718309859155 
0 0.4993397887323944 0.14055164319248825 0.0743838028169014 0.13673708920187794 
0 0.06426056338028169 0.46566901408450706 0.07306338028169014 0.12617370892018778 
0 0.7981954225352113 0.4782863849765258 0.06998239436619719 0.11619718309859155 
0 0.8820422535211268 0.17077464788732394 0.06866197183098592 0.11737089201877934 
0 0.25682218309859156 0.7910798122065728 0.07262323943661972 0.11737089201877934 
0 0.5563380281690141 0.47183098591549294 0.07570422535211267 0.12323943661971831 
0 0.3248239436619718 0.1431924882629108 0.07570422535211267 0.1443661971830986 
0 0.22469190140845072 0.1317488262910798 0.0743838028169014 0.11795774647887323 
0 0.7295334507042254 0.15082159624413147 0.06998239436619719 0.13497652582159625 
0 0.6362235915492958 0.4721244131455399 0.07878521126760564 0.12852112676056338 
0 0.40735035211267606 0.13703051643192488 0.07526408450704225 0.13438967136150234 
0 0.39370598591549294 0.6015258215962441 0.06998239436619719 0.11971830985915492 
0 0.9731514084507042 0.1681338028169014 0.05369718309859155 0.12265258215962441 
0 0.8085387323943662 0.16637323943661972 0.06514084507042253 0.11913145539906103 
0 0.8065580985915493 0.2890258215962441 0.07174295774647887 0.10622065727699531 
0 0.8567341549295775 0.7834507042253521 0.0682218309859155 0.10211267605633803 
0 0.9469630281690141 0.4809272300469484 0.07526408450704225 0.12030516431924883 
0 0.39524647887323944 0.4671361502347418 0.07130281690140845 0.13262910798122066 
0 0.7836707746478874 0.784037558685446 0.07086267605633803 0.10446009389671361 
0 0.9414612676056338 0.7863849765258216 0.07482394366197183 0.1056338028169014 
0 0.5759242957746479 0.14612676056338028 0.07174295774647887 0.12910798122065728 
0 0.4768926056338028 0.6073943661971831 0.0682218309859155 0.12089201877934272 
0 0.22931338028169015 0.6044600938967136 0.0721830985915493 0.11384976525821597 
0 0.7180897887323944 0.4765258215962441 0.07262323943661972 0.12323943661971831 
0 0.9460827464788732 0.6088615023474179 0.06558098591549295 0.12147887323943662 
0 0.2306338028169014 0.4724178403755869 0.07394366197183098 0.13145539906103287 
0 0.8710387323943662 0.6091549295774648 0.06954225352112677 0.12089201877934272 
0 0.9749119718309859 0.2960680751173709 0.05017605633802817 0.10622065727699531 
0 0.02574823943661972 0.9166666666666666 0.050616197183098594 0.1255868544600939 
0 0.4240757042253521 0.9125586854460094 0.06734154929577464 0.1068075117370892 
0 0.4236355633802817 0.79518779342723 0.0682218309859155 0.10915492957746478 
0 0.875 0.48268779342723006 0.06690140845070422 0.12030516431924883 
0 0.5055017605633803 0.9198943661971831 0.07350352112676056 0.11678403755868545 
0 0.5794454225352113 0.92018779342723 0.07174295774647887 0.11267605633802817 
0 0.586487676056338 0.7984154929577465 0.06910211267605634 0.11561032863849766 
0 0.9348591549295775 0.9072769953051644 0.06954225352112677 0.10446009389671361 
0 0.33934859154929575 0.92018779342723 0.07922535211267606 0.11032863849765258 
0 0.7869718309859155 0.9075704225352113 0.06690140845070422 0.12617370892018778 
0 0.5129841549295775 0.7987089201877934 0.0664612676056338 0.107981220657277 
0 0.09132922535211267 0.9131455399061033 0.07262323943661972 0.12441314553990611 
0 0.17297535211267606 0.7910798122065728 0.07834507042253522 0.11737089201877934 
0 0.16901408450704225 0.9175469483568075 0.07482394366197183 0.12147887323943662 
0 0.858274647887324 0.9055164319248826 0.06514084507042253 0.11737089201877934 
0 0.257262323943662 0.9163732394366197 0.0743838028169014 0.12030516431924883 
0 0.3402288732394366 0.7946009389671361 0.08450704225352113 0.11737089201877934 
0 0.03125 0.7872652582159625 0.058098591549295774 0.10974178403755869 
0 0.3107394366197183 0.4668427230046948 0.07130281690140845 0.1238262910798122 
0 0.40580985915492956 0.2720070422535211 0.07394366197183098 0.12147887323943662 
0 0.4788732394366197 0.47124413145539906 0.07130281690140845 0.12793427230046947 
0 0.06227992957746479 0.5997652582159625 0.07702464788732394 0.11737089201877934 
0 0.7154489436619719 0.6062206572769953 0.07262323943661972 0.11971830985915492 
0 0.6472271126760564 0.2811032863849765 0.07262323943661972 0.11502347417840375 
0 0.13468309859154928 0.25997652582159625 0.07834507042253522 0.13615023474178403 
0 0.31338028169014087 0.6015258215962441 0.07130281690140845 0.11384976525821597 
0 0.5664612676056338 0.2778755868544601 0.06954225352112677 0.11913145539906103 
0 0.4876760563380282 0.2743544600938967 0.0721830985915493 0.11913145539906103 
0 0.1487676056338028 0.4647887323943662 0.07834507042253522 0.13380281690140844 
0 0.6527288732394366 0.1487676056338028 0.06866197183098592 0.13321596244131456 
0 0.6346830985915493 0.6073943661971831 0.06778169014084508 0.13262910798122066 
0 0.793794014084507 0.6065140845070423 0.07350352112676056 0.11678403755868545 
0 0.05039612676056338 0.12235915492957747 0.08758802816901408 0.1273474178403756 
0 0.14700704225352113 0.6000586854460094 0.07922535211267606 0.12265258215962441 
0 0.09727112676056338 0.7857981220657277 0.0721830985915493 0.11032863849765258 
0 0.5506161971830986 0.6038732394366197 0.06690140845070422 0.12441314553990611 
0 0.14546654929577466 0.1335093896713615 0.07350352112676056 0.13321596244131456 
0 0.21963028169014084 0.2632042253521127 0.08714788732394366 0.1238262910798122 
0 0.0488556338028169 0.26085680751173707 0.07834507042253522 0.13086854460093897 
0 0.7242517605633803 0.2834507042253521 0.06910211267605634 0.11737089201877934 
0 0.3221830985915493 0.2699530516431925 0.07658450704225352 0.11971830985915492 
0 0.8855633802816901 0.2887323943661972 0.07130281690140845 0.11619718309859155 
0 0.4993397887323944 0.14055164319248825 0.0743838028169014 0.13673708920187794 
0 0.06426056338028169 0.46566901408450706 0.07306338028169014 0.12617370892018778 
0 0.7981954225352113 0.4782863849765258 0.06998239436619719 0.11619718309859155 
0 0.8820422535211268 0.17077464788732394 0.06866197183098592 0.11737089201877934 
0 0.25682218309859156 0.7910798122065728 0.07262323943661972 0.11737089201877934 
0 0.5563380281690141 0.47183098591549294 0.07570422535211267 0.12323943661971831 
0 0.3248239436619718 0.1431924882629108 0.07570422535211267 0.1443661971830986 
0 0.22469190140845072 0.1317488262910798 0.0743838028169014 0.11795774647887323 
0 0.7295334507042254 0.15082159624413147 0.06998239436619719 0.13497652582159625 
0 0.6362235915492958 0.4721244131455399 0.07878521126760564 0.12852112676056338 
0 0.40735035211267606 0.13703051643192488 0.07526408450704225 0.13438967136150234 
0 0.39370598591549294 0.6015258215962441 0.06998239436619719 0.11971830985915492 
