0 0.053257042253521125 0.5363849765258216 0.0977112676056338 0.18896713615023475 
0 0.5272887323943662 0.47476525821596244 0.051056338028169015 0.062206572769953054 
0 0.47337147887323944 0.477112676056338 0.05677816901408451 0.0539906103286385 
0 0.2055457746478873 0.846244131455399 0.13556338028169015 0.0880281690140845 
0 0.0840669014084507 0.767018779342723 0.1426056338028169 0.215962441314554 
0 0.914612676056338 0.26555164319248825 0.09330985915492958 0.18603286384976525 
0 0.07680457746478873 0.2661384976525822 0.15272887323943662 0.15199530516431925 
0 0.6168573943661971 0.5645539906103286 0.1192781690140845 0.215962441314554 
0 0.7422975352112676 0.608274647887324 0.12544014084507044 0.15551643192488263 
0 0.22029049295774647 0.6775234741784038 0.1624119718309859 0.21889671361502347 
0 0.4837147887323944 0.7884389671361502 0.1426056338028169 0.21889671361502347 
0 0.47997359154929575 0.5930164319248826 0.1192781690140845 0.17194835680751175 
0 0.5110035211267606 0.24031690140845072 0.1602112676056338 0.27992957746478875 
0 0.6203785211267606 0.7963615023474179 0.1307218309859155 0.215962441314554 
0 0.06404049295774648 0.1267605633802817 0.12279929577464789 0.12089201877934272 
0 0.1894806338028169 0.12470657276995305 0.11487676056338028 0.11913145539906103 
0 0.20950704225352113 0.2699530516431925 0.13468309859154928 0.15375586854460094 
0 0.757262323943662 0.7990023474178404 0.14656690140845072 0.21889671361502347 
0 0.053257042253521125 0.5363849765258216 0.0977112676056338 0.18896713615023475 
0 0.5272887323943662 0.47476525821596244 0.051056338028169015 0.062206572769953054 
0 0.47337147887323944 0.477112676056338 0.05677816901408451 0.0539906103286385 
0 0.2055457746478873 0.846244131455399 0.13556338028169015 0.0880281690140845 
0 0.0840669014084507 0.767018779342723 0.1426056338028169 0.215962441314554 
0 0.914612676056338 0.26555164319248825 0.09330985915492958 0.18603286384976525 
0 0.07680457746478873 0.2661384976525822 0.15272887323943662 0.15199530516431925 
0 0.6168573943661971 0.5645539906103286 0.1192781690140845 0.215962441314554 
0 0.7422975352112676 0.608274647887324 0.12544014084507044 0.15551643192488263 
0 0.22029049295774647 0.6775234741784038 0.1624119718309859 0.21889671361502347 
0 0.4837147887323944 0.7884389671361502 0.1426056338028169 0.21889671361502347 
0 0.47997359154929575 0.5930164319248826 0.1192781690140845 0.17194835680751175 
0 0.5110035211267606 0.24031690140845072 0.1602112676056338 0.27992957746478875 
0 0.6203785211267606 0.7963615023474179 0.1307218309859155 0.215962441314554 
0 0.06404049295774648 0.1267605633802817 0.12279929577464789 0.12089201877934272 
0 0.1894806338028169 0.12470657276995305 0.11487676056338028 0.11913145539906103 
0 0.20950704225352113 0.2699530516431925 0.13468309859154928 0.15375586854460094 
0 0.757262323943662 0.7990023474178404 0.14656690140845072 0.21889671361502347 
0 0.053257042253521125 0.5363849765258216 0.0977112676056338 0.18896713615023475 
0 0.5272887323943662 0.47476525821596244 0.051056338028169015 0.062206572769953054 
0 0.47337147887323944 0.477112676056338 0.05677816901408451 0.0539906103286385 
0 0.2055457746478873 0.846244131455399 0.13556338028169015 0.0880281690140845 
0 0.0840669014084507 0.767018779342723 0.1426056338028169 0.215962441314554 
0 0.914612676056338 0.26555164319248825 0.09330985915492958 0.18603286384976525 
0 0.07680457746478873 0.2661384976525822 0.15272887323943662 0.15199530516431925 
0 0.6168573943661971 0.5645539906103286 0.1192781690140845 0.215962441314554 
0 0.7422975352112676 0.608274647887324 0.12544014084507044 0.15551643192488263 
0 0.22029049295774647 0.6775234741784038 0.1624119718309859 0.21889671361502347 
0 0.4837147887323944 0.7884389671361502 0.1426056338028169 0.21889671361502347 
0 0.47997359154929575 0.5930164319248826 0.1192781690140845 0.17194835680751175 
0 0.5110035211267606 0.24031690140845072 0.1602112676056338 0.27992957746478875 
0 0.6203785211267606 0.7963615023474179 0.1307218309859155 0.215962441314554 
0 0.06404049295774648 0.1267605633802817 0.12279929577464789 0.12089201877934272 
0 0.1894806338028169 0.12470657276995305 0.11487676056338028 0.11913145539906103 
0 0.20950704225352113 0.2699530516431925 0.13468309859154928 0.15375586854460094 
0 0.757262323943662 0.7990023474178404 0.14656690140845072 0.21889671361502347 
