0 0.8926056338028169 0.727406103286385 0.07306338028169014 0.14964788732394366 
0 0.9220950704225352 0.6150234741784038 0.0880281690140845 0.08685446009389672 
0 0.7491197183098591 0.6176643192488263 0.08890845070422536 0.09448356807511737 
0 0.9691901408450704 0.7588028169014085 0.061619718309859156 0.16666666666666666 
0 0.7389964788732394 0.7347417840375586 0.08362676056338028 0.1396713615023474 
0 0.6349031690140845 0.7306338028169014 0.08582746478873239 0.19953051643192488 
0 0.9069102112676056 0.1965962441314554 0.1483274647887324 0.1643192488262911 
0 0.07900528169014084 0.301056338028169 0.1483274647887324 0.2335680751173709 
0 0.9108714788732394 0.39055164319248825 0.16153169014084506 0.20246478873239437 
0 0.594850352112676 0.21508215962441316 0.16593309859154928 0.19190140845070422 
0 0.5862676056338029 0.39436619718309857 0.15845070422535212 0.16666666666666666 
0 0.8160211267605634 0.6977699530516432 0.07834507042253522 0.18427230046948356 
0 0.753080985915493 0.3840962441314554 0.15316901408450703 0.2130281690140845 
0 0.20664612676056338 0.7039319248826291 0.17121478873239437 0.301056338028169 
0 0.8926056338028169 0.727406103286385 0.07306338028169014 0.14964788732394366 
0 0.9220950704225352 0.6150234741784038 0.0880281690140845 0.08685446009389672 
0 0.7491197183098591 0.6176643192488263 0.08890845070422536 0.09448356807511737 
0 0.9691901408450704 0.7588028169014085 0.061619718309859156 0.16666666666666666 
0 0.7389964788732394 0.7347417840375586 0.08362676056338028 0.1396713615023474 
0 0.6349031690140845 0.7306338028169014 0.08582746478873239 0.19953051643192488 
0 0.9069102112676056 0.1965962441314554 0.1483274647887324 0.1643192488262911 
0 0.07900528169014084 0.301056338028169 0.1483274647887324 0.2335680751173709 
0 0.9108714788732394 0.39055164319248825 0.16153169014084506 0.20246478873239437 
0 0.594850352112676 0.21508215962441316 0.16593309859154928 0.19190140845070422 
0 0.5862676056338029 0.39436619718309857 0.15845070422535212 0.16666666666666666 
0 0.8160211267605634 0.6977699530516432 0.07834507042253522 0.18427230046948356 
0 0.753080985915493 0.3840962441314554 0.15316901408450703 0.2130281690140845 
0 0.20664612676056338 0.7039319248826291 0.17121478873239437 0.301056338028169 
0 0.8926056338028169 0.727406103286385 0.07306338028169014 0.14964788732394366 
0 0.9220950704225352 0.6150234741784038 0.0880281690140845 0.08685446009389672 
0 0.7491197183098591 0.6176643192488263 0.08890845070422536 0.09448356807511737 
0 0.9691901408450704 0.7588028169014085 0.061619718309859156 0.16666666666666666 
0 0.7389964788732394 0.7347417840375586 0.08362676056338028 0.1396713615023474 
0 0.6349031690140845 0.7306338028169014 0.08582746478873239 0.19953051643192488 
0 0.9069102112676056 0.1965962441314554 0.1483274647887324 0.1643192488262911 
0 0.07900528169014084 0.301056338028169 0.1483274647887324 0.2335680751173709 
0 0.9108714788732394 0.39055164319248825 0.16153169014084506 0.20246478873239437 
0 0.594850352112676 0.21508215962441316 0.16593309859154928 0.19190140845070422 
0 0.5862676056338029 0.39436619718309857 0.15845070422535212 0.16666666666666666 
0 0.8160211267605634 0.6977699530516432 0.07834507042253522 0.18427230046948356 
0 0.753080985915493 0.3840962441314554 0.15316901408450703 0.2130281690140845 
0 0.20664612676056338 0.7039319248826291 0.17121478873239437 0.301056338028169 
