0 0.7398767605633803 0.8553403755868545 0.06778169014084508 0.11326291079812206 
0 0.6608714788732394 0.8512323943661971 0.07086267605633803 0.1273474178403756 
0 0.11993838028169014 0.8450704225352113 0.07790492957746478 0.1267605633802817 
0 0.9227552816901409 0.8606220657276995 0.07526408450704225 0.11795774647887323 
0 0.5677816901408451 0.8597417840375586 0.07394366197183098 0.12206572769953052 
0 0.9731514084507042 0.29107981220657275 0.05369718309859155 0.13262910798122066 
0 0.38974471830985913 0.858274647887324 0.07790492957746478 0.12265258215962441 
0 0.9766725352112676 0.5123239436619719 0.04665492957746479 0.13145539906103287 
0 0.9088908450704225 0.5132042253521126 0.07746478873239436 0.13321596244131456 
0 0.8972271126760564 0.6525821596244131 0.07790492957746478 0.1255868544600939 
0 0.8921654929577465 0.1431924882629108 0.08538732394366197 0.12910798122065728 
0 0.30215669014084506 0.85768779342723 0.07262323943661972 0.1238262910798122 
0 0.03675176056338028 0.846830985915493 0.07262323943661972 0.142018779342723 
0 0.4841549295774648 0.8606220657276995 0.07658450704225352 0.1273474178403756 
0 0.2068661971830986 0.8556338028169014 0.08274647887323944 0.13028169014084506 
0 0.02112676056338028 0.6370305164319249 0.03961267605633803 0.12969483568075119 
0 0.825044014084507 0.9639084507042254 0.07526408450704225 0.06514084507042253 
0 0.9731514084507042 0.14788732394366197 0.05369718309859155 0.13732394366197184 
0 0.9150528169014085 0.9618544600938967 0.0818661971830986 0.07276995305164319 
0 0.7370158450704225 0.9612676056338029 0.07878521126760564 0.07746478873239436 
0 0.6492077464788732 0.9574530516431925 0.07746478873239436 0.08509389671361503 
0 0.5627200704225352 0.9668427230046949 0.08494718309859155 0.06631455399061033 
0 0.4753521126760563 0.9683098591549296 0.07658450704225352 0.06338028169014084 
0 0.8369278169014085 0.8609154929577465 0.07526408450704225 0.12323943661971831 
0 0.2986355633802817 0.9636150234741784 0.09375 0.07276995305164319 
0 0.11663732394366197 0.9589201877934272 0.09154929577464789 0.07863849765258216 
0 0.18727992957746478 0.1402582159624413 0.06382042253521127 0.1068075117370892 
0 0.023987676056338027 0.12881455399061034 0.03829225352112676 0.12617370892018778 
0 0.9823943661971831 0.8603286384976526 0.035211267605633804 0.11502347417840375 
0 0.38754401408450706 0.965962441314554 0.08054577464788733 0.06807511737089202 
0 0.03807218309859155 0.960387323943662 0.07526408450704225 0.07922535211267606 
0 0.20950704225352113 0.9612676056338029 0.08274647887323944 0.07746478873239436 
0 0.5367517605633803 0.12852112676056338 0.08758802816901408 0.13615023474178403 
0 0.018705985915492957 0.488556338028169 0.03477112676056338 0.13556338028169015 
0 0.9738116197183099 0.6558098591549296 0.04973591549295775 0.12617370892018778 
0 0.26606514084507044 0.49765258215962443 0.08494718309859155 0.13145539906103287 
0 0.7295334507042254 0.6508215962441315 0.07702464788732394 0.13849765258215962 
0 0.36245598591549294 0.6446596244131455 0.08670774647887323 0.13321596244131456 
0 0.4509242957746479 0.27992957746478875 0.08054577464788733 0.13380281690140844 
0 0.5429137323943662 0.2708333333333333 0.08230633802816902 0.13556338028169015 
0 0.805237676056338 0.13732394366197184 0.08582746478873239 0.13380281690140844 
0 0.8102992957746479 0.28080985915492956 0.06866197183098592 0.1437793427230047 
0 0.26826584507042256 0.6402582159624414 0.07526408450704225 0.13849765258215962 
0 0.6289612676056338 0.49471830985915494 0.07922535211267606 0.13028169014084506 
0 0.7288732394366197 0.27523474178403756 0.08274647887323944 0.1431924882629108 
0 0.17913732394366197 0.642018779342723 0.08714788732394366 0.13849765258215962 
0 0.6338028169014085 0.6499413145539906 0.08098591549295775 0.1437793427230047 
0 0.1054137323943662 0.14172535211267606 0.07702464788732394 0.1073943661971831 
0 0.45444542253521125 0.6487676056338029 0.08494718309859155 0.13321596244131456 
0 0.5407130281690141 0.6502347417840375 0.07966549295774648 0.13380281690140844 
0 0.6287411971830986 0.12323943661971831 0.08670774647887323 0.15023474178403756 
0 0.8125 0.6470070422535211 0.07834507042253522 0.1402582159624413 
0 0.6384242957746479 0.272593896713615 0.08054577464788733 0.1426056338028169 
0 0.34903169014084506 0.1273474178403756 0.08538732394366197 0.13262910798122066 
0 0.4480633802816901 0.13028169014084506 0.0818661971830986 0.1396713615023474 
0 0.06294014084507042 0.26467136150234744 0.08538732394366197 0.13262910798122066 
0 0.2607834507042254 0.1329225352112676 0.08318661971830986 0.1426056338028169 
0 0.45422535211267606 0.5035211267605634 0.07922535211267606 0.13380281690140844 
0 0.2548415492957746 0.26848591549295775 0.08362676056338028 0.1402582159624413 
0 0.08560739436619719 0.4926643192488263 0.08846830985915492 0.1402582159624413 
0 0.8954665492957746 0.2875586854460094 0.07702464788732394 0.13380281690140844 
0 0.7183098591549296 0.12470657276995305 0.08538732394366197 0.15316901408450703 
0 0.8153609154929577 0.5035211267605634 0.08142605633802817 0.15258215962441316 
0 0.7242517605633803 0.5023474178403756 0.08054577464788733 0.1396713615023474 
0 0.5429137323943662 0.4932511737089202 0.0840669014084507 0.13321596244131456 
0 0.1619718309859155 0.2699530516431925 0.08450704225352113 0.12793427230046947 
0 0.3488116197183099 0.26936619718309857 0.08582746478873239 0.142018779342723 
0 0.0838468309859155 0.6338028169014085 0.08054577464788733 0.13262910798122066 
0 0.17671654929577466 0.49589201877934275 0.08494718309859155 0.13732394366197184 
0 0.36047535211267606 0.5008802816901409 0.08098591549295775 0.13321596244131456 
0 0.7398767605633803 0.8553403755868545 0.06778169014084508 0.11326291079812206 
0 0.6608714788732394 0.8512323943661971 0.07086267605633803 0.1273474178403756 
0 0.11993838028169014 0.8450704225352113 0.07790492957746478 0.1267605633802817 
0 0.9227552816901409 0.8606220657276995 0.07526408450704225 0.11795774647887323 
0 0.5677816901408451 0.8597417840375586 0.07394366197183098 0.12206572769953052 
0 0.9731514084507042 0.29107981220657275 0.05369718309859155 0.13262910798122066 
0 0.38974471830985913 0.858274647887324 0.07790492957746478 0.12265258215962441 
0 0.9766725352112676 0.5123239436619719 0.04665492957746479 0.13145539906103287 
0 0.9088908450704225 0.5132042253521126 0.07746478873239436 0.13321596244131456 
0 0.8972271126760564 0.6525821596244131 0.07790492957746478 0.1255868544600939 
0 0.8921654929577465 0.1431924882629108 0.08538732394366197 0.12910798122065728 
0 0.30215669014084506 0.85768779342723 0.07262323943661972 0.1238262910798122 
0 0.03675176056338028 0.846830985915493 0.07262323943661972 0.142018779342723 
0 0.4841549295774648 0.8606220657276995 0.07658450704225352 0.1273474178403756 
0 0.2068661971830986 0.8556338028169014 0.08274647887323944 0.13028169014084506 
0 0.02112676056338028 0.6370305164319249 0.03961267605633803 0.12969483568075119 
0 0.825044014084507 0.9639084507042254 0.07526408450704225 0.06514084507042253 
0 0.9731514084507042 0.14788732394366197 0.05369718309859155 0.13732394366197184 
0 0.9150528169014085 0.9618544600938967 0.0818661971830986 0.07276995305164319 
0 0.7370158450704225 0.9612676056338029 0.07878521126760564 0.07746478873239436 
0 0.6492077464788732 0.9574530516431925 0.07746478873239436 0.08509389671361503 
0 0.5627200704225352 0.9668427230046949 0.08494718309859155 0.06631455399061033 
0 0.4753521126760563 0.9683098591549296 0.07658450704225352 0.06338028169014084 
0 0.8369278169014085 0.8609154929577465 0.07526408450704225 0.12323943661971831 
0 0.2986355633802817 0.9636150234741784 0.09375 0.07276995305164319 
0 0.11663732394366197 0.9589201877934272 0.09154929577464789 0.07863849765258216 
0 0.18727992957746478 0.1402582159624413 0.06382042253521127 0.1068075117370892 
0 0.023987676056338027 0.12881455399061034 0.03829225352112676 0.12617370892018778 
0 0.9823943661971831 0.8603286384976526 0.035211267605633804 0.11502347417840375 
0 0.38754401408450706 0.965962441314554 0.08054577464788733 0.06807511737089202 
0 0.03807218309859155 0.960387323943662 0.07526408450704225 0.07922535211267606 
0 0.20950704225352113 0.9612676056338029 0.08274647887323944 0.07746478873239436 
0 0.5367517605633803 0.12852112676056338 0.08758802816901408 0.13615023474178403 
0 0.018705985915492957 0.488556338028169 0.03477112676056338 0.13556338028169015 
0 0.9738116197183099 0.6558098591549296 0.04973591549295775 0.12617370892018778 
0 0.26606514084507044 0.49765258215962443 0.08494718309859155 0.13145539906103287 
0 0.7295334507042254 0.6508215962441315 0.07702464788732394 0.13849765258215962 
0 0.36245598591549294 0.6446596244131455 0.08670774647887323 0.13321596244131456 
0 0.4509242957746479 0.27992957746478875 0.08054577464788733 0.13380281690140844 
0 0.5429137323943662 0.2708333333333333 0.08230633802816902 0.13556338028169015 
0 0.805237676056338 0.13732394366197184 0.08582746478873239 0.13380281690140844 
0 0.8102992957746479 0.28080985915492956 0.06866197183098592 0.1437793427230047 
0 0.26826584507042256 0.6402582159624414 0.07526408450704225 0.13849765258215962 
0 0.6289612676056338 0.49471830985915494 0.07922535211267606 0.13028169014084506 
0 0.7288732394366197 0.27523474178403756 0.08274647887323944 0.1431924882629108 
0 0.17913732394366197 0.642018779342723 0.08714788732394366 0.13849765258215962 
0 0.6338028169014085 0.6499413145539906 0.08098591549295775 0.1437793427230047 
0 0.1054137323943662 0.14172535211267606 0.07702464788732394 0.1073943661971831 
0 0.45444542253521125 0.6487676056338029 0.08494718309859155 0.13321596244131456 
0 0.5407130281690141 0.6502347417840375 0.07966549295774648 0.13380281690140844 
0 0.6287411971830986 0.12323943661971831 0.08670774647887323 0.15023474178403756 
0 0.8125 0.6470070422535211 0.07834507042253522 0.1402582159624413 
0 0.6384242957746479 0.272593896713615 0.08054577464788733 0.1426056338028169 
0 0.34903169014084506 0.1273474178403756 0.08538732394366197 0.13262910798122066 
0 0.4480633802816901 0.13028169014084506 0.0818661971830986 0.1396713615023474 
0 0.06294014084507042 0.26467136150234744 0.08538732394366197 0.13262910798122066 
0 0.2607834507042254 0.1329225352112676 0.08318661971830986 0.1426056338028169 
0 0.45422535211267606 0.5035211267605634 0.07922535211267606 0.13380281690140844 
0 0.2548415492957746 0.26848591549295775 0.08362676056338028 0.1402582159624413 
0 0.08560739436619719 0.4926643192488263 0.08846830985915492 0.1402582159624413 
0 0.8954665492957746 0.2875586854460094 0.07702464788732394 0.13380281690140844 
0 0.7183098591549296 0.12470657276995305 0.08538732394366197 0.15316901408450703 
0 0.8153609154929577 0.5035211267605634 0.08142605633802817 0.15258215962441316 
0 0.7242517605633803 0.5023474178403756 0.08054577464788733 0.1396713615023474 
0 0.5429137323943662 0.4932511737089202 0.0840669014084507 0.13321596244131456 
0 0.1619718309859155 0.2699530516431925 0.08450704225352113 0.12793427230046947 
0 0.3488116197183099 0.26936619718309857 0.08582746478873239 0.142018779342723 
0 0.0838468309859155 0.6338028169014085 0.08054577464788733 0.13262910798122066 
0 0.17671654929577466 0.49589201877934275 0.08494718309859155 0.13732394366197184 
0 0.36047535211267606 0.5008802816901409 0.08098591549295775 0.13321596244131456 
0 0.7398767605633803 0.8553403755868545 0.06778169014084508 0.11326291079812206 
0 0.6608714788732394 0.8512323943661971 0.07086267605633803 0.1273474178403756 
0 0.11993838028169014 0.8450704225352113 0.07790492957746478 0.1267605633802817 
0 0.9227552816901409 0.8606220657276995 0.07526408450704225 0.11795774647887323 
0 0.5677816901408451 0.8597417840375586 0.07394366197183098 0.12206572769953052 
0 0.9731514084507042 0.29107981220657275 0.05369718309859155 0.13262910798122066 
0 0.38974471830985913 0.858274647887324 0.07790492957746478 0.12265258215962441 
0 0.9766725352112676 0.5123239436619719 0.04665492957746479 0.13145539906103287 
0 0.9088908450704225 0.5132042253521126 0.07746478873239436 0.13321596244131456 
0 0.8972271126760564 0.6525821596244131 0.07790492957746478 0.1255868544600939 
0 0.8921654929577465 0.1431924882629108 0.08538732394366197 0.12910798122065728 
0 0.30215669014084506 0.85768779342723 0.07262323943661972 0.1238262910798122 
0 0.03675176056338028 0.846830985915493 0.07262323943661972 0.142018779342723 
0 0.4841549295774648 0.8606220657276995 0.07658450704225352 0.1273474178403756 
0 0.2068661971830986 0.8556338028169014 0.08274647887323944 0.13028169014084506 
0 0.02112676056338028 0.6370305164319249 0.03961267605633803 0.12969483568075119 
0 0.825044014084507 0.9639084507042254 0.07526408450704225 0.06514084507042253 
0 0.9731514084507042 0.14788732394366197 0.05369718309859155 0.13732394366197184 
0 0.9150528169014085 0.9618544600938967 0.0818661971830986 0.07276995305164319 
0 0.7370158450704225 0.9612676056338029 0.07878521126760564 0.07746478873239436 
0 0.6492077464788732 0.9574530516431925 0.07746478873239436 0.08509389671361503 
0 0.5627200704225352 0.9668427230046949 0.08494718309859155 0.06631455399061033 
0 0.4753521126760563 0.9683098591549296 0.07658450704225352 0.06338028169014084 
0 0.8369278169014085 0.8609154929577465 0.07526408450704225 0.12323943661971831 
0 0.2986355633802817 0.9636150234741784 0.09375 0.07276995305164319 
0 0.11663732394366197 0.9589201877934272 0.09154929577464789 0.07863849765258216 
0 0.18727992957746478 0.1402582159624413 0.06382042253521127 0.1068075117370892 
0 0.023987676056338027 0.12881455399061034 0.03829225352112676 0.12617370892018778 
0 0.9823943661971831 0.8603286384976526 0.035211267605633804 0.11502347417840375 
0 0.38754401408450706 0.965962441314554 0.08054577464788733 0.06807511737089202 
0 0.03807218309859155 0.960387323943662 0.07526408450704225 0.07922535211267606 
0 0.20950704225352113 0.9612676056338029 0.08274647887323944 0.07746478873239436 
0 0.5367517605633803 0.12852112676056338 0.08758802816901408 0.13615023474178403 
0 0.018705985915492957 0.488556338028169 0.03477112676056338 0.13556338028169015 
0 0.9738116197183099 0.6558098591549296 0.04973591549295775 0.12617370892018778 
0 0.26606514084507044 0.49765258215962443 0.08494718309859155 0.13145539906103287 
0 0.7295334507042254 0.6508215962441315 0.07702464788732394 0.13849765258215962 
0 0.36245598591549294 0.6446596244131455 0.08670774647887323 0.13321596244131456 
0 0.4509242957746479 0.27992957746478875 0.08054577464788733 0.13380281690140844 
0 0.5429137323943662 0.2708333333333333 0.08230633802816902 0.13556338028169015 
0 0.805237676056338 0.13732394366197184 0.08582746478873239 0.13380281690140844 
0 0.8102992957746479 0.28080985915492956 0.06866197183098592 0.1437793427230047 
0 0.26826584507042256 0.6402582159624414 0.07526408450704225 0.13849765258215962 
0 0.6289612676056338 0.49471830985915494 0.07922535211267606 0.13028169014084506 
0 0.7288732394366197 0.27523474178403756 0.08274647887323944 0.1431924882629108 
0 0.17913732394366197 0.642018779342723 0.08714788732394366 0.13849765258215962 
0 0.6338028169014085 0.6499413145539906 0.08098591549295775 0.1437793427230047 
0 0.1054137323943662 0.14172535211267606 0.07702464788732394 0.1073943661971831 
0 0.45444542253521125 0.6487676056338029 0.08494718309859155 0.13321596244131456 
0 0.5407130281690141 0.6502347417840375 0.07966549295774648 0.13380281690140844 
0 0.6287411971830986 0.12323943661971831 0.08670774647887323 0.15023474178403756 
0 0.8125 0.6470070422535211 0.07834507042253522 0.1402582159624413 
0 0.6384242957746479 0.272593896713615 0.08054577464788733 0.1426056338028169 
0 0.34903169014084506 0.1273474178403756 0.08538732394366197 0.13262910798122066 
0 0.4480633802816901 0.13028169014084506 0.0818661971830986 0.1396713615023474 
0 0.06294014084507042 0.26467136150234744 0.08538732394366197 0.13262910798122066 
0 0.2607834507042254 0.1329225352112676 0.08318661971830986 0.1426056338028169 
0 0.45422535211267606 0.5035211267605634 0.07922535211267606 0.13380281690140844 
0 0.2548415492957746 0.26848591549295775 0.08362676056338028 0.1402582159624413 
0 0.08560739436619719 0.4926643192488263 0.08846830985915492 0.1402582159624413 
0 0.8954665492957746 0.2875586854460094 0.07702464788732394 0.13380281690140844 
0 0.7183098591549296 0.12470657276995305 0.08538732394366197 0.15316901408450703 
0 0.8153609154929577 0.5035211267605634 0.08142605633802817 0.15258215962441316 
0 0.7242517605633803 0.5023474178403756 0.08054577464788733 0.1396713615023474 
0 0.5429137323943662 0.4932511737089202 0.0840669014084507 0.13321596244131456 
0 0.1619718309859155 0.2699530516431925 0.08450704225352113 0.12793427230046947 
0 0.3488116197183099 0.26936619718309857 0.08582746478873239 0.142018779342723 
0 0.0838468309859155 0.6338028169014085 0.08054577464788733 0.13262910798122066 
0 0.17671654929577466 0.49589201877934275 0.08494718309859155 0.13732394366197184 
0 0.36047535211267606 0.5008802816901409 0.08098591549295775 0.13321596244131456 
