0 0.3125 0.08039906103286384 0.07746478873239436 0.13732394366197184 
0 0.6540492957746479 0.0886150234741784 0.07746478873239436 0.13028169014084506 
0 0.488556338028169 0.07893192488262911 0.07042253521126761 0.11561032863849766 
0 0.13776408450704225 0.06602112676056338 0.07922535211267606 0.125 
0 0.590669014084507 0.41960093896713613 0.06778169014084508 0.1255868544600939 
0 0.4005281690140845 0.07893192488262911 0.07922535211267606 0.13086854460093897 
0 0.8265845070422535 0.0988849765258216 0.07570422535211267 0.11795774647887323 
0 0.7559419014084507 0.43045774647887325 0.0682218309859155 0.12617370892018778 
0 0.5088028169014085 0.4225352112676056 0.07394366197183098 0.13262910798122066 
0 0.050616197183098594 0.06396713615023474 0.0818661971830986 0.1267605633802817 
0 0.0801056338028169 0.3970070422535211 0.07658450704225352 0.13438967136150234 
0 0.5013204225352113 0.5563380281690141 0.06778169014084508 0.11502347417840375 
0 0.22469190140845072 0.07042253521126761 0.0743838028169014 0.13497652582159625 
0 0.3492517605633803 0.9178403755868545 0.14744718309859156 0.1607981220657277 
0 0.8224031690140845 0.5748239436619719 0.07174295774647887 0.12147887323943662 
0 0.8985475352112676 0.24647887323943662 0.07526408450704225 0.12323943661971831 
0 0.9702904929577465 0.5783450704225352 0.05941901408450704 0.11443661971830986 
0 0.9795334507042254 0.44923708920187794 0.0409330985915493 0.12147887323943662 
0 0.9696302816901409 0.24530516431924881 0.05545774647887324 0.11854460093896714 
0 0.670774647887324 0.9160798122065728 0.13908450704225353 0.1607981220657277 
0 0.0662411971830986 0.9128521126760564 0.12544014084507044 0.1742957746478873 
0 0.8371478873239436 0.9527582159624414 0.17077464788732394 0.09448356807511737 
0 0.9716109154929577 0.1141431924882629 0.05677816901408451 0.125 
0 0.02222711267605634 0.3999413145539906 0.04357394366197183 0.125 
0 0.021786971830985914 0.5366784037558685 0.03829225352112676 0.12969483568075119 
0 0.16505281690140844 0.40316901408450706 0.0801056338028169 0.1396713615023474 
0 0.8329665492957746 0.4380868544600939 0.07174295774647887 0.12617370892018778 
0 0.5730633802816901 0.08538732394366197 0.07482394366197183 0.11443661971830986 
0 0.9128521126760564 0.4392605633802817 0.06954225352112677 0.12617370892018778 
0 0.8184419014084507 0.24002347417840375 0.07350352112676056 0.1267605633802817 
0 0.4238556338028169 0.4210680751173709 0.0721830985915493 0.12265258215962441 
0 0.8543133802816901 0.801056338028169 0.15933098591549297 0.1936619718309859 
0 0.39942781690140844 0.21214788732394366 0.07262323943661972 0.1238262910798122 
0 0.5682218309859155 0.22241784037558684 0.07306338028169014 0.13145539906103287 
0 0.14326584507042253 0.20099765258215962 0.08054577464788733 0.11561032863849766 
0 0.5761443661971831 0.5534037558685446 0.06866197183098592 0.13262910798122066 
0 0.2264524647887324 0.20305164319248825 0.07526408450704225 0.12323943661971831 
0 0.2515404929577465 0.5431338028169014 0.08142605633802817 0.12265258215962441 
0 0.7436179577464789 0.5616197183098591 0.06998239436619719 0.13849765258215962 
0 0.4137323943661972 0.551349765258216 0.06954225352112677 0.125 
0 0.3386883802816901 0.5475352112676056 0.07086267605633803 0.11384976525821597 
0 0.33912852112676056 0.41901408450704225 0.07966549295774648 0.142018779342723 
0 0.519806338028169 0.9240023474178404 0.1487676056338028 0.15199530516431925 
0 0.31117957746478875 0.20774647887323944 0.0801056338028169 0.12323943661971831 
0 0.6560299295774648 0.22946009389671362 0.07174295774647887 0.12910798122065728 
0 0.167693661971831 0.5422535211267606 0.07482394366197183 0.12089201877934272 
0 0.742737676056338 0.09301643192488263 0.07174295774647887 0.13908450704225353 
0 0.6591109154929577 0.5598591549295775 0.06998239436619719 0.12910798122065728 
0 0.4810739436619718 0.21742957746478872 0.07394366197183098 0.12265258215962441 
0 0.04863556338028169 0.1936619718309859 0.08142605633802817 0.12323943661971831 
0 0.6683538732394366 0.4234154929577465 0.0743838028169014 0.1238262910798122 
0 0.5235475352112676 0.766725352112676 0.12279929577464789 0.14847417840375587 
0 0.08318661971830986 0.5325704225352113 0.0818661971830986 0.12852112676056338 
0 0.7392165492957746 0.2318075117370892 0.0743838028169014 0.12793427230046947 
0 0.8992077464788732 0.5715962441314554 0.07130281690140845 0.11854460093896714 
0 0.3701584507042254 0.7546948356807511 0.1267605633802817 0.15610328638497653 
0 0.0897887323943662 0.7464788732394366 0.12411971830985916 0.13262910798122066 
0 0.24955985915492956 0.4113849765258216 0.0801056338028169 0.13028169014084506 
0 0.9069102112676056 0.10710093896713616 0.06734154929577464 0.1238262910798122 
0 0.3125 0.08039906103286384 0.07746478873239436 0.13732394366197184 
0 0.6540492957746479 0.0886150234741784 0.07746478873239436 0.13028169014084506 
0 0.488556338028169 0.07893192488262911 0.07042253521126761 0.11561032863849766 
0 0.13776408450704225 0.06602112676056338 0.07922535211267606 0.125 
0 0.590669014084507 0.41960093896713613 0.06778169014084508 0.1255868544600939 
0 0.4005281690140845 0.07893192488262911 0.07922535211267606 0.13086854460093897 
0 0.8265845070422535 0.0988849765258216 0.07570422535211267 0.11795774647887323 
0 0.7559419014084507 0.43045774647887325 0.0682218309859155 0.12617370892018778 
0 0.5088028169014085 0.4225352112676056 0.07394366197183098 0.13262910798122066 
0 0.050616197183098594 0.06396713615023474 0.0818661971830986 0.1267605633802817 
0 0.0801056338028169 0.3970070422535211 0.07658450704225352 0.13438967136150234 
0 0.5013204225352113 0.5563380281690141 0.06778169014084508 0.11502347417840375 
0 0.22469190140845072 0.07042253521126761 0.0743838028169014 0.13497652582159625 
0 0.3492517605633803 0.9178403755868545 0.14744718309859156 0.1607981220657277 
0 0.8224031690140845 0.5748239436619719 0.07174295774647887 0.12147887323943662 
0 0.8985475352112676 0.24647887323943662 0.07526408450704225 0.12323943661971831 
0 0.9702904929577465 0.5783450704225352 0.05941901408450704 0.11443661971830986 
0 0.9795334507042254 0.44923708920187794 0.0409330985915493 0.12147887323943662 
0 0.9696302816901409 0.24530516431924881 0.05545774647887324 0.11854460093896714 
0 0.670774647887324 0.9160798122065728 0.13908450704225353 0.1607981220657277 
0 0.0662411971830986 0.9128521126760564 0.12544014084507044 0.1742957746478873 
0 0.8371478873239436 0.9527582159624414 0.17077464788732394 0.09448356807511737 
0 0.9716109154929577 0.1141431924882629 0.05677816901408451 0.125 
0 0.02222711267605634 0.3999413145539906 0.04357394366197183 0.125 
0 0.021786971830985914 0.5366784037558685 0.03829225352112676 0.12969483568075119 
0 0.16505281690140844 0.40316901408450706 0.0801056338028169 0.1396713615023474 
0 0.8329665492957746 0.4380868544600939 0.07174295774647887 0.12617370892018778 
0 0.5730633802816901 0.08538732394366197 0.07482394366197183 0.11443661971830986 
0 0.9128521126760564 0.4392605633802817 0.06954225352112677 0.12617370892018778 
0 0.8184419014084507 0.24002347417840375 0.07350352112676056 0.1267605633802817 
0 0.4238556338028169 0.4210680751173709 0.0721830985915493 0.12265258215962441 
0 0.8543133802816901 0.801056338028169 0.15933098591549297 0.1936619718309859 
0 0.39942781690140844 0.21214788732394366 0.07262323943661972 0.1238262910798122 
0 0.5682218309859155 0.22241784037558684 0.07306338028169014 0.13145539906103287 
0 0.14326584507042253 0.20099765258215962 0.08054577464788733 0.11561032863849766 
0 0.5761443661971831 0.5534037558685446 0.06866197183098592 0.13262910798122066 
0 0.2264524647887324 0.20305164319248825 0.07526408450704225 0.12323943661971831 
0 0.2515404929577465 0.5431338028169014 0.08142605633802817 0.12265258215962441 
0 0.7436179577464789 0.5616197183098591 0.06998239436619719 0.13849765258215962 
0 0.4137323943661972 0.551349765258216 0.06954225352112677 0.125 
0 0.3386883802816901 0.5475352112676056 0.07086267605633803 0.11384976525821597 
0 0.33912852112676056 0.41901408450704225 0.07966549295774648 0.142018779342723 
0 0.519806338028169 0.9240023474178404 0.1487676056338028 0.15199530516431925 
0 0.31117957746478875 0.20774647887323944 0.0801056338028169 0.12323943661971831 
0 0.6560299295774648 0.22946009389671362 0.07174295774647887 0.12910798122065728 
0 0.167693661971831 0.5422535211267606 0.07482394366197183 0.12089201877934272 
0 0.742737676056338 0.09301643192488263 0.07174295774647887 0.13908450704225353 
0 0.6591109154929577 0.5598591549295775 0.06998239436619719 0.12910798122065728 
0 0.4810739436619718 0.21742957746478872 0.07394366197183098 0.12265258215962441 
0 0.04863556338028169 0.1936619718309859 0.08142605633802817 0.12323943661971831 
0 0.6683538732394366 0.4234154929577465 0.0743838028169014 0.1238262910798122 
0 0.5235475352112676 0.766725352112676 0.12279929577464789 0.14847417840375587 
0 0.08318661971830986 0.5325704225352113 0.0818661971830986 0.12852112676056338 
0 0.7392165492957746 0.2318075117370892 0.0743838028169014 0.12793427230046947 
0 0.8992077464788732 0.5715962441314554 0.07130281690140845 0.11854460093896714 
0 0.3701584507042254 0.7546948356807511 0.1267605633802817 0.15610328638497653 
0 0.0897887323943662 0.7464788732394366 0.12411971830985916 0.13262910798122066 
0 0.24955985915492956 0.4113849765258216 0.0801056338028169 0.13028169014084506 
0 0.9069102112676056 0.10710093896713616 0.06734154929577464 0.1238262910798122 
0 0.3125 0.08039906103286384 0.07746478873239436 0.13732394366197184 
0 0.6540492957746479 0.0886150234741784 0.07746478873239436 0.13028169014084506 
0 0.488556338028169 0.07893192488262911 0.07042253521126761 0.11561032863849766 
0 0.13776408450704225 0.06602112676056338 0.07922535211267606 0.125 
0 0.590669014084507 0.41960093896713613 0.06778169014084508 0.1255868544600939 
0 0.4005281690140845 0.07893192488262911 0.07922535211267606 0.13086854460093897 
0 0.8265845070422535 0.0988849765258216 0.07570422535211267 0.11795774647887323 
0 0.7559419014084507 0.43045774647887325 0.0682218309859155 0.12617370892018778 
0 0.5088028169014085 0.4225352112676056 0.07394366197183098 0.13262910798122066 
0 0.050616197183098594 0.06396713615023474 0.0818661971830986 0.1267605633802817 
0 0.0801056338028169 0.3970070422535211 0.07658450704225352 0.13438967136150234 
0 0.5013204225352113 0.5563380281690141 0.06778169014084508 0.11502347417840375 
0 0.22469190140845072 0.07042253521126761 0.0743838028169014 0.13497652582159625 
0 0.3492517605633803 0.9178403755868545 0.14744718309859156 0.1607981220657277 
0 0.8224031690140845 0.5748239436619719 0.07174295774647887 0.12147887323943662 
0 0.8985475352112676 0.24647887323943662 0.07526408450704225 0.12323943661971831 
0 0.9702904929577465 0.5783450704225352 0.05941901408450704 0.11443661971830986 
0 0.9795334507042254 0.44923708920187794 0.0409330985915493 0.12147887323943662 
0 0.9696302816901409 0.24530516431924881 0.05545774647887324 0.11854460093896714 
0 0.670774647887324 0.9160798122065728 0.13908450704225353 0.1607981220657277 
0 0.0662411971830986 0.9128521126760564 0.12544014084507044 0.1742957746478873 
0 0.8371478873239436 0.9527582159624414 0.17077464788732394 0.09448356807511737 
0 0.9716109154929577 0.1141431924882629 0.05677816901408451 0.125 
0 0.02222711267605634 0.3999413145539906 0.04357394366197183 0.125 
0 0.021786971830985914 0.5366784037558685 0.03829225352112676 0.12969483568075119 
0 0.16505281690140844 0.40316901408450706 0.0801056338028169 0.1396713615023474 
0 0.8329665492957746 0.4380868544600939 0.07174295774647887 0.12617370892018778 
0 0.5730633802816901 0.08538732394366197 0.07482394366197183 0.11443661971830986 
0 0.9128521126760564 0.4392605633802817 0.06954225352112677 0.12617370892018778 
0 0.8184419014084507 0.24002347417840375 0.07350352112676056 0.1267605633802817 
0 0.4238556338028169 0.4210680751173709 0.0721830985915493 0.12265258215962441 
0 0.8543133802816901 0.801056338028169 0.15933098591549297 0.1936619718309859 
0 0.39942781690140844 0.21214788732394366 0.07262323943661972 0.1238262910798122 
0 0.5682218309859155 0.22241784037558684 0.07306338028169014 0.13145539906103287 
0 0.14326584507042253 0.20099765258215962 0.08054577464788733 0.11561032863849766 
0 0.5761443661971831 0.5534037558685446 0.06866197183098592 0.13262910798122066 
0 0.2264524647887324 0.20305164319248825 0.07526408450704225 0.12323943661971831 
0 0.2515404929577465 0.5431338028169014 0.08142605633802817 0.12265258215962441 
0 0.7436179577464789 0.5616197183098591 0.06998239436619719 0.13849765258215962 
0 0.4137323943661972 0.551349765258216 0.06954225352112677 0.125 
0 0.3386883802816901 0.5475352112676056 0.07086267605633803 0.11384976525821597 
0 0.33912852112676056 0.41901408450704225 0.07966549295774648 0.142018779342723 
0 0.519806338028169 0.9240023474178404 0.1487676056338028 0.15199530516431925 
0 0.31117957746478875 0.20774647887323944 0.0801056338028169 0.12323943661971831 
0 0.6560299295774648 0.22946009389671362 0.07174295774647887 0.12910798122065728 
0 0.167693661971831 0.5422535211267606 0.07482394366197183 0.12089201877934272 
0 0.742737676056338 0.09301643192488263 0.07174295774647887 0.13908450704225353 
0 0.6591109154929577 0.5598591549295775 0.06998239436619719 0.12910798122065728 
0 0.4810739436619718 0.21742957746478872 0.07394366197183098 0.12265258215962441 
0 0.04863556338028169 0.1936619718309859 0.08142605633802817 0.12323943661971831 
0 0.6683538732394366 0.4234154929577465 0.0743838028169014 0.1238262910798122 
0 0.5235475352112676 0.766725352112676 0.12279929577464789 0.14847417840375587 
0 0.08318661971830986 0.5325704225352113 0.0818661971830986 0.12852112676056338 
0 0.7392165492957746 0.2318075117370892 0.0743838028169014 0.12793427230046947 
0 0.8992077464788732 0.5715962441314554 0.07130281690140845 0.11854460093896714 
0 0.3701584507042254 0.7546948356807511 0.1267605633802817 0.15610328638497653 
0 0.0897887323943662 0.7464788732394366 0.12411971830985916 0.13262910798122066 
0 0.24955985915492956 0.4113849765258216 0.0801056338028169 0.13028169014084506 
0 0.9069102112676056 0.10710093896713616 0.06734154929577464 0.1238262910798122 
