0 0.02222711267605634 0.8104460093896714 0.04357394366197183 0.24295774647887325 
0 0.9511443661971831 0.6153169014084507 0.0977112676056338 0.13556338028169015 
0 0.30149647887323944 0.835093896713615 0.176056338028169 0.2335680751173709 
0 0.9665492957746479 0.8221830985915493 0.06690140845070422 0.2535211267605634 
0 0.7169894366197183 0.880868544600939 0.0818661971830986 0.13028169014084506 
0 0.9036091549295775 0.8714788732394366 0.07922535211267606 0.13262910798122066 
0 0.4859154929577465 0.8471244131455399 0.1795774647887324 0.2130281690140845 
0 0.06998239436619719 0.7775821596244131 0.045774647887323945 0.18779342723004694 
0 0.06205985915492958 0.11032863849765258 0.11971830985915492 0.2007042253521127 
0 0.8162411971830986 0.8729460093896714 0.0840669014084507 0.13321596244131456 
0 0.06338028169014084 0.29518779342723006 0.12588028169014084 0.22887323943661972 
0 0.6241197183098591 0.880575117370892 0.07922535211267606 0.13673708920187794 
0 0.35255281690140844 0.11062206572769953 0.14084507042253522 0.1813380281690141 
0 0.04841549295774648 0.5842136150234741 0.08890845070422536 0.18838028169014084 
0 0.5209066901408451 0.30545774647887325 0.17473591549295775 0.20833333333333334 
0 0.2970950704225352 0.5944835680751174 0.17517605633802816 0.22417840375586853 
0 0.8754401408450704 0.3286384976525822 0.1857394366197183 0.21244131455399062 
0 0.6908010563380281 0.32247652582159625 0.16153169014084506 0.20598591549295775 
0 0.3230633802816901 0.30164319248826293 0.16725352112676056 0.22300469483568075 
0 0.8105193661971831 0.7300469483568075 0.07262323943661972 0.13145539906103287 
0 0.7202904929577465 0.7323943661971831 0.08582746478873239 0.13732394366197184 
0 0.6227992957746479 0.7338615023474179 0.08714788732394366 0.12617370892018778 
0 0.5182658450704225 0.11443661971830986 0.15184859154929578 0.1619718309859155 
0 0.8965669014084507 0.7279929577464789 0.07394366197183098 0.12969483568075119 
0 0.8888644366197183 0.10915492957746478 0.18265845070422534 0.20892018779342722 
0 0.02222711267605634 0.8104460093896714 0.04357394366197183 0.24295774647887325 
0 0.9511443661971831 0.6153169014084507 0.0977112676056338 0.13556338028169015 
0 0.30149647887323944 0.835093896713615 0.176056338028169 0.2335680751173709 
0 0.9665492957746479 0.8221830985915493 0.06690140845070422 0.2535211267605634 
0 0.7169894366197183 0.880868544600939 0.0818661971830986 0.13028169014084506 
0 0.9036091549295775 0.8714788732394366 0.07922535211267606 0.13262910798122066 
0 0.4859154929577465 0.8471244131455399 0.1795774647887324 0.2130281690140845 
0 0.06998239436619719 0.7775821596244131 0.045774647887323945 0.18779342723004694 
0 0.06205985915492958 0.11032863849765258 0.11971830985915492 0.2007042253521127 
0 0.8162411971830986 0.8729460093896714 0.0840669014084507 0.13321596244131456 
0 0.06338028169014084 0.29518779342723006 0.12588028169014084 0.22887323943661972 
0 0.6241197183098591 0.880575117370892 0.07922535211267606 0.13673708920187794 
0 0.35255281690140844 0.11062206572769953 0.14084507042253522 0.1813380281690141 
0 0.04841549295774648 0.5842136150234741 0.08890845070422536 0.18838028169014084 
0 0.5209066901408451 0.30545774647887325 0.17473591549295775 0.20833333333333334 
0 0.2970950704225352 0.5944835680751174 0.17517605633802816 0.22417840375586853 
0 0.8754401408450704 0.3286384976525822 0.1857394366197183 0.21244131455399062 
0 0.6908010563380281 0.32247652582159625 0.16153169014084506 0.20598591549295775 
0 0.3230633802816901 0.30164319248826293 0.16725352112676056 0.22300469483568075 
0 0.8105193661971831 0.7300469483568075 0.07262323943661972 0.13145539906103287 
0 0.7202904929577465 0.7323943661971831 0.08582746478873239 0.13732394366197184 
0 0.6227992957746479 0.7338615023474179 0.08714788732394366 0.12617370892018778 
0 0.5182658450704225 0.11443661971830986 0.15184859154929578 0.1619718309859155 
0 0.8965669014084507 0.7279929577464789 0.07394366197183098 0.12969483568075119 
0 0.8888644366197183 0.10915492957746478 0.18265845070422534 0.20892018779342722 
0 0.02222711267605634 0.8104460093896714 0.04357394366197183 0.24295774647887325 
0 0.9511443661971831 0.6153169014084507 0.0977112676056338 0.13556338028169015 
0 0.30149647887323944 0.835093896713615 0.176056338028169 0.2335680751173709 
0 0.9665492957746479 0.8221830985915493 0.06690140845070422 0.2535211267605634 
0 0.7169894366197183 0.880868544600939 0.0818661971830986 0.13028169014084506 
0 0.9036091549295775 0.8714788732394366 0.07922535211267606 0.13262910798122066 
0 0.4859154929577465 0.8471244131455399 0.1795774647887324 0.2130281690140845 
0 0.06998239436619719 0.7775821596244131 0.045774647887323945 0.18779342723004694 
0 0.06205985915492958 0.11032863849765258 0.11971830985915492 0.2007042253521127 
0 0.8162411971830986 0.8729460093896714 0.0840669014084507 0.13321596244131456 
0 0.06338028169014084 0.29518779342723006 0.12588028169014084 0.22887323943661972 
0 0.6241197183098591 0.880575117370892 0.07922535211267606 0.13673708920187794 
0 0.35255281690140844 0.11062206572769953 0.14084507042253522 0.1813380281690141 
0 0.04841549295774648 0.5842136150234741 0.08890845070422536 0.18838028169014084 
0 0.5209066901408451 0.30545774647887325 0.17473591549295775 0.20833333333333334 
0 0.2970950704225352 0.5944835680751174 0.17517605633802816 0.22417840375586853 
0 0.8754401408450704 0.3286384976525822 0.1857394366197183 0.21244131455399062 
0 0.6908010563380281 0.32247652582159625 0.16153169014084506 0.20598591549295775 
0 0.3230633802816901 0.30164319248826293 0.16725352112676056 0.22300469483568075 
0 0.8105193661971831 0.7300469483568075 0.07262323943661972 0.13145539906103287 
0 0.7202904929577465 0.7323943661971831 0.08582746478873239 0.13732394366197184 
0 0.6227992957746479 0.7338615023474179 0.08714788732394366 0.12617370892018778 
0 0.5182658450704225 0.11443661971830986 0.15184859154929578 0.1619718309859155 
0 0.8965669014084507 0.7279929577464789 0.07394366197183098 0.12969483568075119 
0 0.8888644366197183 0.10915492957746478 0.18265845070422534 0.20892018779342722 
