0 0.234375 0.42282863849765256 0.09022887323943662 0.1437793427230047 
0 0.10013204225352113 0.2878521126760563 0.08758802816901408 0.09683098591549295 
0 0.5616197183098591 0.26173708920187794 0.09595070422535211 0.13615023474178403 
0 0.5462147887323944 0.6980633802816901 0.09859154929577464 0.10622065727699531 
0 0.6338028169014085 0.8248239436619719 0.09507042253521127 0.1402582159624413 
0 0.32548415492957744 0.835387323943662 0.09286971830985916 0.15316901408450703 
0 0.426056338028169 0.8312793427230047 0.07922535211267606 0.1426056338028169 
0 0.07174295774647887 0.7992957746478874 0.08362676056338028 0.13262910798122066 
0 0.07350352112676056 0.41607981220657275 0.09419014084507042 0.14788732394366197 
0 0.5286091549295775 0.8286384976525821 0.08274647887323944 0.14788732394366197 
0 0.1837588028169014 0.29782863849765256 0.07790492957746478 0.12265258215962441 
0 0.8571742957746479 0.2775821596244131 0.09198943661971831 0.14084507042253522 
0 0.3164612676056338 0.6863262910798122 0.09507042253521127 0.1238262910798122 
0 0.4636883802816901 0.42077464788732394 0.08758802816901408 0.14553990610328638 
0 0.3356073943661972 0.4184272300469484 0.10079225352112677 0.15023474178403756 
0 0.757262323943662 0.4278169014084507 0.09110915492957747 0.14906103286384975 
0 0.8567341549295775 0.4392605633802817 0.08670774647887323 0.14847417840375587 
0 0.7596830985915493 0.2743544600938967 0.0977112676056338 0.15082159624413147 
0 0.5664612676056338 0.4251760563380282 0.0880281690140845 0.15199530516431925 
0 0.6692341549295775 0.42018779342723006 0.08934859154929578 0.15258215962441316 
0 0.41505281690140844 0.6725352112676056 0.08538732394366197 0.1607981220657277 
0 0.9537852112676056 0.28726525821596244 0.08538732394366197 0.14964788732394366 
0 0.9491637323943662 0.44278169014084506 0.08934859154929578 0.13791079812206572 
0 0.45928697183098594 0.2717136150234742 0.09110915492957747 0.1467136150234742 
0 0.6628521126760564 0.2720070422535211 0.0897887323943662 0.14964788732394366 
0 0.6439260563380281 0.6792840375586855 0.08362676056338028 0.11913145539906103 
0 0.234375 0.42282863849765256 0.09022887323943662 0.1437793427230047 
0 0.10013204225352113 0.2878521126760563 0.08758802816901408 0.09683098591549295 
0 0.5616197183098591 0.26173708920187794 0.09595070422535211 0.13615023474178403 
0 0.5462147887323944 0.6980633802816901 0.09859154929577464 0.10622065727699531 
0 0.6338028169014085 0.8248239436619719 0.09507042253521127 0.1402582159624413 
0 0.32548415492957744 0.835387323943662 0.09286971830985916 0.15316901408450703 
0 0.426056338028169 0.8312793427230047 0.07922535211267606 0.1426056338028169 
0 0.07174295774647887 0.7992957746478874 0.08362676056338028 0.13262910798122066 
0 0.07350352112676056 0.41607981220657275 0.09419014084507042 0.14788732394366197 
0 0.5286091549295775 0.8286384976525821 0.08274647887323944 0.14788732394366197 
0 0.1837588028169014 0.29782863849765256 0.07790492957746478 0.12265258215962441 
0 0.8571742957746479 0.2775821596244131 0.09198943661971831 0.14084507042253522 
0 0.3164612676056338 0.6863262910798122 0.09507042253521127 0.1238262910798122 
0 0.4636883802816901 0.42077464788732394 0.08758802816901408 0.14553990610328638 
0 0.3356073943661972 0.4184272300469484 0.10079225352112677 0.15023474178403756 
0 0.757262323943662 0.4278169014084507 0.09110915492957747 0.14906103286384975 
0 0.8567341549295775 0.4392605633802817 0.08670774647887323 0.14847417840375587 
0 0.7596830985915493 0.2743544600938967 0.0977112676056338 0.15082159624413147 
0 0.5664612676056338 0.4251760563380282 0.0880281690140845 0.15199530516431925 
0 0.6692341549295775 0.42018779342723006 0.08934859154929578 0.15258215962441316 
0 0.41505281690140844 0.6725352112676056 0.08538732394366197 0.1607981220657277 
0 0.9537852112676056 0.28726525821596244 0.08538732394366197 0.14964788732394366 
0 0.9491637323943662 0.44278169014084506 0.08934859154929578 0.13791079812206572 
0 0.45928697183098594 0.2717136150234742 0.09110915492957747 0.1467136150234742 
0 0.6628521126760564 0.2720070422535211 0.0897887323943662 0.14964788732394366 
0 0.6439260563380281 0.6792840375586855 0.08362676056338028 0.11913145539906103 
0 0.234375 0.42282863849765256 0.09022887323943662 0.1437793427230047 
0 0.10013204225352113 0.2878521126760563 0.08758802816901408 0.09683098591549295 
0 0.5616197183098591 0.26173708920187794 0.09595070422535211 0.13615023474178403 
0 0.5462147887323944 0.6980633802816901 0.09859154929577464 0.10622065727699531 
0 0.6338028169014085 0.8248239436619719 0.09507042253521127 0.1402582159624413 
0 0.32548415492957744 0.835387323943662 0.09286971830985916 0.15316901408450703 
0 0.426056338028169 0.8312793427230047 0.07922535211267606 0.1426056338028169 
0 0.07174295774647887 0.7992957746478874 0.08362676056338028 0.13262910798122066 
0 0.07350352112676056 0.41607981220657275 0.09419014084507042 0.14788732394366197 
0 0.5286091549295775 0.8286384976525821 0.08274647887323944 0.14788732394366197 
0 0.1837588028169014 0.29782863849765256 0.07790492957746478 0.12265258215962441 
0 0.8571742957746479 0.2775821596244131 0.09198943661971831 0.14084507042253522 
0 0.3164612676056338 0.6863262910798122 0.09507042253521127 0.1238262910798122 
0 0.4636883802816901 0.42077464788732394 0.08758802816901408 0.14553990610328638 
0 0.3356073943661972 0.4184272300469484 0.10079225352112677 0.15023474178403756 
0 0.757262323943662 0.4278169014084507 0.09110915492957747 0.14906103286384975 
0 0.8567341549295775 0.4392605633802817 0.08670774647887323 0.14847417840375587 
0 0.7596830985915493 0.2743544600938967 0.0977112676056338 0.15082159624413147 
0 0.5664612676056338 0.4251760563380282 0.0880281690140845 0.15199530516431925 
0 0.6692341549295775 0.42018779342723006 0.08934859154929578 0.15258215962441316 
0 0.41505281690140844 0.6725352112676056 0.08538732394366197 0.1607981220657277 
0 0.9537852112676056 0.28726525821596244 0.08538732394366197 0.14964788732394366 
0 0.9491637323943662 0.44278169014084506 0.08934859154929578 0.13791079812206572 
0 0.45928697183098594 0.2717136150234742 0.09110915492957747 0.1467136150234742 
0 0.6628521126760564 0.2720070422535211 0.0897887323943662 0.14964788732394366 
0 0.6439260563380281 0.6792840375586855 0.08362676056338028 0.11913145539906103 
