0 0.871919014084507 0.32423708920187794 0.08890845070422536 0.14964788732394366 
0 0.9496038732394366 0.7769953051643192 0.10079225352112677 0.2323943661971831 
0 0.964568661971831 0.3324530516431925 0.07086267605633803 0.14612676056338028 
0 0.613556338028169 0.8477112676056338 0.16549295774647887 0.20246478873239437 
0 0.2772887323943662 0.21185446009389672 0.08362676056338028 0.08215962441314555 
0 0.41901408450704225 0.8482981220657277 0.1742957746478873 0.20363849765258216 
0 0.7995158450704225 0.8280516431924883 0.15713028169014084 0.19483568075117372 
0 0.1813380281690141 0.21948356807511737 0.08538732394366197 0.09154929577464789 
0 0.8778609154929577 0.19688967136150234 0.08318661971830986 0.08157276995305164 
0 0.06954225352112677 0.21830985915492956 0.0977112676056338 0.09272300469483569 
0 0.21720950704225353 0.8623826291079812 0.19410211267605634 0.21889671361502347 
0 0.6694542253521126 0.3301056338028169 0.09066901408450705 0.159037558685446 
0 0.38380281690140844 0.16901408450704225 0.09507042253521127 0.17488262910798122 
0 0.4828345070422535 0.170481220657277 0.09595070422535211 0.15786384976525822 
0 0.41329225352112675 0.624706572769953 0.17693661971830985 0.20950704225352113 
0 0.21346830985915494 0.6414319248826291 0.18485915492957747 0.21948356807511737 
0 0.6201584507042254 0.6267605633802817 0.17341549295774647 0.2112676056338028 
0 0.8034771126760564 0.60768779342723 0.16329225352112675 0.20950704225352113 
0 0.7706866197183099 0.3301056338028169 0.09242957746478873 0.15316901408450703 
0 0.37764084507042256 0.3471244131455399 0.10211267605633803 0.14730046948356806 
0 0.27266725352112675 0.3456572769953052 0.09903169014084508 0.14084507042253522 
0 0.4865757042253521 0.335387323943662 0.09286971830985916 0.15199530516431925 
0 0.17033450704225353 0.3550469483568075 0.0994718309859155 0.15023474178403756 
0 0.07350352112676056 0.3597417840375587 0.09859154929577464 0.1619718309859155 
0 0.871919014084507 0.32423708920187794 0.08890845070422536 0.14964788732394366 
0 0.9496038732394366 0.7769953051643192 0.10079225352112677 0.2323943661971831 
0 0.964568661971831 0.3324530516431925 0.07086267605633803 0.14612676056338028 
0 0.613556338028169 0.8477112676056338 0.16549295774647887 0.20246478873239437 
0 0.2772887323943662 0.21185446009389672 0.08362676056338028 0.08215962441314555 
0 0.41901408450704225 0.8482981220657277 0.1742957746478873 0.20363849765258216 
0 0.7995158450704225 0.8280516431924883 0.15713028169014084 0.19483568075117372 
0 0.1813380281690141 0.21948356807511737 0.08538732394366197 0.09154929577464789 
0 0.8778609154929577 0.19688967136150234 0.08318661971830986 0.08157276995305164 
0 0.06954225352112677 0.21830985915492956 0.0977112676056338 0.09272300469483569 
0 0.21720950704225353 0.8623826291079812 0.19410211267605634 0.21889671361502347 
0 0.6694542253521126 0.3301056338028169 0.09066901408450705 0.159037558685446 
0 0.38380281690140844 0.16901408450704225 0.09507042253521127 0.17488262910798122 
0 0.4828345070422535 0.170481220657277 0.09595070422535211 0.15786384976525822 
0 0.41329225352112675 0.624706572769953 0.17693661971830985 0.20950704225352113 
0 0.21346830985915494 0.6414319248826291 0.18485915492957747 0.21948356807511737 
0 0.6201584507042254 0.6267605633802817 0.17341549295774647 0.2112676056338028 
0 0.8034771126760564 0.60768779342723 0.16329225352112675 0.20950704225352113 
0 0.7706866197183099 0.3301056338028169 0.09242957746478873 0.15316901408450703 
0 0.37764084507042256 0.3471244131455399 0.10211267605633803 0.14730046948356806 
0 0.27266725352112675 0.3456572769953052 0.09903169014084508 0.14084507042253522 
0 0.4865757042253521 0.335387323943662 0.09286971830985916 0.15199530516431925 
0 0.17033450704225353 0.3550469483568075 0.0994718309859155 0.15023474178403756 
0 0.07350352112676056 0.3597417840375587 0.09859154929577464 0.1619718309859155 
0 0.871919014084507 0.32423708920187794 0.08890845070422536 0.14964788732394366 
0 0.9496038732394366 0.7769953051643192 0.10079225352112677 0.2323943661971831 
0 0.964568661971831 0.3324530516431925 0.07086267605633803 0.14612676056338028 
0 0.613556338028169 0.8477112676056338 0.16549295774647887 0.20246478873239437 
0 0.2772887323943662 0.21185446009389672 0.08362676056338028 0.08215962441314555 
0 0.41901408450704225 0.8482981220657277 0.1742957746478873 0.20363849765258216 
0 0.7995158450704225 0.8280516431924883 0.15713028169014084 0.19483568075117372 
0 0.1813380281690141 0.21948356807511737 0.08538732394366197 0.09154929577464789 
0 0.8778609154929577 0.19688967136150234 0.08318661971830986 0.08157276995305164 
0 0.06954225352112677 0.21830985915492956 0.0977112676056338 0.09272300469483569 
0 0.21720950704225353 0.8623826291079812 0.19410211267605634 0.21889671361502347 
0 0.6694542253521126 0.3301056338028169 0.09066901408450705 0.159037558685446 
0 0.38380281690140844 0.16901408450704225 0.09507042253521127 0.17488262910798122 
0 0.4828345070422535 0.170481220657277 0.09595070422535211 0.15786384976525822 
0 0.41329225352112675 0.624706572769953 0.17693661971830985 0.20950704225352113 
0 0.21346830985915494 0.6414319248826291 0.18485915492957747 0.21948356807511737 
0 0.6201584507042254 0.6267605633802817 0.17341549295774647 0.2112676056338028 
0 0.8034771126760564 0.60768779342723 0.16329225352112675 0.20950704225352113 
0 0.7706866197183099 0.3301056338028169 0.09242957746478873 0.15316901408450703 
0 0.37764084507042256 0.3471244131455399 0.10211267605633803 0.14730046948356806 
0 0.27266725352112675 0.3456572769953052 0.09903169014084508 0.14084507042253522 
0 0.4865757042253521 0.335387323943662 0.09286971830985916 0.15199530516431925 
0 0.17033450704225353 0.3550469483568075 0.0994718309859155 0.15023474178403756 
0 0.07350352112676056 0.3597417840375587 0.09859154929577464 0.1619718309859155 
