0 0.6496478873239436 0.8899647887323944 0.056338028169014086 0.061619718309859156 
0 0.8369278169014085 0.2323943661971831 0.1289612676056338 0.1443661971830986 
0 0.8393485915492958 0.8603286384976526 0.12852112676056338 0.14906103286384975 
0 0.9390404929577465 0.7144953051643192 0.10079225352112677 0.04636150234741784 
0 0.13908450704225353 0.7564553990610329 0.11355633802816902 0.06924882629107981 
0 0.9421214788732394 0.3629694835680751 0.1113556338028169 0.19307511737089203 
0 0.9551056338028169 0.20950704225352113 0.08274647887323944 0.0880281690140845 
0 0.23327464788732394 0.943368544600939 0.05985915492957746 0.04518779342723005 
0 0.948943661971831 0.8380281690140845 0.10211267605633803 0.1784037558685446 
0 0.1212588028169014 0.875293427230047 0.14040492957746478 0.16842723004694835 
0 0.721830985915493 0.8973004694835681 0.06514084507042253 0.07276995305164319 
0 0.9245158450704225 0.6373239436619719 0.14568661971830985 0.09389671361502347 
0 0.30215669014084506 0.9474765258215962 0.05413732394366197 0.05575117370892019 
0 0.8199823943661971 0.3720657276995305 0.11443661971830986 0.15610328638497653 
0 0.2715669014084507 0.6907276995305164 0.136443661971831 0.06572769953051644 
0 0.2794894366197183 0.6402582159624414 0.12588028169014084 0.046948356807511735 
0 0.41087147887323944 0.8526995305164319 0.12632042253521128 0.22652582159624413 
0 0.40757042253521125 0.6552230046948356 0.11883802816901408 0.15199530516431925 
0 0.6993838028169014 0.6458333333333334 0.1487676056338028 0.07687793427230047 
0 0.6824383802816901 0.38791079812206575 0.12015845070422536 0.1643192488262911 
0 0.539612676056338 0.35710093896713613 0.13028169014084506 0.20481220657276994 
0 0.6936619718309859 0.23092723004694835 0.12588028169014084 0.17312206572769953 
0 0.26298415492957744 0.8218896713615024 0.14392605633802816 0.1766431924882629 
0 0.5387323943661971 0.835093896713615 0.13908450704225353 0.26173708920187794 
0 0.058318661971830985 0.1698943661971831 0.11575704225352113 0.10974178403755869 
0 0.7081866197183099 0.7764084507042254 0.14084507042253522 0.1596244131455399 
0 0.5338908450704225 0.6267605633802817 0.13996478873239437 0.1619718309859155 
0 0.14370598591549297 0.6414319248826291 0.11399647887323944 0.14553990610328638 
0 0.832306338028169 0.7279929577464789 0.0897887323943662 0.058098591549295774 
0 0.8043573943661971 0.6396713615023474 0.09815140845070422 0.07511737089201878 
0 0.06602112676056338 0.3336267605633803 0.12588028169014084 0.1954225352112676 
0 0.6496478873239436 0.8899647887323944 0.056338028169014086 0.061619718309859156 
0 0.8369278169014085 0.2323943661971831 0.1289612676056338 0.1443661971830986 
0 0.8393485915492958 0.8603286384976526 0.12852112676056338 0.14906103286384975 
0 0.9390404929577465 0.7144953051643192 0.10079225352112677 0.04636150234741784 
0 0.13908450704225353 0.7564553990610329 0.11355633802816902 0.06924882629107981 
0 0.9421214788732394 0.3629694835680751 0.1113556338028169 0.19307511737089203 
0 0.9551056338028169 0.20950704225352113 0.08274647887323944 0.0880281690140845 
0 0.23327464788732394 0.943368544600939 0.05985915492957746 0.04518779342723005 
0 0.948943661971831 0.8380281690140845 0.10211267605633803 0.1784037558685446 
0 0.1212588028169014 0.875293427230047 0.14040492957746478 0.16842723004694835 
0 0.721830985915493 0.8973004694835681 0.06514084507042253 0.07276995305164319 
0 0.9245158450704225 0.6373239436619719 0.14568661971830985 0.09389671361502347 
0 0.30215669014084506 0.9474765258215962 0.05413732394366197 0.05575117370892019 
0 0.8199823943661971 0.3720657276995305 0.11443661971830986 0.15610328638497653 
0 0.2715669014084507 0.6907276995305164 0.136443661971831 0.06572769953051644 
0 0.2794894366197183 0.6402582159624414 0.12588028169014084 0.046948356807511735 
0 0.41087147887323944 0.8526995305164319 0.12632042253521128 0.22652582159624413 
0 0.40757042253521125 0.6552230046948356 0.11883802816901408 0.15199530516431925 
0 0.6993838028169014 0.6458333333333334 0.1487676056338028 0.07687793427230047 
0 0.6824383802816901 0.38791079812206575 0.12015845070422536 0.1643192488262911 
0 0.539612676056338 0.35710093896713613 0.13028169014084506 0.20481220657276994 
0 0.6936619718309859 0.23092723004694835 0.12588028169014084 0.17312206572769953 
0 0.26298415492957744 0.8218896713615024 0.14392605633802816 0.1766431924882629 
0 0.5387323943661971 0.835093896713615 0.13908450704225353 0.26173708920187794 
0 0.058318661971830985 0.1698943661971831 0.11575704225352113 0.10974178403755869 
0 0.7081866197183099 0.7764084507042254 0.14084507042253522 0.1596244131455399 
0 0.5338908450704225 0.6267605633802817 0.13996478873239437 0.1619718309859155 
0 0.14370598591549297 0.6414319248826291 0.11399647887323944 0.14553990610328638 
0 0.832306338028169 0.7279929577464789 0.0897887323943662 0.058098591549295774 
0 0.8043573943661971 0.6396713615023474 0.09815140845070422 0.07511737089201878 
0 0.06602112676056338 0.3336267605633803 0.12588028169014084 0.1954225352112676 
0 0.6496478873239436 0.8899647887323944 0.056338028169014086 0.061619718309859156 
0 0.8369278169014085 0.2323943661971831 0.1289612676056338 0.1443661971830986 
0 0.8393485915492958 0.8603286384976526 0.12852112676056338 0.14906103286384975 
0 0.9390404929577465 0.7144953051643192 0.10079225352112677 0.04636150234741784 
0 0.13908450704225353 0.7564553990610329 0.11355633802816902 0.06924882629107981 
0 0.9421214788732394 0.3629694835680751 0.1113556338028169 0.19307511737089203 
0 0.9551056338028169 0.20950704225352113 0.08274647887323944 0.0880281690140845 
0 0.23327464788732394 0.943368544600939 0.05985915492957746 0.04518779342723005 
0 0.948943661971831 0.8380281690140845 0.10211267605633803 0.1784037558685446 
0 0.1212588028169014 0.875293427230047 0.14040492957746478 0.16842723004694835 
0 0.721830985915493 0.8973004694835681 0.06514084507042253 0.07276995305164319 
0 0.9245158450704225 0.6373239436619719 0.14568661971830985 0.09389671361502347 
0 0.30215669014084506 0.9474765258215962 0.05413732394366197 0.05575117370892019 
0 0.8199823943661971 0.3720657276995305 0.11443661971830986 0.15610328638497653 
0 0.2715669014084507 0.6907276995305164 0.136443661971831 0.06572769953051644 
0 0.2794894366197183 0.6402582159624414 0.12588028169014084 0.046948356807511735 
0 0.41087147887323944 0.8526995305164319 0.12632042253521128 0.22652582159624413 
0 0.40757042253521125 0.6552230046948356 0.11883802816901408 0.15199530516431925 
0 0.6993838028169014 0.6458333333333334 0.1487676056338028 0.07687793427230047 
0 0.6824383802816901 0.38791079812206575 0.12015845070422536 0.1643192488262911 
0 0.539612676056338 0.35710093896713613 0.13028169014084506 0.20481220657276994 
0 0.6936619718309859 0.23092723004694835 0.12588028169014084 0.17312206572769953 
0 0.26298415492957744 0.8218896713615024 0.14392605633802816 0.1766431924882629 
0 0.5387323943661971 0.835093896713615 0.13908450704225353 0.26173708920187794 
0 0.058318661971830985 0.1698943661971831 0.11575704225352113 0.10974178403755869 
0 0.7081866197183099 0.7764084507042254 0.14084507042253522 0.1596244131455399 
0 0.5338908450704225 0.6267605633802817 0.13996478873239437 0.1619718309859155 
0 0.14370598591549297 0.6414319248826291 0.11399647887323944 0.14553990610328638 
0 0.832306338028169 0.7279929577464789 0.0897887323943662 0.058098591549295774 
0 0.8043573943661971 0.6396713615023474 0.09815140845070422 0.07511737089201878 
0 0.06602112676056338 0.3336267605633803 0.12588028169014084 0.1954225352112676 
