0 0.7904929577464789 0.823943661971831 0.04225352112676056 0.15023474178403756 
0 0.9548855633802817 0.8365610328638498 0.08054577464788733 0.15316901408450703 
0 0.5572183098591549 0.8221830985915493 0.07922535211267606 0.1572769953051643 
0 0.2460387323943662 0.8480046948356808 0.10827464788732394 0.1772300469483568 
0 0.45576584507042256 0.8204225352112676 0.08758802816901408 0.17018779342723006 
0 0.860475352112676 0.8356807511737089 0.09595070422535211 0.15492957746478872 
0 0.3600352112676056 0.8518192488262911 0.0977112676056338 0.16960093896713616 
0 0.9665492957746479 0.25821596244131456 0.06690140845070422 0.1396713615023474 
0 0.9731514084507042 0.4184272300469484 0.05369718309859155 0.15023474178403756 
0 0.952024647887324 0.6742957746478874 0.07570422535211267 0.14788732394366197 
0 0.7018045774647887 0.42458920187793425 0.053257042253521125 0.10974178403755869 
0 0.6384242957746479 0.2743544600938967 0.0761443661971831 0.1073943661971831 
0 0.5453345070422535 0.2699530516431925 0.07922535211267606 0.11032863849765258 
0 0.3558538732394366 0.670774647887324 0.09286971830985916 0.1607981220657277 
0 0.8543133802816901 0.681631455399061 0.08626760563380281 0.13556338028169015 
0 0.8776408450704225 0.4137323943661972 0.09330985915492958 0.1467136150234742 
0 0.12367957746478873 0.4166666666666667 0.1795774647887324 0.1467136150234742 
0 0.5138644366197183 0.4128521126760563 0.08670774647887323 0.1426056338028169 
0 0.6089348591549296 0.4119718309859155 0.09639084507042253 0.15375586854460094 
0 0.34088908450704225 0.40492957746478875 0.23107394366197184 0.1772300469483568 
0 0.25286091549295775 0.670774647887324 0.10167253521126761 0.16666666666666666 
0 0.7658450704225352 0.4131455399061033 0.10651408450704225 0.142018779342723 
0 0.7904929577464789 0.823943661971831 0.04225352112676056 0.15023474178403756 
0 0.9548855633802817 0.8365610328638498 0.08054577464788733 0.15316901408450703 
0 0.5572183098591549 0.8221830985915493 0.07922535211267606 0.1572769953051643 
0 0.2460387323943662 0.8480046948356808 0.10827464788732394 0.1772300469483568 
0 0.45576584507042256 0.8204225352112676 0.08758802816901408 0.17018779342723006 
0 0.860475352112676 0.8356807511737089 0.09595070422535211 0.15492957746478872 
0 0.3600352112676056 0.8518192488262911 0.0977112676056338 0.16960093896713616 
0 0.9665492957746479 0.25821596244131456 0.06690140845070422 0.1396713615023474 
0 0.9731514084507042 0.4184272300469484 0.05369718309859155 0.15023474178403756 
0 0.952024647887324 0.6742957746478874 0.07570422535211267 0.14788732394366197 
0 0.7018045774647887 0.42458920187793425 0.053257042253521125 0.10974178403755869 
0 0.6384242957746479 0.2743544600938967 0.0761443661971831 0.1073943661971831 
0 0.5453345070422535 0.2699530516431925 0.07922535211267606 0.11032863849765258 
0 0.3558538732394366 0.670774647887324 0.09286971830985916 0.1607981220657277 
0 0.8543133802816901 0.681631455399061 0.08626760563380281 0.13556338028169015 
0 0.8776408450704225 0.4137323943661972 0.09330985915492958 0.1467136150234742 
0 0.12367957746478873 0.4166666666666667 0.1795774647887324 0.1467136150234742 
0 0.5138644366197183 0.4128521126760563 0.08670774647887323 0.1426056338028169 
0 0.6089348591549296 0.4119718309859155 0.09639084507042253 0.15375586854460094 
0 0.34088908450704225 0.40492957746478875 0.23107394366197184 0.1772300469483568 
0 0.25286091549295775 0.670774647887324 0.10167253521126761 0.16666666666666666 
0 0.7658450704225352 0.4131455399061033 0.10651408450704225 0.142018779342723 
0 0.7904929577464789 0.823943661971831 0.04225352112676056 0.15023474178403756 
0 0.9548855633802817 0.8365610328638498 0.08054577464788733 0.15316901408450703 
0 0.5572183098591549 0.8221830985915493 0.07922535211267606 0.1572769953051643 
0 0.2460387323943662 0.8480046948356808 0.10827464788732394 0.1772300469483568 
0 0.45576584507042256 0.8204225352112676 0.08758802816901408 0.17018779342723006 
0 0.860475352112676 0.8356807511737089 0.09595070422535211 0.15492957746478872 
0 0.3600352112676056 0.8518192488262911 0.0977112676056338 0.16960093896713616 
0 0.9665492957746479 0.25821596244131456 0.06690140845070422 0.1396713615023474 
0 0.9731514084507042 0.4184272300469484 0.05369718309859155 0.15023474178403756 
0 0.952024647887324 0.6742957746478874 0.07570422535211267 0.14788732394366197 
0 0.7018045774647887 0.42458920187793425 0.053257042253521125 0.10974178403755869 
0 0.6384242957746479 0.2743544600938967 0.0761443661971831 0.1073943661971831 
0 0.5453345070422535 0.2699530516431925 0.07922535211267606 0.11032863849765258 
0 0.3558538732394366 0.670774647887324 0.09286971830985916 0.1607981220657277 
0 0.8543133802816901 0.681631455399061 0.08626760563380281 0.13556338028169015 
0 0.8776408450704225 0.4137323943661972 0.09330985915492958 0.1467136150234742 
0 0.12367957746478873 0.4166666666666667 0.1795774647887324 0.1467136150234742 
0 0.5138644366197183 0.4128521126760563 0.08670774647887323 0.1426056338028169 
0 0.6089348591549296 0.4119718309859155 0.09639084507042253 0.15375586854460094 
0 0.34088908450704225 0.40492957746478875 0.23107394366197184 0.1772300469483568 
0 0.25286091549295775 0.670774647887324 0.10167253521126761 0.16666666666666666 
0 0.7658450704225352 0.4131455399061033 0.10651408450704225 0.142018779342723 
