0 0.5893485915492958 0.9099178403755869 0.08274647887323944 0.1238262910798122 
0 0.13160211267605634 0.8656103286384976 0.13996478873239437 0.10211267605633803 
0 0.14150528169014084 0.9565727699530516 0.1324823943661972 0.07746478873239436 
0 0.6850792253521126 0.9125586854460094 0.07790492957746478 0.1431924882629108 
0 0.7929137323943662 0.7197769953051644 0.11751760563380281 0.1954225352112676 
0 0.058538732394366196 0.19512910798122066 0.11619718309859155 0.15434272300469484 
0 0.0565580985915493 0.3418427230046948 0.11223591549295775 0.13908450704225353 
0 0.06360035211267606 0.6053403755868545 0.10783450704225352 0.08744131455399061 
0 0.16901408450704225 0.6781103286384976 0.15492957746478872 0.2353286384976526 
0 0.6201584507042254 0.6901408450704225 0.20774647887323944 0.24295774647887325 
0 0.40911091549295775 0.9363262910798122 0.1694542253521127 0.1273474178403756 
0 0.3206426056338028 0.11120892018779342 0.1580105633802817 0.2106807511737089 
0 0.6467869718309859 0.12646713615023475 0.1386443661971831 0.18720657276995306 
0 0.6815580985915493 0.33480046948356806 0.15272887323943662 0.18720657276995306 
0 0.3160211267605634 0.3283450704225352 0.15140845070422534 0.1965962441314554 
0 0.48899647887323944 0.32805164319248825 0.14348591549295775 0.20422535211267606 
0 0.40735035211267606 0.7262323943661971 0.18617957746478872 0.33039906103286387 
0 0.8065580985915493 0.9184272300469484 0.16857394366197184 0.16314553990610328 
0 0.944762323943662 0.8480046948356808 0.10519366197183098 0.25704225352112675 
0 0.5893485915492958 0.9099178403755869 0.08274647887323944 0.1238262910798122 
0 0.13160211267605634 0.8656103286384976 0.13996478873239437 0.10211267605633803 
0 0.14150528169014084 0.9565727699530516 0.1324823943661972 0.07746478873239436 
0 0.6850792253521126 0.9125586854460094 0.07790492957746478 0.1431924882629108 
0 0.7929137323943662 0.7197769953051644 0.11751760563380281 0.1954225352112676 
0 0.058538732394366196 0.19512910798122066 0.11619718309859155 0.15434272300469484 
0 0.0565580985915493 0.3418427230046948 0.11223591549295775 0.13908450704225353 
0 0.06360035211267606 0.6053403755868545 0.10783450704225352 0.08744131455399061 
0 0.16901408450704225 0.6781103286384976 0.15492957746478872 0.2353286384976526 
0 0.6201584507042254 0.6901408450704225 0.20774647887323944 0.24295774647887325 
0 0.40911091549295775 0.9363262910798122 0.1694542253521127 0.1273474178403756 
0 0.3206426056338028 0.11120892018779342 0.1580105633802817 0.2106807511737089 
0 0.6467869718309859 0.12646713615023475 0.1386443661971831 0.18720657276995306 
0 0.6815580985915493 0.33480046948356806 0.15272887323943662 0.18720657276995306 
0 0.3160211267605634 0.3283450704225352 0.15140845070422534 0.1965962441314554 
0 0.48899647887323944 0.32805164319248825 0.14348591549295775 0.20422535211267606 
0 0.40735035211267606 0.7262323943661971 0.18617957746478872 0.33039906103286387 
0 0.8065580985915493 0.9184272300469484 0.16857394366197184 0.16314553990610328 
0 0.944762323943662 0.8480046948356808 0.10519366197183098 0.25704225352112675 
0 0.5893485915492958 0.9099178403755869 0.08274647887323944 0.1238262910798122 
0 0.13160211267605634 0.8656103286384976 0.13996478873239437 0.10211267605633803 
0 0.14150528169014084 0.9565727699530516 0.1324823943661972 0.07746478873239436 
0 0.6850792253521126 0.9125586854460094 0.07790492957746478 0.1431924882629108 
0 0.7929137323943662 0.7197769953051644 0.11751760563380281 0.1954225352112676 
0 0.058538732394366196 0.19512910798122066 0.11619718309859155 0.15434272300469484 
0 0.0565580985915493 0.3418427230046948 0.11223591549295775 0.13908450704225353 
0 0.06360035211267606 0.6053403755868545 0.10783450704225352 0.08744131455399061 
0 0.16901408450704225 0.6781103286384976 0.15492957746478872 0.2353286384976526 
0 0.6201584507042254 0.6901408450704225 0.20774647887323944 0.24295774647887325 
0 0.40911091549295775 0.9363262910798122 0.1694542253521127 0.1273474178403756 
0 0.3206426056338028 0.11120892018779342 0.1580105633802817 0.2106807511737089 
0 0.6467869718309859 0.12646713615023475 0.1386443661971831 0.18720657276995306 
0 0.6815580985915493 0.33480046948356806 0.15272887323943662 0.18720657276995306 
0 0.3160211267605634 0.3283450704225352 0.15140845070422534 0.1965962441314554 
0 0.48899647887323944 0.32805164319248825 0.14348591549295775 0.20422535211267606 
0 0.40735035211267606 0.7262323943661971 0.18617957746478872 0.33039906103286387 
0 0.8065580985915493 0.9184272300469484 0.16857394366197184 0.16314553990610328 
0 0.944762323943662 0.8480046948356808 0.10519366197183098 0.25704225352112675 
