0 0.5944102112676056 0.18016431924882628 0.055897887323943664 0.11619718309859155 
0 0.053477112676056336 0.7761150234741784 0.08846830985915492 0.07570422535211267 
0 0.859375 0.20774647887323944 0.06558098591549295 0.10446009389671361 
0 0.9777728873239436 0.2177230046948357 0.04445422535211268 0.09389671361502347 
0 0.053477112676056336 0.9225352112676056 0.09991197183098592 0.15610328638497653 
0 0.7753080985915493 0.9213615023474179 0.09903169014084508 0.13262910798122066 
0 0.5134242957746479 0.9107981220657277 0.12720070422535212 0.15610328638497653 
0 0.6509683098591549 0.8201291079812206 0.11355633802816902 0.1426056338028169 
0 0.6500880281690141 0.9363262910798122 0.1153169014084507 0.10269953051643192 
0 0.782350352112676 0.8036971830985915 0.10695422535211267 0.10269953051643192 
0 0.2748679577464789 0.05927230046948357 0.07878521126760564 0.11737089201877934 
0 0.8045774647887324 0.08245305164319248 0.05193661971830986 0.11443661971830986 
0 0.6731954225352113 0.18867370892018778 0.06029929577464789 0.1238262910798122 
0 0.8992077464788732 0.8952464788732394 0.11795774647887323 0.16842723004694835 
0 0.24361795774647887 0.4284037558685446 0.13160211267605634 0.1267605633802817 
0 0.8943661971830986 0.7634976525821596 0.09242957746478873 0.04929577464788732 
0 0.19806338028169015 0.1728286384976526 0.07922535211267606 0.13791079812206572 
0 0.9469630281690141 0.5657276995305164 0.09639084507042253 0.1795774647887324 
0 0.7816901408450704 0.20158450704225353 0.06338028169014084 0.10504694835680752 
0 0.9445422535211268 0.3996478873239437 0.09242957746478873 0.10915492957746478 
0 0.5539172535211268 0.5669014084507042 0.11839788732394366 0.1983568075117371 
0 0.4029489436619718 0.5619131455399061 0.1307218309859155 0.20246478873239437 
0 0.09463028169014084 0.5883215962441315 0.13996478873239437 0.16842723004694835 
0 0.24361795774647887 0.5877347417840375 0.13600352112676056 0.1602112676056338 
0 0.27750880281690143 0.17546948356807512 0.07526408450704225 0.11619718309859155 
0 0.6914612676056338 0.5633802816901409 0.11619718309859155 0.19953051643192488 
0 0.518705985915493 0.18485915492957747 0.07526408450704225 0.1255868544600939 
0 0.3615757042253521 0.17811032863849766 0.0743838028169014 0.11443661971830986 
0 0.08670774647887323 0.40874413145539906 0.14700704225352113 0.1602112676056338 
0 0.8283450704225352 0.5636737089201878 0.11355633802816902 0.18603286384976525 
0 0.9280369718309859 0.21097417840375587 0.06029929577464789 0.10152582159624413 
0 0.11157570422535211 0.170481220657277 0.0761443661971831 0.12969483568075119 
0 0.4414612676056338 0.1813380281690141 0.0721830985915493 0.12089201877934272 
0 0.5944102112676056 0.18016431924882628 0.055897887323943664 0.11619718309859155 
0 0.053477112676056336 0.7761150234741784 0.08846830985915492 0.07570422535211267 
0 0.859375 0.20774647887323944 0.06558098591549295 0.10446009389671361 
0 0.9777728873239436 0.2177230046948357 0.04445422535211268 0.09389671361502347 
0 0.053477112676056336 0.9225352112676056 0.09991197183098592 0.15610328638497653 
0 0.7753080985915493 0.9213615023474179 0.09903169014084508 0.13262910798122066 
0 0.5134242957746479 0.9107981220657277 0.12720070422535212 0.15610328638497653 
0 0.6509683098591549 0.8201291079812206 0.11355633802816902 0.1426056338028169 
0 0.6500880281690141 0.9363262910798122 0.1153169014084507 0.10269953051643192 
0 0.782350352112676 0.8036971830985915 0.10695422535211267 0.10269953051643192 
0 0.2748679577464789 0.05927230046948357 0.07878521126760564 0.11737089201877934 
0 0.8045774647887324 0.08245305164319248 0.05193661971830986 0.11443661971830986 
0 0.6731954225352113 0.18867370892018778 0.06029929577464789 0.1238262910798122 
0 0.8992077464788732 0.8952464788732394 0.11795774647887323 0.16842723004694835 
0 0.24361795774647887 0.4284037558685446 0.13160211267605634 0.1267605633802817 
0 0.8943661971830986 0.7634976525821596 0.09242957746478873 0.04929577464788732 
0 0.19806338028169015 0.1728286384976526 0.07922535211267606 0.13791079812206572 
0 0.9469630281690141 0.5657276995305164 0.09639084507042253 0.1795774647887324 
0 0.7816901408450704 0.20158450704225353 0.06338028169014084 0.10504694835680752 
0 0.9445422535211268 0.3996478873239437 0.09242957746478873 0.10915492957746478 
0 0.5539172535211268 0.5669014084507042 0.11839788732394366 0.1983568075117371 
0 0.4029489436619718 0.5619131455399061 0.1307218309859155 0.20246478873239437 
0 0.09463028169014084 0.5883215962441315 0.13996478873239437 0.16842723004694835 
0 0.24361795774647887 0.5877347417840375 0.13600352112676056 0.1602112676056338 
0 0.27750880281690143 0.17546948356807512 0.07526408450704225 0.11619718309859155 
0 0.6914612676056338 0.5633802816901409 0.11619718309859155 0.19953051643192488 
0 0.518705985915493 0.18485915492957747 0.07526408450704225 0.1255868544600939 
0 0.3615757042253521 0.17811032863849766 0.0743838028169014 0.11443661971830986 
0 0.08670774647887323 0.40874413145539906 0.14700704225352113 0.1602112676056338 
0 0.8283450704225352 0.5636737089201878 0.11355633802816902 0.18603286384976525 
0 0.9280369718309859 0.21097417840375587 0.06029929577464789 0.10152582159624413 
0 0.11157570422535211 0.170481220657277 0.0761443661971831 0.12969483568075119 
0 0.4414612676056338 0.1813380281690141 0.0721830985915493 0.12089201877934272 
0 0.5944102112676056 0.18016431924882628 0.055897887323943664 0.11619718309859155 
0 0.053477112676056336 0.7761150234741784 0.08846830985915492 0.07570422535211267 
0 0.859375 0.20774647887323944 0.06558098591549295 0.10446009389671361 
0 0.9777728873239436 0.2177230046948357 0.04445422535211268 0.09389671361502347 
0 0.053477112676056336 0.9225352112676056 0.09991197183098592 0.15610328638497653 
0 0.7753080985915493 0.9213615023474179 0.09903169014084508 0.13262910798122066 
0 0.5134242957746479 0.9107981220657277 0.12720070422535212 0.15610328638497653 
0 0.6509683098591549 0.8201291079812206 0.11355633802816902 0.1426056338028169 
0 0.6500880281690141 0.9363262910798122 0.1153169014084507 0.10269953051643192 
0 0.782350352112676 0.8036971830985915 0.10695422535211267 0.10269953051643192 
0 0.2748679577464789 0.05927230046948357 0.07878521126760564 0.11737089201877934 
0 0.8045774647887324 0.08245305164319248 0.05193661971830986 0.11443661971830986 
0 0.6731954225352113 0.18867370892018778 0.06029929577464789 0.1238262910798122 
0 0.8992077464788732 0.8952464788732394 0.11795774647887323 0.16842723004694835 
0 0.24361795774647887 0.4284037558685446 0.13160211267605634 0.1267605633802817 
0 0.8943661971830986 0.7634976525821596 0.09242957746478873 0.04929577464788732 
0 0.19806338028169015 0.1728286384976526 0.07922535211267606 0.13791079812206572 
0 0.9469630281690141 0.5657276995305164 0.09639084507042253 0.1795774647887324 
0 0.7816901408450704 0.20158450704225353 0.06338028169014084 0.10504694835680752 
0 0.9445422535211268 0.3996478873239437 0.09242957746478873 0.10915492957746478 
0 0.5539172535211268 0.5669014084507042 0.11839788732394366 0.1983568075117371 
0 0.4029489436619718 0.5619131455399061 0.1307218309859155 0.20246478873239437 
0 0.09463028169014084 0.5883215962441315 0.13996478873239437 0.16842723004694835 
0 0.24361795774647887 0.5877347417840375 0.13600352112676056 0.1602112676056338 
0 0.27750880281690143 0.17546948356807512 0.07526408450704225 0.11619718309859155 
0 0.6914612676056338 0.5633802816901409 0.11619718309859155 0.19953051643192488 
0 0.518705985915493 0.18485915492957747 0.07526408450704225 0.1255868544600939 
0 0.3615757042253521 0.17811032863849766 0.0743838028169014 0.11443661971830986 
0 0.08670774647887323 0.40874413145539906 0.14700704225352113 0.1602112676056338 
0 0.8283450704225352 0.5636737089201878 0.11355633802816902 0.18603286384976525 
0 0.9280369718309859 0.21097417840375587 0.06029929577464789 0.10152582159624413 
0 0.11157570422535211 0.170481220657277 0.0761443661971831 0.12969483568075119 
0 0.4414612676056338 0.1813380281690141 0.0721830985915493 0.12089201877934272 
