0 0.8402288732394366 0.04988262910798122 0.08538732394366197 0.09272300469483569 
0 0.4586267605633803 0.8676643192488263 0.0818661971830986 0.15669014084507044 
0 0.3686179577464789 0.8893779342723005 0.07174295774647887 0.12852112676056338 
0 0.5530369718309859 0.8758802816901409 0.08054577464788733 0.15199530516431925 
0 0.8422095070422535 0.8802816901408451 0.08582746478873239 0.12441314553990611 
0 0.6362235915492958 0.8538732394366197 0.061179577464788734 0.13262910798122066 
0 0.9335387323943662 0.8867370892018779 0.06954225352112677 0.13028169014084506 
0 0.7398767605633803 0.043133802816901406 0.0801056338028169 0.08157276995305164 
0 0.9663292253521126 0.5325704225352113 0.03477112676056338 0.11561032863849766 
0 0.5543573943661971 0.03873239436619718 0.08230633802816902 0.07394366197183098 
0 0.5092429577464789 0.06924882629107981 0.0008802816901408451 0.0011737089201877935 
0 0.46346830985915494 0.038438967136150234 0.09242957746478873 0.0721830985915493 
0 0.19652288732394366 0.054870892018779344 0.07790492957746478 0.09565727699530517 
0 0.1133362676056338 0.041666666666666664 0.07526408450704225 0.07863849765258216 
0 0.09925176056338028 0.5117370892018779 0.07526408450704225 0.13615023474178403 
0 0.8600352112676056 0.783744131455399 0.06954225352112677 0.0710093896713615 
0 0.0977112676056338 0.8650234741784038 0.07834507042253522 0.1431924882629108 
0 0.6511883802816901 0.03814553990610329 0.08318661971830986 0.07511737089201878 
0 0.18639964788732394 0.8653169014084507 0.07262323943661972 0.1426056338028169 
0 0.7255721830985915 0.863556338028169 0.07350352112676056 0.1238262910798122 
0 0.9319982394366197 0.05545774647887324 0.07526408450704225 0.10269953051643192 
0 0.27684859154929575 0.874706572769953 0.07658450704225352 0.13556338028169015 
0 0.6148767605633803 0.5349178403755869 0.07746478873239436 0.1426056338028169 
0 0.5233274647887324 0.5328638497652582 0.08450704225352113 0.1396713615023474 
0 0.6555897887323944 0.15933098591549297 0.08582746478873239 0.1402582159624413 
0 0.4236355633802817 0.5322769953051644 0.07702464788732394 0.13497652582159625 
0 0.75 0.1675469483568075 0.08714788732394366 0.12969483568075119 
0 0.8340669014084507 0.1742957746478873 0.07922535211267606 0.12793427230046947 
0 0.46919014084507044 0.14994131455399062 0.08626760563380281 0.125 
0 0.5585387323943662 0.14788732394366197 0.08098591549295775 0.13732394366197184 
0 0.33494718309859156 0.5325704225352113 0.08362676056338028 0.14730046948356806 
0 0.9192341549295775 0.18456572769953053 0.07350352112676056 0.11443661971830986 
0 0.2506602112676056 0.1443661971830986 0.0761443661971831 0.12910798122065728 
0 0.3283450704225352 0.3911384976525822 0.0818661971830986 0.11443661971830986 
0 0.3459507042253521 0.14642018779342722 0.0818661971830986 0.13204225352112675 
0 0.4121919014084507 0.38438967136150237 0.07702464788732394 0.13732394366197184 
0 0.6289612676056338 0.3949530516431925 0.07482394366197183 0.11619718309859155 
0 0.5374119718309859 0.40669014084507044 0.07658450704225352 0.08685446009389672 
0 0.08098591549295775 0.14553990610328638 0.1329225352112676 0.13028169014084506 
0 0.02750880281690141 0.5140845070422535 0.05413732394366197 0.13145539906103287 
0 0.36377640845070425 0.7816901408450704 0.07526408450704225 0.06807511737089202 
0 0.8402288732394366 0.04988262910798122 0.08538732394366197 0.09272300469483569 
0 0.4586267605633803 0.8676643192488263 0.0818661971830986 0.15669014084507044 
0 0.3686179577464789 0.8893779342723005 0.07174295774647887 0.12852112676056338 
0 0.5530369718309859 0.8758802816901409 0.08054577464788733 0.15199530516431925 
0 0.8422095070422535 0.8802816901408451 0.08582746478873239 0.12441314553990611 
0 0.6362235915492958 0.8538732394366197 0.061179577464788734 0.13262910798122066 
0 0.9335387323943662 0.8867370892018779 0.06954225352112677 0.13028169014084506 
0 0.7398767605633803 0.043133802816901406 0.0801056338028169 0.08157276995305164 
0 0.9663292253521126 0.5325704225352113 0.03477112676056338 0.11561032863849766 
0 0.5543573943661971 0.03873239436619718 0.08230633802816902 0.07394366197183098 
0 0.5092429577464789 0.06924882629107981 0.0008802816901408451 0.0011737089201877935 
0 0.46346830985915494 0.038438967136150234 0.09242957746478873 0.0721830985915493 
0 0.19652288732394366 0.054870892018779344 0.07790492957746478 0.09565727699530517 
0 0.1133362676056338 0.041666666666666664 0.07526408450704225 0.07863849765258216 
0 0.09925176056338028 0.5117370892018779 0.07526408450704225 0.13615023474178403 
0 0.8600352112676056 0.783744131455399 0.06954225352112677 0.0710093896713615 
0 0.0977112676056338 0.8650234741784038 0.07834507042253522 0.1431924882629108 
0 0.6511883802816901 0.03814553990610329 0.08318661971830986 0.07511737089201878 
0 0.18639964788732394 0.8653169014084507 0.07262323943661972 0.1426056338028169 
0 0.7255721830985915 0.863556338028169 0.07350352112676056 0.1238262910798122 
0 0.9319982394366197 0.05545774647887324 0.07526408450704225 0.10269953051643192 
0 0.27684859154929575 0.874706572769953 0.07658450704225352 0.13556338028169015 
0 0.6148767605633803 0.5349178403755869 0.07746478873239436 0.1426056338028169 
0 0.5233274647887324 0.5328638497652582 0.08450704225352113 0.1396713615023474 
0 0.6555897887323944 0.15933098591549297 0.08582746478873239 0.1402582159624413 
0 0.4236355633802817 0.5322769953051644 0.07702464788732394 0.13497652582159625 
0 0.75 0.1675469483568075 0.08714788732394366 0.12969483568075119 
0 0.8340669014084507 0.1742957746478873 0.07922535211267606 0.12793427230046947 
0 0.46919014084507044 0.14994131455399062 0.08626760563380281 0.125 
0 0.5585387323943662 0.14788732394366197 0.08098591549295775 0.13732394366197184 
0 0.33494718309859156 0.5325704225352113 0.08362676056338028 0.14730046948356806 
0 0.9192341549295775 0.18456572769953053 0.07350352112676056 0.11443661971830986 
0 0.2506602112676056 0.1443661971830986 0.0761443661971831 0.12910798122065728 
0 0.3283450704225352 0.3911384976525822 0.0818661971830986 0.11443661971830986 
0 0.3459507042253521 0.14642018779342722 0.0818661971830986 0.13204225352112675 
0 0.4121919014084507 0.38438967136150237 0.07702464788732394 0.13732394366197184 
0 0.6289612676056338 0.3949530516431925 0.07482394366197183 0.11619718309859155 
0 0.5374119718309859 0.40669014084507044 0.07658450704225352 0.08685446009389672 
0 0.08098591549295775 0.14553990610328638 0.1329225352112676 0.13028169014084506 
0 0.02750880281690141 0.5140845070422535 0.05413732394366197 0.13145539906103287 
0 0.36377640845070425 0.7816901408450704 0.07526408450704225 0.06807511737089202 
0 0.8402288732394366 0.04988262910798122 0.08538732394366197 0.09272300469483569 
0 0.4586267605633803 0.8676643192488263 0.0818661971830986 0.15669014084507044 
0 0.3686179577464789 0.8893779342723005 0.07174295774647887 0.12852112676056338 
0 0.5530369718309859 0.8758802816901409 0.08054577464788733 0.15199530516431925 
0 0.8422095070422535 0.8802816901408451 0.08582746478873239 0.12441314553990611 
0 0.6362235915492958 0.8538732394366197 0.061179577464788734 0.13262910798122066 
0 0.9335387323943662 0.8867370892018779 0.06954225352112677 0.13028169014084506 
0 0.7398767605633803 0.043133802816901406 0.0801056338028169 0.08157276995305164 
0 0.9663292253521126 0.5325704225352113 0.03477112676056338 0.11561032863849766 
0 0.5543573943661971 0.03873239436619718 0.08230633802816902 0.07394366197183098 
0 0.5092429577464789 0.06924882629107981 0.0008802816901408451 0.0011737089201877935 
0 0.46346830985915494 0.038438967136150234 0.09242957746478873 0.0721830985915493 
0 0.19652288732394366 0.054870892018779344 0.07790492957746478 0.09565727699530517 
0 0.1133362676056338 0.041666666666666664 0.07526408450704225 0.07863849765258216 
0 0.09925176056338028 0.5117370892018779 0.07526408450704225 0.13615023474178403 
0 0.8600352112676056 0.783744131455399 0.06954225352112677 0.0710093896713615 
0 0.0977112676056338 0.8650234741784038 0.07834507042253522 0.1431924882629108 
0 0.6511883802816901 0.03814553990610329 0.08318661971830986 0.07511737089201878 
0 0.18639964788732394 0.8653169014084507 0.07262323943661972 0.1426056338028169 
0 0.7255721830985915 0.863556338028169 0.07350352112676056 0.1238262910798122 
0 0.9319982394366197 0.05545774647887324 0.07526408450704225 0.10269953051643192 
0 0.27684859154929575 0.874706572769953 0.07658450704225352 0.13556338028169015 
0 0.6148767605633803 0.5349178403755869 0.07746478873239436 0.1426056338028169 
0 0.5233274647887324 0.5328638497652582 0.08450704225352113 0.1396713615023474 
0 0.6555897887323944 0.15933098591549297 0.08582746478873239 0.1402582159624413 
0 0.4236355633802817 0.5322769953051644 0.07702464788732394 0.13497652582159625 
0 0.75 0.1675469483568075 0.08714788732394366 0.12969483568075119 
0 0.8340669014084507 0.1742957746478873 0.07922535211267606 0.12793427230046947 
0 0.46919014084507044 0.14994131455399062 0.08626760563380281 0.125 
0 0.5585387323943662 0.14788732394366197 0.08098591549295775 0.13732394366197184 
0 0.33494718309859156 0.5325704225352113 0.08362676056338028 0.14730046948356806 
0 0.9192341549295775 0.18456572769953053 0.07350352112676056 0.11443661971830986 
0 0.2506602112676056 0.1443661971830986 0.0761443661971831 0.12910798122065728 
0 0.3283450704225352 0.3911384976525822 0.0818661971830986 0.11443661971830986 
0 0.3459507042253521 0.14642018779342722 0.0818661971830986 0.13204225352112675 
0 0.4121919014084507 0.38438967136150237 0.07702464788732394 0.13732394366197184 
0 0.6289612676056338 0.3949530516431925 0.07482394366197183 0.11619718309859155 
0 0.5374119718309859 0.40669014084507044 0.07658450704225352 0.08685446009389672 
0 0.08098591549295775 0.14553990610328638 0.1329225352112676 0.13028169014084506 
0 0.02750880281690141 0.5140845070422535 0.05413732394366197 0.13145539906103287 
0 0.36377640845070425 0.7816901408450704 0.07526408450704225 0.06807511737089202 
