0 0.6142165492957746 0.19102112676056338 0.15536971830985916 0.0886150234741784 
0 0.8840228873239436 0.38497652582159625 0.0488556338028169 0.107981220657277 
0 0.6111355633802817 0.39436619718309857 0.16153169014084506 0.10211267605633803 
0 0.6117957746478874 0.28843896713615025 0.16461267605633803 0.0886150234741784 
0 0.8705985915492958 0.6951291079812206 0.17693661971830985 0.1402582159624413 
0 0.9621478873239436 0.07863849765258216 0.07570422535211267 0.04460093896713615 
0 0.8688380281690141 0.07541079812206573 0.08714788732394366 0.0534037558685446 
0 0.9482834507042254 0.25880281690140844 0.06558098591549295 0.107981220657277 
0 0.6767165492957746 0.852112676056338 0.16857394366197184 0.13145539906103287 
0 0.3147007042253521 0.03755868544600939 0.09419014084507042 0.06455399061032864 
0 0.09617077464788733 0.027582159624413145 0.09727112676056338 0.0539906103286385 
0 0.7880721830985915 0.40316901408450706 0.16593309859154928 0.10328638497652583 
0 0.9463028169014085 0.3817488262910798 0.06778169014084508 0.11208920187793427 
0 0.07152288732394366 0.2711267605633803 0.14216549295774647 0.107981220657277 
0 0.2092869718309859 0.03051643192488263 0.09022887323943662 0.05985915492957746 
0 0.4267165492957746 0.28257042253521125 0.17297535211267606 0.11561032863849766 
0 0.9665492957746479 0.024061032863849766 0.06690140845070422 0.046948356807511735 
0 0.10849471830985916 0.7875586854460094 0.1192781690140845 0.24178403755868544 
0 0.42451584507042256 0.3911384976525822 0.17297535211267606 0.09917840375586855 
0 0.3899647887323944 0.7705399061032864 0.11267605633802817 0.24530516431924881 
0 0.7559419014084507 0.06572769953051644 0.08934859154929578 0.06572769953051644 
0 0.24075704225352113 0.2764084507042254 0.17253521126760563 0.10915492957746478 
0 0.238556338028169 0.38438967136150237 0.1742957746478873 0.09741784037558686 
0 0.8573943661971831 0.8550469483568075 0.17165492957746478 0.13497652582159625 
0 0.6897007042253521 0.6983568075117371 0.1681338028169014 0.15845070422535212 
0 0.5290492957746479 0.05046948356807512 0.09154929577464789 0.0715962441314554 
0 0.24163732394366197 0.7699530516431925 0.11707746478873239 0.30164319248826293 
0 0.42319542253521125 0.04078638497652582 0.09551056338028169 0.06044600938967136 
0 0.6503080985915493 0.051056338028169015 0.09639084507042253 0.051643192488262914 
0 0.5176056338028169 0.7767018779342723 0.09330985915492958 0.267018779342723 
0 0.07284330985915492 0.37529342723004694 0.13952464788732394 0.08509389671361503 
0 0.7816901408450704 0.2943075117370892 0.15580985915492956 0.10504694835680752 
0 0.6142165492957746 0.19102112676056338 0.15536971830985916 0.0886150234741784 
0 0.8840228873239436 0.38497652582159625 0.0488556338028169 0.107981220657277 
0 0.6111355633802817 0.39436619718309857 0.16153169014084506 0.10211267605633803 
0 0.6117957746478874 0.28843896713615025 0.16461267605633803 0.0886150234741784 
0 0.8705985915492958 0.6951291079812206 0.17693661971830985 0.1402582159624413 
0 0.9621478873239436 0.07863849765258216 0.07570422535211267 0.04460093896713615 
0 0.8688380281690141 0.07541079812206573 0.08714788732394366 0.0534037558685446 
0 0.9482834507042254 0.25880281690140844 0.06558098591549295 0.107981220657277 
0 0.6767165492957746 0.852112676056338 0.16857394366197184 0.13145539906103287 
0 0.3147007042253521 0.03755868544600939 0.09419014084507042 0.06455399061032864 
0 0.09617077464788733 0.027582159624413145 0.09727112676056338 0.0539906103286385 
0 0.7880721830985915 0.40316901408450706 0.16593309859154928 0.10328638497652583 
0 0.9463028169014085 0.3817488262910798 0.06778169014084508 0.11208920187793427 
0 0.07152288732394366 0.2711267605633803 0.14216549295774647 0.107981220657277 
0 0.2092869718309859 0.03051643192488263 0.09022887323943662 0.05985915492957746 
0 0.4267165492957746 0.28257042253521125 0.17297535211267606 0.11561032863849766 
0 0.9665492957746479 0.024061032863849766 0.06690140845070422 0.046948356807511735 
0 0.10849471830985916 0.7875586854460094 0.1192781690140845 0.24178403755868544 
0 0.42451584507042256 0.3911384976525822 0.17297535211267606 0.09917840375586855 
0 0.3899647887323944 0.7705399061032864 0.11267605633802817 0.24530516431924881 
0 0.7559419014084507 0.06572769953051644 0.08934859154929578 0.06572769953051644 
0 0.24075704225352113 0.2764084507042254 0.17253521126760563 0.10915492957746478 
0 0.238556338028169 0.38438967136150237 0.1742957746478873 0.09741784037558686 
0 0.8573943661971831 0.8550469483568075 0.17165492957746478 0.13497652582159625 
0 0.6897007042253521 0.6983568075117371 0.1681338028169014 0.15845070422535212 
0 0.5290492957746479 0.05046948356807512 0.09154929577464789 0.0715962441314554 
0 0.24163732394366197 0.7699530516431925 0.11707746478873239 0.30164319248826293 
0 0.42319542253521125 0.04078638497652582 0.09551056338028169 0.06044600938967136 
0 0.6503080985915493 0.051056338028169015 0.09639084507042253 0.051643192488262914 
0 0.5176056338028169 0.7767018779342723 0.09330985915492958 0.267018779342723 
0 0.07284330985915492 0.37529342723004694 0.13952464788732394 0.08509389671361503 
0 0.7816901408450704 0.2943075117370892 0.15580985915492956 0.10504694835680752 
0 0.6142165492957746 0.19102112676056338 0.15536971830985916 0.0886150234741784 
0 0.8840228873239436 0.38497652582159625 0.0488556338028169 0.107981220657277 
0 0.6111355633802817 0.39436619718309857 0.16153169014084506 0.10211267605633803 
0 0.6117957746478874 0.28843896713615025 0.16461267605633803 0.0886150234741784 
0 0.8705985915492958 0.6951291079812206 0.17693661971830985 0.1402582159624413 
0 0.9621478873239436 0.07863849765258216 0.07570422535211267 0.04460093896713615 
0 0.8688380281690141 0.07541079812206573 0.08714788732394366 0.0534037558685446 
0 0.9482834507042254 0.25880281690140844 0.06558098591549295 0.107981220657277 
0 0.6767165492957746 0.852112676056338 0.16857394366197184 0.13145539906103287 
0 0.3147007042253521 0.03755868544600939 0.09419014084507042 0.06455399061032864 
0 0.09617077464788733 0.027582159624413145 0.09727112676056338 0.0539906103286385 
0 0.7880721830985915 0.40316901408450706 0.16593309859154928 0.10328638497652583 
0 0.9463028169014085 0.3817488262910798 0.06778169014084508 0.11208920187793427 
0 0.07152288732394366 0.2711267605633803 0.14216549295774647 0.107981220657277 
0 0.2092869718309859 0.03051643192488263 0.09022887323943662 0.05985915492957746 
0 0.4267165492957746 0.28257042253521125 0.17297535211267606 0.11561032863849766 
0 0.9665492957746479 0.024061032863849766 0.06690140845070422 0.046948356807511735 
0 0.10849471830985916 0.7875586854460094 0.1192781690140845 0.24178403755868544 
0 0.42451584507042256 0.3911384976525822 0.17297535211267606 0.09917840375586855 
0 0.3899647887323944 0.7705399061032864 0.11267605633802817 0.24530516431924881 
0 0.7559419014084507 0.06572769953051644 0.08934859154929578 0.06572769953051644 
0 0.24075704225352113 0.2764084507042254 0.17253521126760563 0.10915492957746478 
0 0.238556338028169 0.38438967136150237 0.1742957746478873 0.09741784037558686 
0 0.8573943661971831 0.8550469483568075 0.17165492957746478 0.13497652582159625 
0 0.6897007042253521 0.6983568075117371 0.1681338028169014 0.15845070422535212 
0 0.5290492957746479 0.05046948356807512 0.09154929577464789 0.0715962441314554 
0 0.24163732394366197 0.7699530516431925 0.11707746478873239 0.30164319248826293 
0 0.42319542253521125 0.04078638497652582 0.09551056338028169 0.06044600938967136 
0 0.6503080985915493 0.051056338028169015 0.09639084507042253 0.051643192488262914 
0 0.5176056338028169 0.7767018779342723 0.09330985915492958 0.267018779342723 
0 0.07284330985915492 0.37529342723004694 0.13952464788732394 0.08509389671361503 
0 0.7816901408450704 0.2943075117370892 0.15580985915492956 0.10504694835680752 
