0 0.7893926056338029 0.9298708920187794 0.20994718309859156 0.13673708920187794 
0 0.2920334507042254 0.920774647887324 0.16153169014084506 0.14553990610328638 
0 0.9724911971830986 0.8482981220657277 0.04709507042253521 0.24119718309859156 
0 0.6183978873239436 0.022887323943661973 0.07482394366197183 0.04460093896713615 
0 0.8882042253521126 0.08303990610328639 0.09595070422535211 0.13791079812206572 
0 0.559419014084507 0.5082159624413145 0.04401408450704225 0.06103286384976526 
0 0.5605193661971831 0.9005281690140845 0.18089788732394366 0.13673708920187794 
0 0.1073943661971831 0.04636150234741784 0.0721830985915493 0.07746478873239436 
0 0.31536091549295775 0.7869718309859155 0.1483274647887324 0.07629107981220658 
0 0.7090669014084507 0.09800469483568075 0.07658450704225352 0.07394366197183098 
0 0.6115757042253521 0.08949530516431925 0.07878521126760564 0.0721830985915493 
0 0.7088468309859155 0.024354460093896715 0.08582746478873239 0.04636150234741784 
0 0.7988556338028169 0.03609154929577465 0.0818661971830986 0.06514084507042253 
0 0.7871919014084507 0.10856807511737089 0.0682218309859155 0.07394366197183098 
0 0.9713908450704225 0.4979460093896714 0.05457746478873239 0.12617370892018778 
0 0.18155809859154928 0.7664319248826291 0.08230633802816902 0.107981220657277 
0 0.8567341549295775 0.8268779342723005 0.13512323943661972 0.20422535211267606 
0 0.06602112676056338 0.7224178403755869 0.12764084507042253 0.11267605633802817 
0 0.11047535211267606 0.8840962441314554 0.17341549295774647 0.15434272300469484 
0 0.433318661971831 0.5134976525821596 0.08846830985915492 0.06807511737089202 
0 0.35563380281690143 0.058392018779342726 0.06602112676056338 0.0886150234741784 
0 0.8054577464788732 0.4354460093896714 0.11795774647887323 0.08215962441314555 
0 0.7638644366197183 0.5184859154929577 0.053257042253521125 0.08039906103286384 
0 0.2211707746478873 0.4269366197183099 0.08846830985915492 0.06514084507042253 
0 0.19630281690140844 0.045774647887323945 0.06690140845070422 0.0892018779342723 
0 0.22183098591549297 0.49765258215962443 0.09154929577464789 0.0715962441314554 
0 0.9053697183098591 0.48532863849765256 0.05897887323943662 0.13262910798122066 
0 0.33516725352112675 0.4310446009389671 0.09727112676056338 0.06631455399061033 
0 0.6881602112676056 0.5146713615023474 0.06029929577464789 0.05868544600938967 
0 0.44014084507042256 0.44014084507042256 0.09507042253521127 0.06924882629107981 
0 0.8301056338028169 0.522887323943662 0.05897887323943662 0.06338028169014084 
0 0.43794014084507044 0.05516431924882629 0.06514084507042253 0.10446009389671361 
0 0.1036531690140845 0.3541666666666667 0.14744718309859156 0.06866197183098592 
0 0.5136443661971831 0.505868544600939 0.043133802816901406 0.0715962441314554 
0 0.4449823943661972 0.3676643192488263 0.0977112676056338 0.06866197183098592 
0 0.6236795774647887 0.5079225352112676 0.04665492957746479 0.0721830985915493 
0 0.664612676056338 0.4298708920187793 0.1329225352112676 0.08039906103286384 
0 0.33186619718309857 0.5088028169014085 0.09683098591549295 0.07042253521126761 
0 0.27838908450704225 0.05575117370892019 0.0743838028169014 0.09624413145539906 
0 0.5121038732394366 0.08333333333333333 0.0761443661971831 0.07863849765258216 
0 0.09815140845070422 0.4950117370892019 0.12323943661971831 0.0733568075117371 
0 0.09837147887323944 0.4234154929577465 0.14216549295774647 0.06866197183098592 
0 0.33120598591549294 0.3617957746478873 0.09991197183098592 0.0710093896713615 
0 0.7893926056338029 0.9298708920187794 0.20994718309859156 0.13673708920187794 
0 0.2920334507042254 0.920774647887324 0.16153169014084506 0.14553990610328638 
0 0.9724911971830986 0.8482981220657277 0.04709507042253521 0.24119718309859156 
0 0.6183978873239436 0.022887323943661973 0.07482394366197183 0.04460093896713615 
0 0.8882042253521126 0.08303990610328639 0.09595070422535211 0.13791079812206572 
0 0.559419014084507 0.5082159624413145 0.04401408450704225 0.06103286384976526 
0 0.5605193661971831 0.9005281690140845 0.18089788732394366 0.13673708920187794 
0 0.1073943661971831 0.04636150234741784 0.0721830985915493 0.07746478873239436 
0 0.31536091549295775 0.7869718309859155 0.1483274647887324 0.07629107981220658 
0 0.7090669014084507 0.09800469483568075 0.07658450704225352 0.07394366197183098 
0 0.6115757042253521 0.08949530516431925 0.07878521126760564 0.0721830985915493 
0 0.7088468309859155 0.024354460093896715 0.08582746478873239 0.04636150234741784 
0 0.7988556338028169 0.03609154929577465 0.0818661971830986 0.06514084507042253 
0 0.7871919014084507 0.10856807511737089 0.0682218309859155 0.07394366197183098 
0 0.9713908450704225 0.4979460093896714 0.05457746478873239 0.12617370892018778 
0 0.18155809859154928 0.7664319248826291 0.08230633802816902 0.107981220657277 
0 0.8567341549295775 0.8268779342723005 0.13512323943661972 0.20422535211267606 
0 0.06602112676056338 0.7224178403755869 0.12764084507042253 0.11267605633802817 
0 0.11047535211267606 0.8840962441314554 0.17341549295774647 0.15434272300469484 
0 0.433318661971831 0.5134976525821596 0.08846830985915492 0.06807511737089202 
0 0.35563380281690143 0.058392018779342726 0.06602112676056338 0.0886150234741784 
0 0.8054577464788732 0.4354460093896714 0.11795774647887323 0.08215962441314555 
0 0.7638644366197183 0.5184859154929577 0.053257042253521125 0.08039906103286384 
0 0.2211707746478873 0.4269366197183099 0.08846830985915492 0.06514084507042253 
0 0.19630281690140844 0.045774647887323945 0.06690140845070422 0.0892018779342723 
0 0.22183098591549297 0.49765258215962443 0.09154929577464789 0.0715962441314554 
0 0.9053697183098591 0.48532863849765256 0.05897887323943662 0.13262910798122066 
0 0.33516725352112675 0.4310446009389671 0.09727112676056338 0.06631455399061033 
0 0.6881602112676056 0.5146713615023474 0.06029929577464789 0.05868544600938967 
0 0.44014084507042256 0.44014084507042256 0.09507042253521127 0.06924882629107981 
0 0.8301056338028169 0.522887323943662 0.05897887323943662 0.06338028169014084 
0 0.43794014084507044 0.05516431924882629 0.06514084507042253 0.10446009389671361 
0 0.1036531690140845 0.3541666666666667 0.14744718309859156 0.06866197183098592 
0 0.5136443661971831 0.505868544600939 0.043133802816901406 0.0715962441314554 
0 0.4449823943661972 0.3676643192488263 0.0977112676056338 0.06866197183098592 
0 0.6236795774647887 0.5079225352112676 0.04665492957746479 0.0721830985915493 
0 0.664612676056338 0.4298708920187793 0.1329225352112676 0.08039906103286384 
0 0.33186619718309857 0.5088028169014085 0.09683098591549295 0.07042253521126761 
0 0.27838908450704225 0.05575117370892019 0.0743838028169014 0.09624413145539906 
0 0.5121038732394366 0.08333333333333333 0.0761443661971831 0.07863849765258216 
0 0.09815140845070422 0.4950117370892019 0.12323943661971831 0.0733568075117371 
0 0.09837147887323944 0.4234154929577465 0.14216549295774647 0.06866197183098592 
0 0.33120598591549294 0.3617957746478873 0.09991197183098592 0.0710093896713615 
0 0.7893926056338029 0.9298708920187794 0.20994718309859156 0.13673708920187794 
0 0.2920334507042254 0.920774647887324 0.16153169014084506 0.14553990610328638 
0 0.9724911971830986 0.8482981220657277 0.04709507042253521 0.24119718309859156 
0 0.6183978873239436 0.022887323943661973 0.07482394366197183 0.04460093896713615 
0 0.8882042253521126 0.08303990610328639 0.09595070422535211 0.13791079812206572 
0 0.559419014084507 0.5082159624413145 0.04401408450704225 0.06103286384976526 
0 0.5605193661971831 0.9005281690140845 0.18089788732394366 0.13673708920187794 
0 0.1073943661971831 0.04636150234741784 0.0721830985915493 0.07746478873239436 
0 0.31536091549295775 0.7869718309859155 0.1483274647887324 0.07629107981220658 
0 0.7090669014084507 0.09800469483568075 0.07658450704225352 0.07394366197183098 
0 0.6115757042253521 0.08949530516431925 0.07878521126760564 0.0721830985915493 
0 0.7088468309859155 0.024354460093896715 0.08582746478873239 0.04636150234741784 
0 0.7988556338028169 0.03609154929577465 0.0818661971830986 0.06514084507042253 
0 0.7871919014084507 0.10856807511737089 0.0682218309859155 0.07394366197183098 
0 0.9713908450704225 0.4979460093896714 0.05457746478873239 0.12617370892018778 
0 0.18155809859154928 0.7664319248826291 0.08230633802816902 0.107981220657277 
0 0.8567341549295775 0.8268779342723005 0.13512323943661972 0.20422535211267606 
0 0.06602112676056338 0.7224178403755869 0.12764084507042253 0.11267605633802817 
0 0.11047535211267606 0.8840962441314554 0.17341549295774647 0.15434272300469484 
0 0.433318661971831 0.5134976525821596 0.08846830985915492 0.06807511737089202 
0 0.35563380281690143 0.058392018779342726 0.06602112676056338 0.0886150234741784 
0 0.8054577464788732 0.4354460093896714 0.11795774647887323 0.08215962441314555 
0 0.7638644366197183 0.5184859154929577 0.053257042253521125 0.08039906103286384 
0 0.2211707746478873 0.4269366197183099 0.08846830985915492 0.06514084507042253 
0 0.19630281690140844 0.045774647887323945 0.06690140845070422 0.0892018779342723 
0 0.22183098591549297 0.49765258215962443 0.09154929577464789 0.0715962441314554 
0 0.9053697183098591 0.48532863849765256 0.05897887323943662 0.13262910798122066 
0 0.33516725352112675 0.4310446009389671 0.09727112676056338 0.06631455399061033 
0 0.6881602112676056 0.5146713615023474 0.06029929577464789 0.05868544600938967 
0 0.44014084507042256 0.44014084507042256 0.09507042253521127 0.06924882629107981 
0 0.8301056338028169 0.522887323943662 0.05897887323943662 0.06338028169014084 
0 0.43794014084507044 0.05516431924882629 0.06514084507042253 0.10446009389671361 
0 0.1036531690140845 0.3541666666666667 0.14744718309859156 0.06866197183098592 
0 0.5136443661971831 0.505868544600939 0.043133802816901406 0.0715962441314554 
0 0.4449823943661972 0.3676643192488263 0.0977112676056338 0.06866197183098592 
0 0.6236795774647887 0.5079225352112676 0.04665492957746479 0.0721830985915493 
0 0.664612676056338 0.4298708920187793 0.1329225352112676 0.08039906103286384 
0 0.33186619718309857 0.5088028169014085 0.09683098591549295 0.07042253521126761 
0 0.27838908450704225 0.05575117370892019 0.0743838028169014 0.09624413145539906 
0 0.5121038732394366 0.08333333333333333 0.0761443661971831 0.07863849765258216 
0 0.09815140845070422 0.4950117370892019 0.12323943661971831 0.0733568075117371 
0 0.09837147887323944 0.4234154929577465 0.14216549295774647 0.06866197183098592 
0 0.33120598591549294 0.3617957746478873 0.09991197183098592 0.0710093896713615 
