0 0.3560739436619718 0.9295774647887324 0.07130281690140845 0.11619718309859155 
0 0.6734154929577465 0.7972417840375586 0.0625 0.09330985915492958 
0 0.6771566901408451 0.9225352112676056 0.0682218309859155 0.107981220657277 
0 0.5994718309859155 0.9292840375586855 0.07306338028169014 0.11913145539906103 
0 0.8926056338028169 0.3028169014084507 0.17077464788732394 0.1056338028169014 
0 0.8849031690140845 0.6226525821596244 0.06998239436619719 0.11854460093896714 
0 0.5206866197183099 0.9333920187793427 0.07130281690140845 0.11795774647887323 
0 0.8279049295774648 0.8060446009389671 0.06426056338028169 0.09213615023474178 
0 0.03851232394366197 0.7940140845070423 0.0761443661971831 0.07746478873239436 
0 0.5209066901408451 0.8054577464788732 0.058538732394366196 0.10504694835680752 
0 0.969850352112676 0.9163732394366197 0.06029929577464789 0.12969483568075119 
0 0.4414612676056338 0.8075117370892019 0.06954225352112677 0.1068075117370892 
0 0.8221830985915493 0.9178403755868545 0.05897887323943662 0.10211267605633803 
0 0.4397007042253521 0.9295774647887324 0.07042253521126761 0.11267605633802817 
0 0.8941461267605634 0.9187206572769953 0.05413732394366197 0.10035211267605634 
0 0.1190580985915493 0.8028169014084507 0.06382042253521127 0.08450704225352113 
0 0.12169894366197183 0.9137323943661971 0.061179577464788734 0.1068075117370892 
0 0.3613556338028169 0.8022300469483568 0.06514084507042253 0.08568075117370892 
0 0.04401408450704225 0.9049295774647887 0.06514084507042253 0.12441314553990611 
0 0.4154929577464789 0.4856220657276995 0.06866197183098592 0.1238262910798122 
0 0.24339788732394366 0.4838615023474178 0.0721830985915493 0.1238262910798122 
0 0.746919014084507 0.9175469483568075 0.05369718309859155 0.09917840375586855 
0 0.06800176056338028 0.5818661971830986 0.08142605633802817 0.05575117370892019 
0 0.7552816901408451 0.795774647887324 0.05985915492957746 0.09389671361502347 
0 0.7268926056338029 0.4914906103286385 0.07086267605633803 0.1273474178403756 
0 0.6507482394366197 0.48444835680751175 0.05677816901408451 0.12617370892018778 
0 0.32702464788732394 0.14642018779342722 0.1892605633802817 0.12852112676056338 
0 0.5283890845070423 0.16255868544600938 0.1756161971830986 0.13615023474178403 
0 0.3261443661971831 0.619424882629108 0.06866197183098592 0.125 
0 0.15669014084507044 0.6132629107981221 0.07394366197183098 0.12089201877934272 
0 0.12940140845070422 0.14055164319248825 0.19102112676056338 0.13438967136150234 
0 0.24295774647887325 0.6173708920187794 0.07306338028169014 0.13497652582159625 
0 0.7251320422535211 0.624706572769953 0.06734154929577464 0.11678403755868545 
0 0.1331426056338028 0.2761150234741784 0.20202464788732394 0.12852112676056338 
0 0.3279049295774648 0.2802230046948357 0.19014084507042253 0.12969483568075119 
0 0.4876760563380282 0.6229460093896714 0.06954225352112677 0.11795774647887323 
0 0.8063380281690141 0.619131455399061 0.0625 0.12206572769953052 
0 0.5713028169014085 0.6214788732394366 0.06514084507042253 0.12089201877934272 
0 0.07086267605633803 0.6461267605633803 0.08626760563380281 0.056338028169014086 
0 0.7057658450704225 0.3075117370892019 0.1641725352112676 0.09976525821596244 
0 0.5242077464788732 0.2975352112676056 0.17077464788732394 0.11619718309859155 
0 0.8730193661971831 0.4932511737089202 0.06558098591549295 0.1238262910798122 
0 0.6467869718309859 0.625 0.061179577464788734 0.1255868544600939 
0 0.5726232394366197 0.4856220657276995 0.07394366197183098 0.1414319248826291 
0 0.8039172535211268 0.4920774647887324 0.06294014084507042 0.11091549295774648 
0 0.49119718309859156 0.4812206572769953 0.07394366197183098 0.142018779342723 
0 0.7086267605633803 0.1784037558685446 0.15140845070422534 0.11384976525821597 
0 0.410431338028169 0.6203051643192489 0.06470070422535211 0.1255868544600939 
0 0.5990316901408451 0.8039906103286385 0.06338028169014084 0.09624413145539906 
0 0.3560739436619718 0.9295774647887324 0.07130281690140845 0.11619718309859155 
0 0.6734154929577465 0.7972417840375586 0.0625 0.09330985915492958 
0 0.6771566901408451 0.9225352112676056 0.0682218309859155 0.107981220657277 
0 0.5994718309859155 0.9292840375586855 0.07306338028169014 0.11913145539906103 
0 0.8926056338028169 0.3028169014084507 0.17077464788732394 0.1056338028169014 
0 0.8849031690140845 0.6226525821596244 0.06998239436619719 0.11854460093896714 
0 0.5206866197183099 0.9333920187793427 0.07130281690140845 0.11795774647887323 
0 0.8279049295774648 0.8060446009389671 0.06426056338028169 0.09213615023474178 
0 0.03851232394366197 0.7940140845070423 0.0761443661971831 0.07746478873239436 
0 0.5209066901408451 0.8054577464788732 0.058538732394366196 0.10504694835680752 
0 0.969850352112676 0.9163732394366197 0.06029929577464789 0.12969483568075119 
0 0.4414612676056338 0.8075117370892019 0.06954225352112677 0.1068075117370892 
0 0.8221830985915493 0.9178403755868545 0.05897887323943662 0.10211267605633803 
0 0.4397007042253521 0.9295774647887324 0.07042253521126761 0.11267605633802817 
0 0.8941461267605634 0.9187206572769953 0.05413732394366197 0.10035211267605634 
0 0.1190580985915493 0.8028169014084507 0.06382042253521127 0.08450704225352113 
0 0.12169894366197183 0.9137323943661971 0.061179577464788734 0.1068075117370892 
0 0.3613556338028169 0.8022300469483568 0.06514084507042253 0.08568075117370892 
0 0.04401408450704225 0.9049295774647887 0.06514084507042253 0.12441314553990611 
0 0.4154929577464789 0.4856220657276995 0.06866197183098592 0.1238262910798122 
0 0.24339788732394366 0.4838615023474178 0.0721830985915493 0.1238262910798122 
0 0.746919014084507 0.9175469483568075 0.05369718309859155 0.09917840375586855 
0 0.06800176056338028 0.5818661971830986 0.08142605633802817 0.05575117370892019 
0 0.7552816901408451 0.795774647887324 0.05985915492957746 0.09389671361502347 
0 0.7268926056338029 0.4914906103286385 0.07086267605633803 0.1273474178403756 
0 0.6507482394366197 0.48444835680751175 0.05677816901408451 0.12617370892018778 
0 0.32702464788732394 0.14642018779342722 0.1892605633802817 0.12852112676056338 
0 0.5283890845070423 0.16255868544600938 0.1756161971830986 0.13615023474178403 
0 0.3261443661971831 0.619424882629108 0.06866197183098592 0.125 
0 0.15669014084507044 0.6132629107981221 0.07394366197183098 0.12089201877934272 
0 0.12940140845070422 0.14055164319248825 0.19102112676056338 0.13438967136150234 
0 0.24295774647887325 0.6173708920187794 0.07306338028169014 0.13497652582159625 
0 0.7251320422535211 0.624706572769953 0.06734154929577464 0.11678403755868545 
0 0.1331426056338028 0.2761150234741784 0.20202464788732394 0.12852112676056338 
0 0.3279049295774648 0.2802230046948357 0.19014084507042253 0.12969483568075119 
0 0.4876760563380282 0.6229460093896714 0.06954225352112677 0.11795774647887323 
0 0.8063380281690141 0.619131455399061 0.0625 0.12206572769953052 
0 0.5713028169014085 0.6214788732394366 0.06514084507042253 0.12089201877934272 
0 0.07086267605633803 0.6461267605633803 0.08626760563380281 0.056338028169014086 
0 0.7057658450704225 0.3075117370892019 0.1641725352112676 0.09976525821596244 
0 0.5242077464788732 0.2975352112676056 0.17077464788732394 0.11619718309859155 
0 0.8730193661971831 0.4932511737089202 0.06558098591549295 0.1238262910798122 
0 0.6467869718309859 0.625 0.061179577464788734 0.1255868544600939 
0 0.5726232394366197 0.4856220657276995 0.07394366197183098 0.1414319248826291 
0 0.8039172535211268 0.4920774647887324 0.06294014084507042 0.11091549295774648 
0 0.49119718309859156 0.4812206572769953 0.07394366197183098 0.142018779342723 
0 0.7086267605633803 0.1784037558685446 0.15140845070422534 0.11384976525821597 
0 0.410431338028169 0.6203051643192489 0.06470070422535211 0.1255868544600939 
0 0.5990316901408451 0.8039906103286385 0.06338028169014084 0.09624413145539906 
0 0.3560739436619718 0.9295774647887324 0.07130281690140845 0.11619718309859155 
0 0.6734154929577465 0.7972417840375586 0.0625 0.09330985915492958 
0 0.6771566901408451 0.9225352112676056 0.0682218309859155 0.107981220657277 
0 0.5994718309859155 0.9292840375586855 0.07306338028169014 0.11913145539906103 
0 0.8926056338028169 0.3028169014084507 0.17077464788732394 0.1056338028169014 
0 0.8849031690140845 0.6226525821596244 0.06998239436619719 0.11854460093896714 
0 0.5206866197183099 0.9333920187793427 0.07130281690140845 0.11795774647887323 
0 0.8279049295774648 0.8060446009389671 0.06426056338028169 0.09213615023474178 
0 0.03851232394366197 0.7940140845070423 0.0761443661971831 0.07746478873239436 
0 0.5209066901408451 0.8054577464788732 0.058538732394366196 0.10504694835680752 
0 0.969850352112676 0.9163732394366197 0.06029929577464789 0.12969483568075119 
0 0.4414612676056338 0.8075117370892019 0.06954225352112677 0.1068075117370892 
0 0.8221830985915493 0.9178403755868545 0.05897887323943662 0.10211267605633803 
0 0.4397007042253521 0.9295774647887324 0.07042253521126761 0.11267605633802817 
0 0.8941461267605634 0.9187206572769953 0.05413732394366197 0.10035211267605634 
0 0.1190580985915493 0.8028169014084507 0.06382042253521127 0.08450704225352113 
0 0.12169894366197183 0.9137323943661971 0.061179577464788734 0.1068075117370892 
0 0.3613556338028169 0.8022300469483568 0.06514084507042253 0.08568075117370892 
0 0.04401408450704225 0.9049295774647887 0.06514084507042253 0.12441314553990611 
0 0.4154929577464789 0.4856220657276995 0.06866197183098592 0.1238262910798122 
0 0.24339788732394366 0.4838615023474178 0.0721830985915493 0.1238262910798122 
0 0.746919014084507 0.9175469483568075 0.05369718309859155 0.09917840375586855 
0 0.06800176056338028 0.5818661971830986 0.08142605633802817 0.05575117370892019 
0 0.7552816901408451 0.795774647887324 0.05985915492957746 0.09389671361502347 
0 0.7268926056338029 0.4914906103286385 0.07086267605633803 0.1273474178403756 
0 0.6507482394366197 0.48444835680751175 0.05677816901408451 0.12617370892018778 
0 0.32702464788732394 0.14642018779342722 0.1892605633802817 0.12852112676056338 
0 0.5283890845070423 0.16255868544600938 0.1756161971830986 0.13615023474178403 
0 0.3261443661971831 0.619424882629108 0.06866197183098592 0.125 
0 0.15669014084507044 0.6132629107981221 0.07394366197183098 0.12089201877934272 
0 0.12940140845070422 0.14055164319248825 0.19102112676056338 0.13438967136150234 
0 0.24295774647887325 0.6173708920187794 0.07306338028169014 0.13497652582159625 
0 0.7251320422535211 0.624706572769953 0.06734154929577464 0.11678403755868545 
0 0.1331426056338028 0.2761150234741784 0.20202464788732394 0.12852112676056338 
0 0.3279049295774648 0.2802230046948357 0.19014084507042253 0.12969483568075119 
0 0.4876760563380282 0.6229460093896714 0.06954225352112677 0.11795774647887323 
0 0.8063380281690141 0.619131455399061 0.0625 0.12206572769953052 
0 0.5713028169014085 0.6214788732394366 0.06514084507042253 0.12089201877934272 
0 0.07086267605633803 0.6461267605633803 0.08626760563380281 0.056338028169014086 
0 0.7057658450704225 0.3075117370892019 0.1641725352112676 0.09976525821596244 
0 0.5242077464788732 0.2975352112676056 0.17077464788732394 0.11619718309859155 
0 0.8730193661971831 0.4932511737089202 0.06558098591549295 0.1238262910798122 
0 0.6467869718309859 0.625 0.061179577464788734 0.1255868544600939 
0 0.5726232394366197 0.4856220657276995 0.07394366197183098 0.1414319248826291 
0 0.8039172535211268 0.4920774647887324 0.06294014084507042 0.11091549295774648 
0 0.49119718309859156 0.4812206572769953 0.07394366197183098 0.142018779342723 
0 0.7086267605633803 0.1784037558685446 0.15140845070422534 0.11384976525821597 
0 0.410431338028169 0.6203051643192489 0.06470070422535211 0.1255868544600939 
0 0.5990316901408451 0.8039906103286385 0.06338028169014084 0.09624413145539906 
