0 0.8961267605633803 0.4961854460093897 0.05897887323943662 0.10269953051643192 
0 0.8193221830985915 0.07570422535211267 0.053257042253521125 0.1056338028169014 
0 0.894806338028169 0.08538732394366197 0.06778169014084508 0.11208920187793427 
0 0.9436619718309859 0.693368544600939 0.11267605633802817 0.12852112676056338 
0 0.6824383802816901 0.06924882629107981 0.05765845070422535 0.11032863849765258 
0 0.6040933098591549 0.06396713615023474 0.07350352112676056 0.11737089201877934 
0 0.7522007042253521 0.07863849765258216 0.06690140845070422 0.12793427230046947 
0 0.5459947183098591 0.375 0.050616197183098594 0.10093896713615023 
0 0.5233274647887324 0.06514084507042253 0.06602112676056338 0.11150234741784038 
0 0.16637323943661972 0.36032863849765256 0.05457746478873239 0.09272300469483569 
0 0.2577024647887324 0.937793427230047 0.1544894366197183 0.03873239436619718 
0 0.44696302816901406 0.056924882629107984 0.06294014084507042 0.11267605633802817 
0 0.4319982394366197 0.8726525821596244 0.12808098591549297 0.15492957746478872 
0 0.366637323943662 0.07247652582159625 0.07306338028169014 0.08509389671361503 
0 0.25616197183098594 0.8389084507042254 0.18045774647887325 0.04870892018779343 
0 0.26452464788732394 0.8876173708920188 0.15669014084507044 0.041666666666666664 
0 0.7227112676056338 0.8720657276995305 0.12147887323943662 0.12793427230046947 
0 0.08274647887323944 0.7690727699530516 0.12411971830985916 0.11913145539906103 
0 0.08890845070422536 0.9002347417840375 0.11707746478873239 0.10915492957746478 
0 0.9408010563380281 0.8494718309859155 0.11575704225352113 0.1426056338028169 
0 0.03147007042253521 0.14113849765258216 0.06029929577464789 0.04988262910798122 
0 0.034991197183098594 0.20598591549295775 0.06470070422535211 0.04929577464788732 
0 0.19476232394366197 0.0625 0.0761443661971831 0.08626760563380281 
0 0.2788292253521127 0.05985915492957746 0.0682218309859155 0.09741784037558686 
0 0.8422095070422535 0.4055164319248826 0.06734154929577464 0.07394366197183098 
0 0.09242957746478873 0.35944835680751175 0.06338028169014084 0.0886150234741784 
0 0.5862676056338029 0.8720657276995305 0.12323943661971831 0.1443661971830986 
0 0.8294454225352113 0.4988262910798122 0.06029929577464789 0.0903755868544601 
0 0.5484154929577465 0.5 0.07306338028169014 0.11502347417840375 
0 0.727112676056338 0.7062793427230047 0.11795774647887323 0.15199530516431925 
0 0.4738116197183099 0.3685446009389671 0.05501760563380282 0.10093896713615023 
0 0.964568661971831 0.4923708920187793 0.06998239436619719 0.11971830985915492 
0 0.2535211267605634 0.7913732394366197 0.17869718309859156 0.05927230046948357 
0 0.11487676056338028 0.2051056338028169 0.08098591549295775 0.056924882629107984 
0 0.6927816901408451 0.37353286384976525 0.06514084507042253 0.1073943661971831 
0 0.36883802816901406 0.18456572769953053 0.06426056338028169 0.11443661971830986 
0 0.7455985915492958 0.1983568075117371 0.07306338028169014 0.10211267605633803 
0 0.5972711267605634 0.1898474178403756 0.06866197183098592 0.11561032863849766 
0 0.8248239436619719 0.20246478873239437 0.06073943661971831 0.10915492957746478 
0 0.4434419014084507 0.19072769953051644 0.06294014084507042 0.12910798122065728 
0 0.28433098591549294 0.1875 0.06690140845070422 0.11091549295774648 
0 0.20224471830985916 0.1795774647887324 0.07790492957746478 0.13028169014084506 
0 0.26452464788732394 0.7056924882629108 0.14524647887323944 0.07570422535211267 
0 0.8983274647887324 0.2142018779342723 0.06866197183098592 0.10093896713615023 
0 0.7616637323943662 0.4920774647887324 0.06382042253521127 0.10504694835680752 
0 0.11201584507042253 0.1449530516431925 0.08054577464788733 0.04812206572769953 
0 0.6170774647887324 0.3738262910798122 0.05457746478873239 0.09389671361502347 
0 0.5213468309859155 0.1942488262910798 0.06910211267605634 0.11971830985915492 
0 0.4335387323943662 0.7230046948356808 0.12235915492957747 0.12793427230046947 
0 0.4705105633802817 0.4953051643192488 0.05369718309859155 0.10446009389671361 
0 0.3912852112676056 0.49178403755868544 0.06073943661971831 0.10093896713615023 
0 0.398987676056338 0.36502347417840375 0.06558098591549295 0.09741784037558686 
0 0.5882482394366197 0.7288732394366197 0.11663732394366197 0.12793427230046947 
0 0.16967429577464788 0.47681924882629106 0.05413732394366197 0.10387323943661972 
0 0.6725352112676056 0.19454225352112675 0.05721830985915493 0.11208920187793427 
0 0.6921214788732394 0.4950117370892019 0.05237676056338028 0.09565727699530517 
0 0.617737676056338 0.49735915492957744 0.06205985915492958 0.10974178403755869 
0 0.7669454225352113 0.38028169014084506 0.061179577464788734 0.10211267605633803 
0 0.08626760563380281 0.47593896713615025 0.061619718309859156 0.09976525821596244 
0 0.8961267605633803 0.4961854460093897 0.05897887323943662 0.10269953051643192 
0 0.8193221830985915 0.07570422535211267 0.053257042253521125 0.1056338028169014 
0 0.894806338028169 0.08538732394366197 0.06778169014084508 0.11208920187793427 
0 0.9436619718309859 0.693368544600939 0.11267605633802817 0.12852112676056338 
0 0.6824383802816901 0.06924882629107981 0.05765845070422535 0.11032863849765258 
0 0.6040933098591549 0.06396713615023474 0.07350352112676056 0.11737089201877934 
0 0.7522007042253521 0.07863849765258216 0.06690140845070422 0.12793427230046947 
0 0.5459947183098591 0.375 0.050616197183098594 0.10093896713615023 
0 0.5233274647887324 0.06514084507042253 0.06602112676056338 0.11150234741784038 
0 0.16637323943661972 0.36032863849765256 0.05457746478873239 0.09272300469483569 
0 0.2577024647887324 0.937793427230047 0.1544894366197183 0.03873239436619718 
0 0.44696302816901406 0.056924882629107984 0.06294014084507042 0.11267605633802817 
0 0.4319982394366197 0.8726525821596244 0.12808098591549297 0.15492957746478872 
0 0.366637323943662 0.07247652582159625 0.07306338028169014 0.08509389671361503 
0 0.25616197183098594 0.8389084507042254 0.18045774647887325 0.04870892018779343 
0 0.26452464788732394 0.8876173708920188 0.15669014084507044 0.041666666666666664 
0 0.7227112676056338 0.8720657276995305 0.12147887323943662 0.12793427230046947 
0 0.08274647887323944 0.7690727699530516 0.12411971830985916 0.11913145539906103 
0 0.08890845070422536 0.9002347417840375 0.11707746478873239 0.10915492957746478 
0 0.9408010563380281 0.8494718309859155 0.11575704225352113 0.1426056338028169 
0 0.03147007042253521 0.14113849765258216 0.06029929577464789 0.04988262910798122 
0 0.034991197183098594 0.20598591549295775 0.06470070422535211 0.04929577464788732 
0 0.19476232394366197 0.0625 0.0761443661971831 0.08626760563380281 
0 0.2788292253521127 0.05985915492957746 0.0682218309859155 0.09741784037558686 
0 0.8422095070422535 0.4055164319248826 0.06734154929577464 0.07394366197183098 
0 0.09242957746478873 0.35944835680751175 0.06338028169014084 0.0886150234741784 
0 0.5862676056338029 0.8720657276995305 0.12323943661971831 0.1443661971830986 
0 0.8294454225352113 0.4988262910798122 0.06029929577464789 0.0903755868544601 
0 0.5484154929577465 0.5 0.07306338028169014 0.11502347417840375 
0 0.727112676056338 0.7062793427230047 0.11795774647887323 0.15199530516431925 
0 0.4738116197183099 0.3685446009389671 0.05501760563380282 0.10093896713615023 
0 0.964568661971831 0.4923708920187793 0.06998239436619719 0.11971830985915492 
0 0.2535211267605634 0.7913732394366197 0.17869718309859156 0.05927230046948357 
0 0.11487676056338028 0.2051056338028169 0.08098591549295775 0.056924882629107984 
0 0.6927816901408451 0.37353286384976525 0.06514084507042253 0.1073943661971831 
0 0.36883802816901406 0.18456572769953053 0.06426056338028169 0.11443661971830986 
0 0.7455985915492958 0.1983568075117371 0.07306338028169014 0.10211267605633803 
0 0.5972711267605634 0.1898474178403756 0.06866197183098592 0.11561032863849766 
0 0.8248239436619719 0.20246478873239437 0.06073943661971831 0.10915492957746478 
0 0.4434419014084507 0.19072769953051644 0.06294014084507042 0.12910798122065728 
0 0.28433098591549294 0.1875 0.06690140845070422 0.11091549295774648 
0 0.20224471830985916 0.1795774647887324 0.07790492957746478 0.13028169014084506 
0 0.26452464788732394 0.7056924882629108 0.14524647887323944 0.07570422535211267 
0 0.8983274647887324 0.2142018779342723 0.06866197183098592 0.10093896713615023 
0 0.7616637323943662 0.4920774647887324 0.06382042253521127 0.10504694835680752 
0 0.11201584507042253 0.1449530516431925 0.08054577464788733 0.04812206572769953 
0 0.6170774647887324 0.3738262910798122 0.05457746478873239 0.09389671361502347 
0 0.5213468309859155 0.1942488262910798 0.06910211267605634 0.11971830985915492 
0 0.4335387323943662 0.7230046948356808 0.12235915492957747 0.12793427230046947 
0 0.4705105633802817 0.4953051643192488 0.05369718309859155 0.10446009389671361 
0 0.3912852112676056 0.49178403755868544 0.06073943661971831 0.10093896713615023 
0 0.398987676056338 0.36502347417840375 0.06558098591549295 0.09741784037558686 
0 0.5882482394366197 0.7288732394366197 0.11663732394366197 0.12793427230046947 
0 0.16967429577464788 0.47681924882629106 0.05413732394366197 0.10387323943661972 
0 0.6725352112676056 0.19454225352112675 0.05721830985915493 0.11208920187793427 
0 0.6921214788732394 0.4950117370892019 0.05237676056338028 0.09565727699530517 
0 0.617737676056338 0.49735915492957744 0.06205985915492958 0.10974178403755869 
0 0.7669454225352113 0.38028169014084506 0.061179577464788734 0.10211267605633803 
0 0.08626760563380281 0.47593896713615025 0.061619718309859156 0.09976525821596244 
0 0.8961267605633803 0.4961854460093897 0.05897887323943662 0.10269953051643192 
0 0.8193221830985915 0.07570422535211267 0.053257042253521125 0.1056338028169014 
0 0.894806338028169 0.08538732394366197 0.06778169014084508 0.11208920187793427 
0 0.9436619718309859 0.693368544600939 0.11267605633802817 0.12852112676056338 
0 0.6824383802816901 0.06924882629107981 0.05765845070422535 0.11032863849765258 
0 0.6040933098591549 0.06396713615023474 0.07350352112676056 0.11737089201877934 
0 0.7522007042253521 0.07863849765258216 0.06690140845070422 0.12793427230046947 
0 0.5459947183098591 0.375 0.050616197183098594 0.10093896713615023 
0 0.5233274647887324 0.06514084507042253 0.06602112676056338 0.11150234741784038 
0 0.16637323943661972 0.36032863849765256 0.05457746478873239 0.09272300469483569 
0 0.2577024647887324 0.937793427230047 0.1544894366197183 0.03873239436619718 
0 0.44696302816901406 0.056924882629107984 0.06294014084507042 0.11267605633802817 
0 0.4319982394366197 0.8726525821596244 0.12808098591549297 0.15492957746478872 
0 0.366637323943662 0.07247652582159625 0.07306338028169014 0.08509389671361503 
0 0.25616197183098594 0.8389084507042254 0.18045774647887325 0.04870892018779343 
0 0.26452464788732394 0.8876173708920188 0.15669014084507044 0.041666666666666664 
0 0.7227112676056338 0.8720657276995305 0.12147887323943662 0.12793427230046947 
0 0.08274647887323944 0.7690727699530516 0.12411971830985916 0.11913145539906103 
0 0.08890845070422536 0.9002347417840375 0.11707746478873239 0.10915492957746478 
0 0.9408010563380281 0.8494718309859155 0.11575704225352113 0.1426056338028169 
0 0.03147007042253521 0.14113849765258216 0.06029929577464789 0.04988262910798122 
0 0.034991197183098594 0.20598591549295775 0.06470070422535211 0.04929577464788732 
0 0.19476232394366197 0.0625 0.0761443661971831 0.08626760563380281 
0 0.2788292253521127 0.05985915492957746 0.0682218309859155 0.09741784037558686 
0 0.8422095070422535 0.4055164319248826 0.06734154929577464 0.07394366197183098 
0 0.09242957746478873 0.35944835680751175 0.06338028169014084 0.0886150234741784 
0 0.5862676056338029 0.8720657276995305 0.12323943661971831 0.1443661971830986 
0 0.8294454225352113 0.4988262910798122 0.06029929577464789 0.0903755868544601 
0 0.5484154929577465 0.5 0.07306338028169014 0.11502347417840375 
0 0.727112676056338 0.7062793427230047 0.11795774647887323 0.15199530516431925 
0 0.4738116197183099 0.3685446009389671 0.05501760563380282 0.10093896713615023 
0 0.964568661971831 0.4923708920187793 0.06998239436619719 0.11971830985915492 
0 0.2535211267605634 0.7913732394366197 0.17869718309859156 0.05927230046948357 
0 0.11487676056338028 0.2051056338028169 0.08098591549295775 0.056924882629107984 
0 0.6927816901408451 0.37353286384976525 0.06514084507042253 0.1073943661971831 
0 0.36883802816901406 0.18456572769953053 0.06426056338028169 0.11443661971830986 
0 0.7455985915492958 0.1983568075117371 0.07306338028169014 0.10211267605633803 
0 0.5972711267605634 0.1898474178403756 0.06866197183098592 0.11561032863849766 
0 0.8248239436619719 0.20246478873239437 0.06073943661971831 0.10915492957746478 
0 0.4434419014084507 0.19072769953051644 0.06294014084507042 0.12910798122065728 
0 0.28433098591549294 0.1875 0.06690140845070422 0.11091549295774648 
0 0.20224471830985916 0.1795774647887324 0.07790492957746478 0.13028169014084506 
0 0.26452464788732394 0.7056924882629108 0.14524647887323944 0.07570422535211267 
0 0.8983274647887324 0.2142018779342723 0.06866197183098592 0.10093896713615023 
0 0.7616637323943662 0.4920774647887324 0.06382042253521127 0.10504694835680752 
0 0.11201584507042253 0.1449530516431925 0.08054577464788733 0.04812206572769953 
0 0.6170774647887324 0.3738262910798122 0.05457746478873239 0.09389671361502347 
0 0.5213468309859155 0.1942488262910798 0.06910211267605634 0.11971830985915492 
0 0.4335387323943662 0.7230046948356808 0.12235915492957747 0.12793427230046947 
0 0.4705105633802817 0.4953051643192488 0.05369718309859155 0.10446009389671361 
0 0.3912852112676056 0.49178403755868544 0.06073943661971831 0.10093896713615023 
0 0.398987676056338 0.36502347417840375 0.06558098591549295 0.09741784037558686 
0 0.5882482394366197 0.7288732394366197 0.11663732394366197 0.12793427230046947 
0 0.16967429577464788 0.47681924882629106 0.05413732394366197 0.10387323943661972 
0 0.6725352112676056 0.19454225352112675 0.05721830985915493 0.11208920187793427 
0 0.6921214788732394 0.4950117370892019 0.05237676056338028 0.09565727699530517 
0 0.617737676056338 0.49735915492957744 0.06205985915492958 0.10974178403755869 
0 0.7669454225352113 0.38028169014084506 0.061179577464788734 0.10211267605633803 
0 0.08626760563380281 0.47593896713615025 0.061619718309859156 0.09976525821596244 
