0 0.918794014084507 0.5704225352112676 0.11575704225352113 0.0528169014084507 
0 0.7684859154929577 0.06279342723004695 0.06426056338028169 0.04225352112676056 
0 0.5261883802816901 0.17458920187793428 0.13424295774647887 0.06631455399061033 
0 0.8061179577464789 0.2690727699530516 0.1368838028169014 0.05575117370892019 
0 0.2966549295774648 0.7758215962441315 0.051056338028169015 0.12089201877934272 
0 0.6883802816901409 0.05252347417840376 0.05721830985915493 0.04870892018779343 
0 0.5211267605633803 0.24266431924882628 0.13028169014084506 0.056924882629107984 
0 0.8516725352112676 0.0801056338028169 0.0528169014084507 0.04401408450704225 
0 0.6161971830985915 0.05046948356807512 0.056338028169014086 0.03873239436619718 
0 0.9722711267605634 0.34242957746478875 0.0448943661971831 0.05575117370892019 
0 0.3954665492957746 0.02464788732394366 0.06470070422535211 0.04107981220657277 
0 0.22161091549295775 0.772887323943662 0.055897887323943664 0.11384976525821597 
0 0.7953345070422535 0.2039319248826291 0.11971830985915492 0.056924882629107984 
0 0.5972711267605634 0.8887910798122066 0.07746478873239436 0.0710093896713615 
0 0.35651408450704225 0.8882042253521126 0.05457746478873239 0.09096244131455399 
0 0.21566901408450703 0.8826291079812206 0.04929577464788732 0.09859154929577464 
0 0.28829225352112675 0.8814553990610329 0.058098591549295774 0.0903755868544601 
0 0.1483274647887324 0.8741197183098591 0.05721830985915493 0.09683098591549295 
0 0.9487235915492958 0.8318661971830986 0.08318661971830986 0.1602112676056338 
0 0.7566021126760564 0.8371478873239436 0.07394366197183098 0.16725352112676056 
0 0.43067781690140844 0.8911384976525821 0.07526408450704225 0.06631455399061033 
0 0.5178257042253521 0.8940727699530516 0.07878521126760564 0.07570422535211267 
0 0.6771566901408451 0.8855633802816901 0.0682218309859155 0.07394366197183098 
0 0.07746478873239436 0.7411971830985915 0.07042253521126761 0.09741784037558686 
0 0.06338028169014084 0.863849765258216 0.07746478873239436 0.11384976525821597 
0 0.3100792253521127 0.02523474178403756 0.07262323943661972 0.04342723004694836 
0 0.36377640845070425 0.7831572769953051 0.05149647887323944 0.0897887323943662 
0 0.8499119718309859 0.8441901408450704 0.08714788732394366 0.17781690140845072 
0 0.4746919014084507 0.027288732394366196 0.07262323943661972 0.04636150234741784 
0 0.9350792253521126 0.27582159624413144 0.06029929577464789 0.0528169014084507 
0 0.028169014084507043 0.49002347417840375 0.0528169014084507 0.14553990610328638 
0 0.9278169014084507 0.5 0.11619718309859155 0.07042253521126761 
0 0.6795774647887324 0.8028169014084507 0.07746478873239436 0.08215962441314555 
0 0.6025528169014085 0.7966549295774648 0.0801056338028169 0.0886150234741784 
0 0.5178257042253521 0.7987089201877934 0.07878521126760564 0.0903755868544601 
0 0.14920774647887325 0.7590962441314554 0.061619718309859156 0.09213615023474178 
0 0.4297975352112676 0.8007629107981221 0.058538732394366196 0.0897887323943662 
0 0.5316901408450704 0.5478286384976526 0.11883802816901408 0.0698356807511737 
0 0.2671654929577465 0.5308098591549296 0.12147887323943662 0.06044600938967136 
0 0.6701144366197183 0.4847417840375587 0.11575704225352113 0.05985915492957746 
0 0.12852112676056338 0.5390258215962441 0.1329225352112676 0.06631455399061033 
0 0.24339788732394366 0.19747652582159625 0.13204225352112675 0.07570422535211267 
0 0.7909330985915493 0.5595657276995305 0.11179577464788733 0.06514084507042253 
0 0.26650528169014087 0.45686619718309857 0.12544014084507044 0.07570422535211267 
0 0.5363116197183099 0.4744718309859155 0.12808098591549297 0.06279342723004695 
0 0.0957306338028169 0.1056338028169014 0.12632042253521128 0.062206572769953054 
0 0.664612676056338 0.5578051643192489 0.1153169014084507 0.061619718309859156 
0 0.13182218309859156 0.45598591549295775 0.1210387323943662 0.0715962441314554 
0 0.40184859154929575 0.4665492957746479 0.12323943661971831 0.06572769953051644 
0 0.5431338028169014 0.03198356807511737 0.06338028169014084 0.05457746478873239 
0 0.08120598591549295 0.2620305164319249 0.13424295774647887 0.0698356807511737 
0 0.9161531690140845 0.08303990610328639 0.055897887323943664 0.04870892018779343 
0 0.7981954225352113 0.3342136150234742 0.13952464788732394 0.05575117370892019 
0 0.23349471830985916 0.27992957746478875 0.1307218309859155 0.06807511737089202 
0 0.5255281690140845 0.30428403755868544 0.14084507042253522 0.04518779342723005 
0 0.3807218309859155 0.28169014084507044 0.12852112676056338 0.0715962441314554 
0 0.24339788732394366 0.11384976525821597 0.12323943661971831 0.057511737089201875 
0 0.797975352112676 0.4914906103286385 0.11619718309859155 0.06514084507042253 
0 0.4005281690140845 0.545774647887324 0.12323943661971831 0.062206572769953054 
0 0.09683098591549295 0.18603286384976525 0.12852112676056338 0.06924882629107981 
0 0.3813820422535211 0.19336854460093897 0.12279929577464789 0.07805164319248827 
0 0.9102112676056338 0.34419014084507044 0.05193661971830986 0.04988262910798122 
0 0.918794014084507 0.5704225352112676 0.11575704225352113 0.0528169014084507 
0 0.7684859154929577 0.06279342723004695 0.06426056338028169 0.04225352112676056 
0 0.5261883802816901 0.17458920187793428 0.13424295774647887 0.06631455399061033 
0 0.8061179577464789 0.2690727699530516 0.1368838028169014 0.05575117370892019 
0 0.2966549295774648 0.7758215962441315 0.051056338028169015 0.12089201877934272 
0 0.6883802816901409 0.05252347417840376 0.05721830985915493 0.04870892018779343 
0 0.5211267605633803 0.24266431924882628 0.13028169014084506 0.056924882629107984 
0 0.8516725352112676 0.0801056338028169 0.0528169014084507 0.04401408450704225 
0 0.6161971830985915 0.05046948356807512 0.056338028169014086 0.03873239436619718 
0 0.9722711267605634 0.34242957746478875 0.0448943661971831 0.05575117370892019 
0 0.3954665492957746 0.02464788732394366 0.06470070422535211 0.04107981220657277 
0 0.22161091549295775 0.772887323943662 0.055897887323943664 0.11384976525821597 
0 0.7953345070422535 0.2039319248826291 0.11971830985915492 0.056924882629107984 
0 0.5972711267605634 0.8887910798122066 0.07746478873239436 0.0710093896713615 
0 0.35651408450704225 0.8882042253521126 0.05457746478873239 0.09096244131455399 
0 0.21566901408450703 0.8826291079812206 0.04929577464788732 0.09859154929577464 
0 0.28829225352112675 0.8814553990610329 0.058098591549295774 0.0903755868544601 
0 0.1483274647887324 0.8741197183098591 0.05721830985915493 0.09683098591549295 
0 0.9487235915492958 0.8318661971830986 0.08318661971830986 0.1602112676056338 
0 0.7566021126760564 0.8371478873239436 0.07394366197183098 0.16725352112676056 
0 0.43067781690140844 0.8911384976525821 0.07526408450704225 0.06631455399061033 
0 0.5178257042253521 0.8940727699530516 0.07878521126760564 0.07570422535211267 
0 0.6771566901408451 0.8855633802816901 0.0682218309859155 0.07394366197183098 
0 0.07746478873239436 0.7411971830985915 0.07042253521126761 0.09741784037558686 
0 0.06338028169014084 0.863849765258216 0.07746478873239436 0.11384976525821597 
0 0.3100792253521127 0.02523474178403756 0.07262323943661972 0.04342723004694836 
0 0.36377640845070425 0.7831572769953051 0.05149647887323944 0.0897887323943662 
0 0.8499119718309859 0.8441901408450704 0.08714788732394366 0.17781690140845072 
0 0.4746919014084507 0.027288732394366196 0.07262323943661972 0.04636150234741784 
0 0.9350792253521126 0.27582159624413144 0.06029929577464789 0.0528169014084507 
0 0.028169014084507043 0.49002347417840375 0.0528169014084507 0.14553990610328638 
0 0.9278169014084507 0.5 0.11619718309859155 0.07042253521126761 
0 0.6795774647887324 0.8028169014084507 0.07746478873239436 0.08215962441314555 
0 0.6025528169014085 0.7966549295774648 0.0801056338028169 0.0886150234741784 
0 0.5178257042253521 0.7987089201877934 0.07878521126760564 0.0903755868544601 
0 0.14920774647887325 0.7590962441314554 0.061619718309859156 0.09213615023474178 
0 0.4297975352112676 0.8007629107981221 0.058538732394366196 0.0897887323943662 
0 0.5316901408450704 0.5478286384976526 0.11883802816901408 0.0698356807511737 
0 0.2671654929577465 0.5308098591549296 0.12147887323943662 0.06044600938967136 
0 0.6701144366197183 0.4847417840375587 0.11575704225352113 0.05985915492957746 
0 0.12852112676056338 0.5390258215962441 0.1329225352112676 0.06631455399061033 
0 0.24339788732394366 0.19747652582159625 0.13204225352112675 0.07570422535211267 
0 0.7909330985915493 0.5595657276995305 0.11179577464788733 0.06514084507042253 
0 0.26650528169014087 0.45686619718309857 0.12544014084507044 0.07570422535211267 
0 0.5363116197183099 0.4744718309859155 0.12808098591549297 0.06279342723004695 
0 0.0957306338028169 0.1056338028169014 0.12632042253521128 0.062206572769953054 
0 0.664612676056338 0.5578051643192489 0.1153169014084507 0.061619718309859156 
0 0.13182218309859156 0.45598591549295775 0.1210387323943662 0.0715962441314554 
0 0.40184859154929575 0.4665492957746479 0.12323943661971831 0.06572769953051644 
0 0.5431338028169014 0.03198356807511737 0.06338028169014084 0.05457746478873239 
0 0.08120598591549295 0.2620305164319249 0.13424295774647887 0.0698356807511737 
0 0.9161531690140845 0.08303990610328639 0.055897887323943664 0.04870892018779343 
0 0.7981954225352113 0.3342136150234742 0.13952464788732394 0.05575117370892019 
0 0.23349471830985916 0.27992957746478875 0.1307218309859155 0.06807511737089202 
0 0.5255281690140845 0.30428403755868544 0.14084507042253522 0.04518779342723005 
0 0.3807218309859155 0.28169014084507044 0.12852112676056338 0.0715962441314554 
0 0.24339788732394366 0.11384976525821597 0.12323943661971831 0.057511737089201875 
0 0.797975352112676 0.4914906103286385 0.11619718309859155 0.06514084507042253 
0 0.4005281690140845 0.545774647887324 0.12323943661971831 0.062206572769953054 
0 0.09683098591549295 0.18603286384976525 0.12852112676056338 0.06924882629107981 
0 0.3813820422535211 0.19336854460093897 0.12279929577464789 0.07805164319248827 
0 0.9102112676056338 0.34419014084507044 0.05193661971830986 0.04988262910798122 
0 0.918794014084507 0.5704225352112676 0.11575704225352113 0.0528169014084507 
0 0.7684859154929577 0.06279342723004695 0.06426056338028169 0.04225352112676056 
0 0.5261883802816901 0.17458920187793428 0.13424295774647887 0.06631455399061033 
0 0.8061179577464789 0.2690727699530516 0.1368838028169014 0.05575117370892019 
0 0.2966549295774648 0.7758215962441315 0.051056338028169015 0.12089201877934272 
0 0.6883802816901409 0.05252347417840376 0.05721830985915493 0.04870892018779343 
0 0.5211267605633803 0.24266431924882628 0.13028169014084506 0.056924882629107984 
0 0.8516725352112676 0.0801056338028169 0.0528169014084507 0.04401408450704225 
0 0.6161971830985915 0.05046948356807512 0.056338028169014086 0.03873239436619718 
0 0.9722711267605634 0.34242957746478875 0.0448943661971831 0.05575117370892019 
0 0.3954665492957746 0.02464788732394366 0.06470070422535211 0.04107981220657277 
0 0.22161091549295775 0.772887323943662 0.055897887323943664 0.11384976525821597 
0 0.7953345070422535 0.2039319248826291 0.11971830985915492 0.056924882629107984 
0 0.5972711267605634 0.8887910798122066 0.07746478873239436 0.0710093896713615 
0 0.35651408450704225 0.8882042253521126 0.05457746478873239 0.09096244131455399 
0 0.21566901408450703 0.8826291079812206 0.04929577464788732 0.09859154929577464 
0 0.28829225352112675 0.8814553990610329 0.058098591549295774 0.0903755868544601 
0 0.1483274647887324 0.8741197183098591 0.05721830985915493 0.09683098591549295 
0 0.9487235915492958 0.8318661971830986 0.08318661971830986 0.1602112676056338 
0 0.7566021126760564 0.8371478873239436 0.07394366197183098 0.16725352112676056 
0 0.43067781690140844 0.8911384976525821 0.07526408450704225 0.06631455399061033 
0 0.5178257042253521 0.8940727699530516 0.07878521126760564 0.07570422535211267 
0 0.6771566901408451 0.8855633802816901 0.0682218309859155 0.07394366197183098 
0 0.07746478873239436 0.7411971830985915 0.07042253521126761 0.09741784037558686 
0 0.06338028169014084 0.863849765258216 0.07746478873239436 0.11384976525821597 
0 0.3100792253521127 0.02523474178403756 0.07262323943661972 0.04342723004694836 
0 0.36377640845070425 0.7831572769953051 0.05149647887323944 0.0897887323943662 
0 0.8499119718309859 0.8441901408450704 0.08714788732394366 0.17781690140845072 
0 0.4746919014084507 0.027288732394366196 0.07262323943661972 0.04636150234741784 
0 0.9350792253521126 0.27582159624413144 0.06029929577464789 0.0528169014084507 
0 0.028169014084507043 0.49002347417840375 0.0528169014084507 0.14553990610328638 
0 0.9278169014084507 0.5 0.11619718309859155 0.07042253521126761 
0 0.6795774647887324 0.8028169014084507 0.07746478873239436 0.08215962441314555 
0 0.6025528169014085 0.7966549295774648 0.0801056338028169 0.0886150234741784 
0 0.5178257042253521 0.7987089201877934 0.07878521126760564 0.0903755868544601 
0 0.14920774647887325 0.7590962441314554 0.061619718309859156 0.09213615023474178 
0 0.4297975352112676 0.8007629107981221 0.058538732394366196 0.0897887323943662 
0 0.5316901408450704 0.5478286384976526 0.11883802816901408 0.0698356807511737 
0 0.2671654929577465 0.5308098591549296 0.12147887323943662 0.06044600938967136 
0 0.6701144366197183 0.4847417840375587 0.11575704225352113 0.05985915492957746 
0 0.12852112676056338 0.5390258215962441 0.1329225352112676 0.06631455399061033 
0 0.24339788732394366 0.19747652582159625 0.13204225352112675 0.07570422535211267 
0 0.7909330985915493 0.5595657276995305 0.11179577464788733 0.06514084507042253 
0 0.26650528169014087 0.45686619718309857 0.12544014084507044 0.07570422535211267 
0 0.5363116197183099 0.4744718309859155 0.12808098591549297 0.06279342723004695 
0 0.0957306338028169 0.1056338028169014 0.12632042253521128 0.062206572769953054 
0 0.664612676056338 0.5578051643192489 0.1153169014084507 0.061619718309859156 
0 0.13182218309859156 0.45598591549295775 0.1210387323943662 0.0715962441314554 
0 0.40184859154929575 0.4665492957746479 0.12323943661971831 0.06572769953051644 
0 0.5431338028169014 0.03198356807511737 0.06338028169014084 0.05457746478873239 
0 0.08120598591549295 0.2620305164319249 0.13424295774647887 0.0698356807511737 
0 0.9161531690140845 0.08303990610328639 0.055897887323943664 0.04870892018779343 
0 0.7981954225352113 0.3342136150234742 0.13952464788732394 0.05575117370892019 
0 0.23349471830985916 0.27992957746478875 0.1307218309859155 0.06807511737089202 
0 0.5255281690140845 0.30428403755868544 0.14084507042253522 0.04518779342723005 
0 0.3807218309859155 0.28169014084507044 0.12852112676056338 0.0715962441314554 
0 0.24339788732394366 0.11384976525821597 0.12323943661971831 0.057511737089201875 
0 0.797975352112676 0.4914906103286385 0.11619718309859155 0.06514084507042253 
0 0.4005281690140845 0.545774647887324 0.12323943661971831 0.062206572769953054 
0 0.09683098591549295 0.18603286384976525 0.12852112676056338 0.06924882629107981 
0 0.3813820422535211 0.19336854460093897 0.12279929577464789 0.07805164319248827 
0 0.9102112676056338 0.34419014084507044 0.05193661971830986 0.04988262910798122 
