0 0.8549735915492958 0.6217723004694836 0.08318661971830986 0.15082159624413147 
0 0.7691461267605634 0.6258802816901409 0.08318661971830986 0.15082159624413147 
0 0.680237676056338 0.6173708920187794 0.09727112676056338 0.1467136150234742 
0 0.5695422535211268 0.6235328638497653 0.07042253521126761 0.15082159624413147 
0 0.530149647887324 0.789906103286385 0.055897887323943664 0.08333333333333333 
0 0.426056338028169 0.6349765258215962 0.0 0.0 
0 0.43045774647887325 0.6170774647887324 0.07042253521126761 0.15082159624413147 
0 0.30061619718309857 0.6173708920187794 0.05897887323943662 0.14906103286384975 
0 0.938600352112676 0.6176643192488263 0.08318661971830986 0.15082159624413147 
0 0.2306338028169014 0.6173708920187794 0.06690140845070422 0.15492957746478872 
0 0.4977992957746479 0.6200117370892019 0.07042253521126761 0.15082159624413147 
0 0.07944542253521127 0.8257042253521126 0.07262323943661972 0.14084507042253522 
0 0.5981514084507042 0.8438967136150235 0.07834507042253522 0.15492957746478872 
0 0.277068661971831 0.8289319248826291 0.061179577464788734 0.1449530516431925 
0 0.3444102112676056 0.8336267605633803 0.061179577464788734 0.1449530516431925 
0 0.4060299295774648 0.8324530516431925 0.061179577464788734 0.1449530516431925 
0 0.47249119718309857 0.841255868544601 0.061179577464788734 0.1449530516431925 
0 0.6808978873239436 0.8397887323943662 0.07834507042253522 0.15492957746478872 
0 0.764524647887324 0.8374413145539906 0.07834507042253522 0.15492957746478872 
0 0.8419894366197183 0.8380281690140845 0.07834507042253522 0.15492957746478872 
0 0.9300176056338029 0.8339201877934272 0.07834507042253522 0.15492957746478872 
0 0.929137323943662 0.8327464788732394 0.07834507042253522 0.15492957746478872 
0 0.16285211267605634 0.6170774647887324 0.05897887323943662 0.15199530516431925 
0 0.2088468309859155 0.8359741784037559 0.061179577464788734 0.1449530516431925 
0 0.09330985915492958 0.625 0.06514084507042253 0.15258215962441316 
0 0.1423855633802817 0.8312793427230047 0.061179577464788734 0.1449530516431925 
0 0.844850352112676 0.41784037558685444 0.10079225352112677 0.17136150234741784 
0 0.9496038732394366 0.41960093896713613 0.10079225352112677 0.17136150234741784 
0 0.058098591549295774 0.23034037558685447 0.07834507042253522 0.12030516431924883 
0 0.13358274647887325 0.2221244131455399 0.07262323943661972 0.13673708920187794 
0 0.2011443661971831 0.20980046948356806 0.07130281690140845 0.12030516431924883 
0 0.258362676056338 0.21625586854460094 0.06073943661971831 0.13321596244131456 
0 0.3188820422535211 0.20892018779342722 0.08054577464788733 0.14553990610328638 
0 0.38446302816901406 0.20158450704225353 0.07262323943661972 0.13086854460093897 
0 0.532350352112676 0.20803990610328638 0.08934859154929578 0.1437793427230047 
0 0.6665933098591549 0.20598591549295775 0.11751760563380281 0.16314553990610328 
0 0.7561619718309859 0.20305164319248825 0.1056338028169014 0.17488262910798122 
0 0.8342869718309859 0.19923708920187794 0.11663732394366197 0.1965962441314554 
0 0.45422535211267606 0.2112676056338028 0.07130281690140845 0.1467136150234742 
0 0.4639084507042254 0.4119718309859155 0.05369718309859155 0.176056338028169 
0 0.0625 0.4216549295774648 0.08890845070422536 0.13086854460093897 
0 0.14172535211267606 0.41725352112676056 0.056338028169014086 0.142018779342723 
0 0.2711267605633803 0.4187206572769953 0.07482394366197183 0.16607981220657278 
0 0.2011443661971831 0.414906103286385 0.056338028169014086 0.142018779342723 
0 0.3404489436619718 0.41607981220657275 0.0664612676056338 0.16666666666666666 
0 0.40492957746478875 0.4140258215962441 0.05897887323943662 0.16842723004694835 
0 0.5272887323943662 0.4169600938967136 0.07482394366197183 0.16607981220657278 
0 0.5994718309859155 0.4014084507042254 0.06514084507042253 0.16901408450704225 
0 0.674955985915493 0.4119718309859155 0.07702464788732394 0.176056338028169 
0 0.9240757042253521 0.1766431924882629 0.14216549295774647 0.20422535211267606 
0 0.7544014084507042 0.41725352112676056 0.07394366197183098 0.16901408450704225 
0 0.8549735915492958 0.6217723004694836 0.08318661971830986 0.15082159624413147 
0 0.7691461267605634 0.6258802816901409 0.08318661971830986 0.15082159624413147 
0 0.680237676056338 0.6173708920187794 0.09727112676056338 0.1467136150234742 
0 0.5695422535211268 0.6235328638497653 0.07042253521126761 0.15082159624413147 
0 0.530149647887324 0.789906103286385 0.055897887323943664 0.08333333333333333 
0 0.426056338028169 0.6349765258215962 0.0 0.0 
0 0.43045774647887325 0.6170774647887324 0.07042253521126761 0.15082159624413147 
0 0.30061619718309857 0.6173708920187794 0.05897887323943662 0.14906103286384975 
0 0.938600352112676 0.6176643192488263 0.08318661971830986 0.15082159624413147 
0 0.2306338028169014 0.6173708920187794 0.06690140845070422 0.15492957746478872 
0 0.4977992957746479 0.6200117370892019 0.07042253521126761 0.15082159624413147 
0 0.07944542253521127 0.8257042253521126 0.07262323943661972 0.14084507042253522 
0 0.5981514084507042 0.8438967136150235 0.07834507042253522 0.15492957746478872 
0 0.277068661971831 0.8289319248826291 0.061179577464788734 0.1449530516431925 
0 0.3444102112676056 0.8336267605633803 0.061179577464788734 0.1449530516431925 
0 0.4060299295774648 0.8324530516431925 0.061179577464788734 0.1449530516431925 
0 0.47249119718309857 0.841255868544601 0.061179577464788734 0.1449530516431925 
0 0.6808978873239436 0.8397887323943662 0.07834507042253522 0.15492957746478872 
0 0.764524647887324 0.8374413145539906 0.07834507042253522 0.15492957746478872 
0 0.8419894366197183 0.8380281690140845 0.07834507042253522 0.15492957746478872 
0 0.9300176056338029 0.8339201877934272 0.07834507042253522 0.15492957746478872 
0 0.929137323943662 0.8327464788732394 0.07834507042253522 0.15492957746478872 
0 0.16285211267605634 0.6170774647887324 0.05897887323943662 0.15199530516431925 
0 0.2088468309859155 0.8359741784037559 0.061179577464788734 0.1449530516431925 
0 0.09330985915492958 0.625 0.06514084507042253 0.15258215962441316 
0 0.1423855633802817 0.8312793427230047 0.061179577464788734 0.1449530516431925 
0 0.844850352112676 0.41784037558685444 0.10079225352112677 0.17136150234741784 
0 0.9496038732394366 0.41960093896713613 0.10079225352112677 0.17136150234741784 
0 0.058098591549295774 0.23034037558685447 0.07834507042253522 0.12030516431924883 
0 0.13358274647887325 0.2221244131455399 0.07262323943661972 0.13673708920187794 
0 0.2011443661971831 0.20980046948356806 0.07130281690140845 0.12030516431924883 
0 0.258362676056338 0.21625586854460094 0.06073943661971831 0.13321596244131456 
0 0.3188820422535211 0.20892018779342722 0.08054577464788733 0.14553990610328638 
0 0.38446302816901406 0.20158450704225353 0.07262323943661972 0.13086854460093897 
0 0.532350352112676 0.20803990610328638 0.08934859154929578 0.1437793427230047 
0 0.6665933098591549 0.20598591549295775 0.11751760563380281 0.16314553990610328 
0 0.7561619718309859 0.20305164319248825 0.1056338028169014 0.17488262910798122 
0 0.8342869718309859 0.19923708920187794 0.11663732394366197 0.1965962441314554 
0 0.45422535211267606 0.2112676056338028 0.07130281690140845 0.1467136150234742 
0 0.4639084507042254 0.4119718309859155 0.05369718309859155 0.176056338028169 
0 0.0625 0.4216549295774648 0.08890845070422536 0.13086854460093897 
0 0.14172535211267606 0.41725352112676056 0.056338028169014086 0.142018779342723 
0 0.2711267605633803 0.4187206572769953 0.07482394366197183 0.16607981220657278 
0 0.2011443661971831 0.414906103286385 0.056338028169014086 0.142018779342723 
0 0.3404489436619718 0.41607981220657275 0.0664612676056338 0.16666666666666666 
0 0.40492957746478875 0.4140258215962441 0.05897887323943662 0.16842723004694835 
0 0.5272887323943662 0.4169600938967136 0.07482394366197183 0.16607981220657278 
0 0.5994718309859155 0.4014084507042254 0.06514084507042253 0.16901408450704225 
0 0.674955985915493 0.4119718309859155 0.07702464788732394 0.176056338028169 
0 0.9240757042253521 0.1766431924882629 0.14216549295774647 0.20422535211267606 
0 0.7544014084507042 0.41725352112676056 0.07394366197183098 0.16901408450704225 
0 0.8549735915492958 0.6217723004694836 0.08318661971830986 0.15082159624413147 
0 0.7691461267605634 0.6258802816901409 0.08318661971830986 0.15082159624413147 
0 0.680237676056338 0.6173708920187794 0.09727112676056338 0.1467136150234742 
0 0.5695422535211268 0.6235328638497653 0.07042253521126761 0.15082159624413147 
0 0.530149647887324 0.789906103286385 0.055897887323943664 0.08333333333333333 
0 0.426056338028169 0.6349765258215962 0.0 0.0 
0 0.43045774647887325 0.6170774647887324 0.07042253521126761 0.15082159624413147 
0 0.30061619718309857 0.6173708920187794 0.05897887323943662 0.14906103286384975 
0 0.938600352112676 0.6176643192488263 0.08318661971830986 0.15082159624413147 
0 0.2306338028169014 0.6173708920187794 0.06690140845070422 0.15492957746478872 
0 0.4977992957746479 0.6200117370892019 0.07042253521126761 0.15082159624413147 
0 0.07944542253521127 0.8257042253521126 0.07262323943661972 0.14084507042253522 
0 0.5981514084507042 0.8438967136150235 0.07834507042253522 0.15492957746478872 
0 0.277068661971831 0.8289319248826291 0.061179577464788734 0.1449530516431925 
0 0.3444102112676056 0.8336267605633803 0.061179577464788734 0.1449530516431925 
0 0.4060299295774648 0.8324530516431925 0.061179577464788734 0.1449530516431925 
0 0.47249119718309857 0.841255868544601 0.061179577464788734 0.1449530516431925 
0 0.6808978873239436 0.8397887323943662 0.07834507042253522 0.15492957746478872 
0 0.764524647887324 0.8374413145539906 0.07834507042253522 0.15492957746478872 
0 0.8419894366197183 0.8380281690140845 0.07834507042253522 0.15492957746478872 
0 0.9300176056338029 0.8339201877934272 0.07834507042253522 0.15492957746478872 
0 0.929137323943662 0.8327464788732394 0.07834507042253522 0.15492957746478872 
0 0.16285211267605634 0.6170774647887324 0.05897887323943662 0.15199530516431925 
0 0.2088468309859155 0.8359741784037559 0.061179577464788734 0.1449530516431925 
0 0.09330985915492958 0.625 0.06514084507042253 0.15258215962441316 
0 0.1423855633802817 0.8312793427230047 0.061179577464788734 0.1449530516431925 
0 0.844850352112676 0.41784037558685444 0.10079225352112677 0.17136150234741784 
0 0.9496038732394366 0.41960093896713613 0.10079225352112677 0.17136150234741784 
0 0.058098591549295774 0.23034037558685447 0.07834507042253522 0.12030516431924883 
0 0.13358274647887325 0.2221244131455399 0.07262323943661972 0.13673708920187794 
0 0.2011443661971831 0.20980046948356806 0.07130281690140845 0.12030516431924883 
0 0.258362676056338 0.21625586854460094 0.06073943661971831 0.13321596244131456 
0 0.3188820422535211 0.20892018779342722 0.08054577464788733 0.14553990610328638 
0 0.38446302816901406 0.20158450704225353 0.07262323943661972 0.13086854460093897 
0 0.532350352112676 0.20803990610328638 0.08934859154929578 0.1437793427230047 
0 0.6665933098591549 0.20598591549295775 0.11751760563380281 0.16314553990610328 
0 0.7561619718309859 0.20305164319248825 0.1056338028169014 0.17488262910798122 
0 0.8342869718309859 0.19923708920187794 0.11663732394366197 0.1965962441314554 
0 0.45422535211267606 0.2112676056338028 0.07130281690140845 0.1467136150234742 
0 0.4639084507042254 0.4119718309859155 0.05369718309859155 0.176056338028169 
0 0.0625 0.4216549295774648 0.08890845070422536 0.13086854460093897 
0 0.14172535211267606 0.41725352112676056 0.056338028169014086 0.142018779342723 
0 0.2711267605633803 0.4187206572769953 0.07482394366197183 0.16607981220657278 
0 0.2011443661971831 0.414906103286385 0.056338028169014086 0.142018779342723 
0 0.3404489436619718 0.41607981220657275 0.0664612676056338 0.16666666666666666 
0 0.40492957746478875 0.4140258215962441 0.05897887323943662 0.16842723004694835 
0 0.5272887323943662 0.4169600938967136 0.07482394366197183 0.16607981220657278 
0 0.5994718309859155 0.4014084507042254 0.06514084507042253 0.16901408450704225 
0 0.674955985915493 0.4119718309859155 0.07702464788732394 0.176056338028169 
0 0.9240757042253521 0.1766431924882629 0.14216549295774647 0.20422535211267606 
0 0.7544014084507042 0.41725352112676056 0.07394366197183098 0.16901408450704225 
