0 0.31294014084507044 0.9113849765258216 0.12764084507042253 0.0715962441314554 
0 0.45620598591549294 0.8386150234741784 0.13512323943661972 0.07863849765258216 
0 0.5950704225352113 0.8427230046948356 0.13556338028169015 0.07629107981220658 
0 0.5959507042253521 0.9275234741784038 0.12852112676056338 0.07687793427230047 
0 0.8796214788732394 0.9225352112676056 0.12720070422535212 0.06455399061032864 
0 0.7394366197183099 0.9213615023474179 0.136443661971831 0.08333333333333333 
0 0.9117517605633803 0.2734741784037559 0.06470070422535211 0.056338028169014086 
0 0.8362676056338029 0.608274647887324 0.09066901408450705 0.056924882629107984 
0 0.9256161971830986 0.6085680751173709 0.0625 0.05046948356807512 
0 0.8268045774647887 0.5407863849765259 0.04973591549295775 0.04284037558685446 
0 0.35409330985915494 0.31396713615023475 0.06910211267605634 0.05985915492957746 
0 0.3529929577464789 0.2511737089201878 0.06514084507042253 0.062206572769953054 
0 0.4372799295774648 0.24853286384976525 0.0664612676056338 0.06748826291079812 
0 0.16461267605633803 0.8336267605633803 0.13204225352112675 0.07570422535211267 
0 0.4529049295774648 0.9222417840375586 0.13468309859154928 0.0721830985915493 
0 0.31294014084507044 0.8359741784037559 0.13468309859154928 0.0710093896713615 
0 0.030369718309859156 0.5516431924882629 0.05545774647887324 0.07394366197183098 
0 0.741637323943662 0.8374413145539906 0.125 0.07511737089201878 
0 0.9764524647887324 0.8911384976525821 0.03477112676056338 0.14964788732394366 
0 0.028169014084507043 0.6376173708920188 0.051056338028169015 0.0698356807511737 
0 0.9126320422535211 0.33832159624413144 0.06558098591549295 0.04988262910798122 
0 0.04709507042253521 0.9140258215962441 0.08714788732394366 0.08509389671361503 
0 0.9817341549295775 0.6461267605633803 0.03125 0.12089201877934272 
0 0.924955985915493 0.6769366197183099 0.0682218309859155 0.05575117370892019 
0 0.9755721830985915 0.40669014084507044 0.04621478873239437 0.05868544600938967 
0 0.8871038732394366 0.8427230046948356 0.13512323943661972 0.06690140845070422 
0 0.9749119718309859 0.3397887323943662 0.04753521126760563 0.06338028169014084 
0 0.029049295774647887 0.3720657276995305 0.051056338028169015 0.04460093896713615 
0 0.0332306338028169 0.30809859154929575 0.05941901408450704 0.04929577464788732 
0 0.028609154929577465 0.24471830985915494 0.05193661971830986 0.05516431924882629 
0 0.5497359154929577 0.2793427230046948 0.12147887323943662 0.029342723004694836 
0 0.27420774647887325 0.1898474178403756 0.07746478873239436 0.056924882629107984 
0 0.19014084507042253 0.18838028169014084 0.06514084507042253 0.0539906103286385 
0 0.0488556338028169 0.823650234741784 0.08626760563380281 0.07453051643192488 
0 0.9795334507042254 0.2746478873239437 0.0409330985915493 0.04812206572769953 
0 0.5226672535211268 0.3230633802816901 0.06029929577464789 0.06279342723004695 
0 0.16505281690140844 0.9181338028169014 0.13380281690140844 0.06748826291079812 
0 0.545774647887324 0.5319835680751174 0.06514084507042253 0.052230046948356805 
0 0.27244718309859156 0.3755868544600939 0.06778169014084508 0.057511737089201875 
0 0.8338468309859155 0.403462441314554 0.07086267605633803 0.051056338028169015 
0 0.7484595070422535 0.397887323943662 0.06910211267605634 0.04812206572769953 
0 0.6287411971830986 0.5328638497652582 0.06558098591549295 0.05985915492957746 
0 0.8290052816901409 0.272887323943662 0.07350352112676056 0.062206572769953054 
0 0.623899647887324 0.6657863849765259 0.0743838028169014 0.04870892018779343 
0 0.18970070422535212 0.2579225352112676 0.06426056338028169 0.06279342723004695 
0 0.18529929577464788 0.37235915492957744 0.06426056338028169 0.056924882629107984 
0 0.2852112676056338 0.5651408450704225 0.13204225352112675 0.07863849765258216 
0 0.3558538732394366 0.3770539906103286 0.07174295774647887 0.06631455399061033 
0 0.8342869718309859 0.6737089201877934 0.08494718309859155 0.0528169014084507 
0 0.4326584507042254 0.5660211267605634 0.13556338028169015 0.08626760563380281 
0 0.42715669014084506 0.647887323943662 0.13336267605633803 0.07629107981220658 
0 0.14172535211267606 0.5580985915492958 0.136443661971831 0.06807511737089202 
0 0.27596830985915494 0.6487676056338029 0.13380281690140844 0.0721830985915493 
0 0.10057218309859155 0.375 0.07966549295774648 0.06690140845070422 
0 0.14150528169014084 0.48620892018779344 0.12720070422535212 0.051056338028169015 
0 0.5963908450704225 0.38967136150234744 0.06778169014084508 0.05868544600938967 
0 0.5360915492957746 0.6616784037558685 0.0625 0.05457746478873239 
0 0.10255281690140845 0.31015258215962443 0.06778169014084508 0.061619718309859156 
0 0.269806338028169 0.25410798122065725 0.0528169014084507 0.06690140845070422 
0 0.6272007042253521 0.6041666666666666 0.07482394366197183 0.04753521126760563 
0 0.1036531690140845 0.24559859154929578 0.07526408450704225 0.0710093896713615 
0 0.4359595070422535 0.3130868544600939 0.06998239436619719 0.06866197183098592 
0 0.8950264084507042 0.5378521126760564 0.05677816901408451 0.05575117370892019 
0 0.27024647887323944 0.3189553990610329 0.06690140845070422 0.058098591549295774 
0 0.832306338028169 0.3418427230046948 0.06954225352112677 0.051056338028169015 
0 0.19234154929577466 0.3192488262910798 0.06866197183098592 0.0528169014084507 
0 0.5171654929577465 0.38497652582159625 0.061619718309859156 0.06572769953051644 
0 0.680237676056338 0.3342136150234742 0.053257042253521125 0.04988262910798122 
0 0.2832306338028169 0.4903169014084507 0.12455985915492958 0.06514084507042253 
0 0.6018926056338029 0.3277582159624413 0.06382042253521127 0.051056338028169015 
0 0.7535211267605634 0.33656103286384975 0.06602112676056338 0.051056338028169015 
0 0.6786971830985915 0.3926056338028169 0.06690140845070422 0.05046948356807512 
0 0.13006161971830985 0.6382042253521126 0.14128521126760563 0.06866197183098592 
0 0.43838028169014087 0.3823356807511737 0.06602112676056338 0.058098591549295774 
0 0.9128521126760564 0.4025821596244131 0.0625 0.04225352112676056 
0 0.5424735915492958 0.5994718309859155 0.0664612676056338 0.052230046948356805 
0 0.31294014084507044 0.9113849765258216 0.12764084507042253 0.0715962441314554 
0 0.45620598591549294 0.8386150234741784 0.13512323943661972 0.07863849765258216 
0 0.5950704225352113 0.8427230046948356 0.13556338028169015 0.07629107981220658 
0 0.5959507042253521 0.9275234741784038 0.12852112676056338 0.07687793427230047 
0 0.8796214788732394 0.9225352112676056 0.12720070422535212 0.06455399061032864 
0 0.7394366197183099 0.9213615023474179 0.136443661971831 0.08333333333333333 
0 0.9117517605633803 0.2734741784037559 0.06470070422535211 0.056338028169014086 
0 0.8362676056338029 0.608274647887324 0.09066901408450705 0.056924882629107984 
0 0.9256161971830986 0.6085680751173709 0.0625 0.05046948356807512 
0 0.8268045774647887 0.5407863849765259 0.04973591549295775 0.04284037558685446 
0 0.35409330985915494 0.31396713615023475 0.06910211267605634 0.05985915492957746 
0 0.3529929577464789 0.2511737089201878 0.06514084507042253 0.062206572769953054 
0 0.4372799295774648 0.24853286384976525 0.0664612676056338 0.06748826291079812 
0 0.16461267605633803 0.8336267605633803 0.13204225352112675 0.07570422535211267 
0 0.4529049295774648 0.9222417840375586 0.13468309859154928 0.0721830985915493 
0 0.31294014084507044 0.8359741784037559 0.13468309859154928 0.0710093896713615 
0 0.030369718309859156 0.5516431924882629 0.05545774647887324 0.07394366197183098 
0 0.741637323943662 0.8374413145539906 0.125 0.07511737089201878 
0 0.9764524647887324 0.8911384976525821 0.03477112676056338 0.14964788732394366 
0 0.028169014084507043 0.6376173708920188 0.051056338028169015 0.0698356807511737 
0 0.9126320422535211 0.33832159624413144 0.06558098591549295 0.04988262910798122 
0 0.04709507042253521 0.9140258215962441 0.08714788732394366 0.08509389671361503 
0 0.9817341549295775 0.6461267605633803 0.03125 0.12089201877934272 
0 0.924955985915493 0.6769366197183099 0.0682218309859155 0.05575117370892019 
0 0.9755721830985915 0.40669014084507044 0.04621478873239437 0.05868544600938967 
0 0.8871038732394366 0.8427230046948356 0.13512323943661972 0.06690140845070422 
0 0.9749119718309859 0.3397887323943662 0.04753521126760563 0.06338028169014084 
0 0.029049295774647887 0.3720657276995305 0.051056338028169015 0.04460093896713615 
0 0.0332306338028169 0.30809859154929575 0.05941901408450704 0.04929577464788732 
0 0.028609154929577465 0.24471830985915494 0.05193661971830986 0.05516431924882629 
0 0.5497359154929577 0.2793427230046948 0.12147887323943662 0.029342723004694836 
0 0.27420774647887325 0.1898474178403756 0.07746478873239436 0.056924882629107984 
0 0.19014084507042253 0.18838028169014084 0.06514084507042253 0.0539906103286385 
0 0.0488556338028169 0.823650234741784 0.08626760563380281 0.07453051643192488 
0 0.9795334507042254 0.2746478873239437 0.0409330985915493 0.04812206572769953 
0 0.5226672535211268 0.3230633802816901 0.06029929577464789 0.06279342723004695 
0 0.16505281690140844 0.9181338028169014 0.13380281690140844 0.06748826291079812 
0 0.545774647887324 0.5319835680751174 0.06514084507042253 0.052230046948356805 
0 0.27244718309859156 0.3755868544600939 0.06778169014084508 0.057511737089201875 
0 0.8338468309859155 0.403462441314554 0.07086267605633803 0.051056338028169015 
0 0.7484595070422535 0.397887323943662 0.06910211267605634 0.04812206572769953 
0 0.6287411971830986 0.5328638497652582 0.06558098591549295 0.05985915492957746 
0 0.8290052816901409 0.272887323943662 0.07350352112676056 0.062206572769953054 
0 0.623899647887324 0.6657863849765259 0.0743838028169014 0.04870892018779343 
0 0.18970070422535212 0.2579225352112676 0.06426056338028169 0.06279342723004695 
0 0.18529929577464788 0.37235915492957744 0.06426056338028169 0.056924882629107984 
0 0.2852112676056338 0.5651408450704225 0.13204225352112675 0.07863849765258216 
0 0.3558538732394366 0.3770539906103286 0.07174295774647887 0.06631455399061033 
0 0.8342869718309859 0.6737089201877934 0.08494718309859155 0.0528169014084507 
0 0.4326584507042254 0.5660211267605634 0.13556338028169015 0.08626760563380281 
0 0.42715669014084506 0.647887323943662 0.13336267605633803 0.07629107981220658 
0 0.14172535211267606 0.5580985915492958 0.136443661971831 0.06807511737089202 
0 0.27596830985915494 0.6487676056338029 0.13380281690140844 0.0721830985915493 
0 0.10057218309859155 0.375 0.07966549295774648 0.06690140845070422 
0 0.14150528169014084 0.48620892018779344 0.12720070422535212 0.051056338028169015 
0 0.5963908450704225 0.38967136150234744 0.06778169014084508 0.05868544600938967 
0 0.5360915492957746 0.6616784037558685 0.0625 0.05457746478873239 
0 0.10255281690140845 0.31015258215962443 0.06778169014084508 0.061619718309859156 
0 0.269806338028169 0.25410798122065725 0.0528169014084507 0.06690140845070422 
0 0.6272007042253521 0.6041666666666666 0.07482394366197183 0.04753521126760563 
0 0.1036531690140845 0.24559859154929578 0.07526408450704225 0.0710093896713615 
0 0.4359595070422535 0.3130868544600939 0.06998239436619719 0.06866197183098592 
0 0.8950264084507042 0.5378521126760564 0.05677816901408451 0.05575117370892019 
0 0.27024647887323944 0.3189553990610329 0.06690140845070422 0.058098591549295774 
0 0.832306338028169 0.3418427230046948 0.06954225352112677 0.051056338028169015 
0 0.19234154929577466 0.3192488262910798 0.06866197183098592 0.0528169014084507 
0 0.5171654929577465 0.38497652582159625 0.061619718309859156 0.06572769953051644 
0 0.680237676056338 0.3342136150234742 0.053257042253521125 0.04988262910798122 
0 0.2832306338028169 0.4903169014084507 0.12455985915492958 0.06514084507042253 
0 0.6018926056338029 0.3277582159624413 0.06382042253521127 0.051056338028169015 
0 0.7535211267605634 0.33656103286384975 0.06602112676056338 0.051056338028169015 
0 0.6786971830985915 0.3926056338028169 0.06690140845070422 0.05046948356807512 
0 0.13006161971830985 0.6382042253521126 0.14128521126760563 0.06866197183098592 
0 0.43838028169014087 0.3823356807511737 0.06602112676056338 0.058098591549295774 
0 0.9128521126760564 0.4025821596244131 0.0625 0.04225352112676056 
0 0.5424735915492958 0.5994718309859155 0.0664612676056338 0.052230046948356805 
0 0.31294014084507044 0.9113849765258216 0.12764084507042253 0.0715962441314554 
0 0.45620598591549294 0.8386150234741784 0.13512323943661972 0.07863849765258216 
0 0.5950704225352113 0.8427230046948356 0.13556338028169015 0.07629107981220658 
0 0.5959507042253521 0.9275234741784038 0.12852112676056338 0.07687793427230047 
0 0.8796214788732394 0.9225352112676056 0.12720070422535212 0.06455399061032864 
0 0.7394366197183099 0.9213615023474179 0.136443661971831 0.08333333333333333 
0 0.9117517605633803 0.2734741784037559 0.06470070422535211 0.056338028169014086 
0 0.8362676056338029 0.608274647887324 0.09066901408450705 0.056924882629107984 
0 0.9256161971830986 0.6085680751173709 0.0625 0.05046948356807512 
0 0.8268045774647887 0.5407863849765259 0.04973591549295775 0.04284037558685446 
0 0.35409330985915494 0.31396713615023475 0.06910211267605634 0.05985915492957746 
0 0.3529929577464789 0.2511737089201878 0.06514084507042253 0.062206572769953054 
0 0.4372799295774648 0.24853286384976525 0.0664612676056338 0.06748826291079812 
0 0.16461267605633803 0.8336267605633803 0.13204225352112675 0.07570422535211267 
0 0.4529049295774648 0.9222417840375586 0.13468309859154928 0.0721830985915493 
0 0.31294014084507044 0.8359741784037559 0.13468309859154928 0.0710093896713615 
0 0.030369718309859156 0.5516431924882629 0.05545774647887324 0.07394366197183098 
0 0.741637323943662 0.8374413145539906 0.125 0.07511737089201878 
0 0.9764524647887324 0.8911384976525821 0.03477112676056338 0.14964788732394366 
0 0.028169014084507043 0.6376173708920188 0.051056338028169015 0.0698356807511737 
0 0.9126320422535211 0.33832159624413144 0.06558098591549295 0.04988262910798122 
0 0.04709507042253521 0.9140258215962441 0.08714788732394366 0.08509389671361503 
0 0.9817341549295775 0.6461267605633803 0.03125 0.12089201877934272 
0 0.924955985915493 0.6769366197183099 0.0682218309859155 0.05575117370892019 
0 0.9755721830985915 0.40669014084507044 0.04621478873239437 0.05868544600938967 
0 0.8871038732394366 0.8427230046948356 0.13512323943661972 0.06690140845070422 
0 0.9749119718309859 0.3397887323943662 0.04753521126760563 0.06338028169014084 
0 0.029049295774647887 0.3720657276995305 0.051056338028169015 0.04460093896713615 
0 0.0332306338028169 0.30809859154929575 0.05941901408450704 0.04929577464788732 
0 0.028609154929577465 0.24471830985915494 0.05193661971830986 0.05516431924882629 
0 0.5497359154929577 0.2793427230046948 0.12147887323943662 0.029342723004694836 
0 0.27420774647887325 0.1898474178403756 0.07746478873239436 0.056924882629107984 
0 0.19014084507042253 0.18838028169014084 0.06514084507042253 0.0539906103286385 
0 0.0488556338028169 0.823650234741784 0.08626760563380281 0.07453051643192488 
0 0.9795334507042254 0.2746478873239437 0.0409330985915493 0.04812206572769953 
0 0.5226672535211268 0.3230633802816901 0.06029929577464789 0.06279342723004695 
0 0.16505281690140844 0.9181338028169014 0.13380281690140844 0.06748826291079812 
0 0.545774647887324 0.5319835680751174 0.06514084507042253 0.052230046948356805 
0 0.27244718309859156 0.3755868544600939 0.06778169014084508 0.057511737089201875 
0 0.8338468309859155 0.403462441314554 0.07086267605633803 0.051056338028169015 
0 0.7484595070422535 0.397887323943662 0.06910211267605634 0.04812206572769953 
0 0.6287411971830986 0.5328638497652582 0.06558098591549295 0.05985915492957746 
0 0.8290052816901409 0.272887323943662 0.07350352112676056 0.062206572769953054 
0 0.623899647887324 0.6657863849765259 0.0743838028169014 0.04870892018779343 
0 0.18970070422535212 0.2579225352112676 0.06426056338028169 0.06279342723004695 
0 0.18529929577464788 0.37235915492957744 0.06426056338028169 0.056924882629107984 
0 0.2852112676056338 0.5651408450704225 0.13204225352112675 0.07863849765258216 
0 0.3558538732394366 0.3770539906103286 0.07174295774647887 0.06631455399061033 
0 0.8342869718309859 0.6737089201877934 0.08494718309859155 0.0528169014084507 
0 0.4326584507042254 0.5660211267605634 0.13556338028169015 0.08626760563380281 
0 0.42715669014084506 0.647887323943662 0.13336267605633803 0.07629107981220658 
0 0.14172535211267606 0.5580985915492958 0.136443661971831 0.06807511737089202 
0 0.27596830985915494 0.6487676056338029 0.13380281690140844 0.0721830985915493 
0 0.10057218309859155 0.375 0.07966549295774648 0.06690140845070422 
0 0.14150528169014084 0.48620892018779344 0.12720070422535212 0.051056338028169015 
0 0.5963908450704225 0.38967136150234744 0.06778169014084508 0.05868544600938967 
0 0.5360915492957746 0.6616784037558685 0.0625 0.05457746478873239 
0 0.10255281690140845 0.31015258215962443 0.06778169014084508 0.061619718309859156 
0 0.269806338028169 0.25410798122065725 0.0528169014084507 0.06690140845070422 
0 0.6272007042253521 0.6041666666666666 0.07482394366197183 0.04753521126760563 
0 0.1036531690140845 0.24559859154929578 0.07526408450704225 0.0710093896713615 
0 0.4359595070422535 0.3130868544600939 0.06998239436619719 0.06866197183098592 
0 0.8950264084507042 0.5378521126760564 0.05677816901408451 0.05575117370892019 
0 0.27024647887323944 0.3189553990610329 0.06690140845070422 0.058098591549295774 
0 0.832306338028169 0.3418427230046948 0.06954225352112677 0.051056338028169015 
0 0.19234154929577466 0.3192488262910798 0.06866197183098592 0.0528169014084507 
0 0.5171654929577465 0.38497652582159625 0.061619718309859156 0.06572769953051644 
0 0.680237676056338 0.3342136150234742 0.053257042253521125 0.04988262910798122 
0 0.2832306338028169 0.4903169014084507 0.12455985915492958 0.06514084507042253 
0 0.6018926056338029 0.3277582159624413 0.06382042253521127 0.051056338028169015 
0 0.7535211267605634 0.33656103286384975 0.06602112676056338 0.051056338028169015 
0 0.6786971830985915 0.3926056338028169 0.06690140845070422 0.05046948356807512 
0 0.13006161971830985 0.6382042253521126 0.14128521126760563 0.06866197183098592 
0 0.43838028169014087 0.3823356807511737 0.06602112676056338 0.058098591549295774 
0 0.9128521126760564 0.4025821596244131 0.0625 0.04225352112676056 
0 0.5424735915492958 0.5994718309859155 0.0664612676056338 0.052230046948356805 
