0 0.5693221830985915 0.6619718309859155 0.1756161971830986 0.09507042253521127 
0 0.9465228873239436 0.6599178403755869 0.09286971830985916 0.06514084507042253 
0 0.09066901408450705 0.28257042253521125 0.15757042253521128 0.09448356807511737 
0 0.954225352112676 0.8230633802816901 0.08714788732394366 0.2517605633802817 
0 0.8796214788732394 0.42458920187793425 0.14040492957746478 0.06396713615023474 
0 0.7794894366197183 0.7532276995305164 0.2227112676056338 0.2681924882629108 
0 0.39502640845070425 0.6572769953051644 0.15977112676056338 0.08568075117370892 
0 0.8131602112676056 0.9289906103286385 0.17649647887323944 0.0528169014084507 
0 0.5840669014084507 0.32717136150234744 0.09683098591549295 0.16490610328638497 
0 0.34463028169014087 0.3615023474178404 0.12147887323943662 0.14084507042253522 
0 0.8923855633802817 0.34242957746478875 0.13952464788732394 0.0698356807511737 
0 0.3857834507042254 0.8274647887323944 0.1949823943661972 0.2335680751173709 
0 0.5922095070422535 0.8224765258215962 0.19674295774647887 0.23767605633802816 
0 0.7209507042253521 0.3459507042253521 0.1522887323943662 0.18955399061032863 
0 0.22425176056338028 0.7767018779342723 0.11047535211267606 0.21185446009389672 
0 0.47139084507042256 0.33039906103286387 0.10475352112676056 0.1431924882629108 
0 0.0900088028169014 0.3788145539906103 0.15360915492957747 0.09565727699530517 
0 0.5693221830985915 0.6619718309859155 0.1756161971830986 0.09507042253521127 
0 0.9465228873239436 0.6599178403755869 0.09286971830985916 0.06514084507042253 
0 0.09066901408450705 0.28257042253521125 0.15757042253521128 0.09448356807511737 
0 0.954225352112676 0.8230633802816901 0.08714788732394366 0.2517605633802817 
0 0.8796214788732394 0.42458920187793425 0.14040492957746478 0.06396713615023474 
0 0.7794894366197183 0.7532276995305164 0.2227112676056338 0.2681924882629108 
0 0.39502640845070425 0.6572769953051644 0.15977112676056338 0.08568075117370892 
0 0.8131602112676056 0.9289906103286385 0.17649647887323944 0.0528169014084507 
0 0.5840669014084507 0.32717136150234744 0.09683098591549295 0.16490610328638497 
0 0.34463028169014087 0.3615023474178404 0.12147887323943662 0.14084507042253522 
0 0.8923855633802817 0.34242957746478875 0.13952464788732394 0.0698356807511737 
0 0.3857834507042254 0.8274647887323944 0.1949823943661972 0.2335680751173709 
0 0.5922095070422535 0.8224765258215962 0.19674295774647887 0.23767605633802816 
0 0.7209507042253521 0.3459507042253521 0.1522887323943662 0.18955399061032863 
0 0.22425176056338028 0.7767018779342723 0.11047535211267606 0.21185446009389672 
0 0.47139084507042256 0.33039906103286387 0.10475352112676056 0.1431924882629108 
0 0.0900088028169014 0.3788145539906103 0.15360915492957747 0.09565727699530517 
0 0.5693221830985915 0.6619718309859155 0.1756161971830986 0.09507042253521127 
0 0.9465228873239436 0.6599178403755869 0.09286971830985916 0.06514084507042253 
0 0.09066901408450705 0.28257042253521125 0.15757042253521128 0.09448356807511737 
0 0.954225352112676 0.8230633802816901 0.08714788732394366 0.2517605633802817 
0 0.8796214788732394 0.42458920187793425 0.14040492957746478 0.06396713615023474 
0 0.7794894366197183 0.7532276995305164 0.2227112676056338 0.2681924882629108 
0 0.39502640845070425 0.6572769953051644 0.15977112676056338 0.08568075117370892 
0 0.8131602112676056 0.9289906103286385 0.17649647887323944 0.0528169014084507 
0 0.5840669014084507 0.32717136150234744 0.09683098591549295 0.16490610328638497 
0 0.34463028169014087 0.3615023474178404 0.12147887323943662 0.14084507042253522 
0 0.8923855633802817 0.34242957746478875 0.13952464788732394 0.0698356807511737 
0 0.3857834507042254 0.8274647887323944 0.1949823943661972 0.2335680751173709 
0 0.5922095070422535 0.8224765258215962 0.19674295774647887 0.23767605633802816 
0 0.7209507042253521 0.3459507042253521 0.1522887323943662 0.18955399061032863 
0 0.22425176056338028 0.7767018779342723 0.11047535211267606 0.21185446009389672 
0 0.47139084507042256 0.33039906103286387 0.10475352112676056 0.1431924882629108 
0 0.0900088028169014 0.3788145539906103 0.15360915492957747 0.09565727699530517 
