0 0.924955985915493 0.3447769953051643 0.13776408450704225 0.11443661971830986 
0 0.8446302816901409 0.8177816901408451 0.05457746478873239 0.07453051643192488 
0 0.7618838028169014 0.6156103286384976 0.07482394366197183 0.051643192488262914 
0 0.9201144366197183 0.6575704225352113 0.05765845070422535 0.11326291079812206 
0 0.9256161971830986 0.22740610328638497 0.136443661971831 0.10269953051643192 
0 0.34485035211267606 0.19190140845070422 0.06382042253521127 0.07981220657276995 
0 0.3628961267605634 0.5531103286384976 0.08054577464788733 0.04753521126760563 
0 0.2852112676056338 0.5786384976525821 0.061619718309859156 0.04929577464788732 
0 0.07064260563380281 0.3324530516431925 0.07878521126760564 0.06514084507042253 
0 0.34507042253521125 0.2676056338028169 0.07746478873239436 0.06807511737089202 
0 0.2535211267605634 0.26731220657276994 0.08450704225352113 0.07453051643192488 
0 0.9779929577464789 0.6602112676056338 0.04401408450704225 0.11384976525821597 
0 0.06426056338028169 0.18368544600938966 0.0801056338028169 0.0539906103286385 
0 0.20004401408450703 0.960093896713615 0.14920774647887325 0.07042253521126761 
0 0.9273767605633803 0.5598591549295775 0.07042253521126761 0.06807511737089202 
0 0.5332306338028169 0.801056338028169 0.12808098591549297 0.051643192488262914 
0 0.7768485915492958 0.8186619718309859 0.04753521126760563 0.08215962441314555 
0 0.20026408450704225 0.5759976525821596 0.06778169014084508 0.056924882629107984 
0 0.7847711267605634 0.9257629107981221 0.040492957746478875 0.10504694835680752 
0 0.5308098591549296 0.9624413145539906 0.14788732394366197 0.06807511737089202 
0 0.8503521126760564 0.6205985915492958 0.07394366197183098 0.051056338028169015 
0 0.8408890845070423 0.9216549295774648 0.05149647887323944 0.09800469483568075 
0 0.20048415492957747 0.8799882629107981 0.15536971830985916 0.09800469483568075 
0 0.028609154929577465 0.5038145539906104 0.056338028169014086 0.06866197183098592 
0 0.05369718309859155 0.8673708920187794 0.10651408450704225 0.07981220657276995 
0 0.3613556338028169 0.9624413145539906 0.1487676056338028 0.05985915492957746 
0 0.3657570422535211 0.880868544600939 0.14964788732394366 0.08685446009389672 
0 0.05479753521126761 0.9551056338028169 0.10871478873239436 0.07453051643192488 
0 0.6846390845070423 0.9647887323943662 0.14128521126760563 0.06338028169014084 
0 0.6824383802816901 0.8764671361502347 0.1386443661971831 0.0710093896713615 
0 0.530149647887324 0.8817488262910798 0.144806338028169 0.08157276995305164 
0 0.06712147887323944 0.2564553990610329 0.08142605633802817 0.06924882629107981 
0 0.46830985915492956 0.5589788732394366 0.07834507042253522 0.04988262910798122 
0 0.6507482394366197 0.6244131455399061 0.0682218309859155 0.04107981220657277 
0 0.44036091549295775 0.19865023474178403 0.08054577464788733 0.0721830985915493 
0 0.441681338028169 0.272887323943662 0.0761443661971831 0.0715962441314554 
0 0.3404489436619718 0.3453638497652582 0.07878521126760564 0.06748826291079812 
0 0.7618838028169014 0.21684272300469484 0.16109154929577466 0.11443661971830986 
0 0.4423415492957746 0.34800469483568075 0.0721830985915493 0.06455399061032864 
0 0.5682218309859155 0.6769366197183099 0.08538732394366197 0.05457746478873239 
0 0.762544014084507 0.3447769953051643 0.1641725352112676 0.10856807511737089 
0 0.5587588028169014 0.5636737089201878 0.07262323943661972 0.05457746478873239 
0 0.09903169014084508 0.49970657276995306 0.08098591549295775 0.06279342723004695 
0 0.5728433098591549 0.32922535211267606 0.16857394366197184 0.11502347417840375 
0 0.3617957746478873 0.6123826291079812 0.0897887323943662 0.061619718309859156 
0 0.65625 0.676056338028169 0.06602112676056338 0.04812206572769953 
0 0.8450704225352113 0.6789906103286385 0.06338028169014084 0.0528169014084507 
0 0.6463468309859155 0.5601525821596244 0.07966549295774648 0.04518779342723005 
0 0.7621038732394366 0.681631455399061 0.07702464788732394 0.056924882629107984 
0 0.45928697183098594 0.6754694835680751 0.08318661971830986 0.051643192488262914 
0 0.383362676056338 0.4926643192488263 0.07482394366197183 0.051056338028169015 
0 0.07658450704225352 0.6561032863849765 0.07746478873239436 0.07042253521126761 
0 0.15889084507042253 0.18603286384976525 0.07834507042253522 0.06807511737089202 
0 0.24889964788732394 0.19248826291079812 0.0761443661971831 0.06572769953051644 
0 0.460387323943662 0.6182511737089202 0.07834507042253522 0.041666666666666664 
0 0.5605193661971831 0.6203051643192489 0.0840669014084507 0.05046948356807512 
0 0.17649647887323944 0.6558098591549296 0.07394366197183098 0.0733568075117371 
0 0.3461707746478873 0.11737089201877934 0.07966549295774648 0.0715962441314554 
0 0.15933098591549297 0.2643779342723005 0.08450704225352113 0.06279342723004695 
0 0.07856514084507042 0.57981220657277 0.08230633802816902 0.062206572769953054 
0 0.15933098591549297 0.3362676056338028 0.07658450704225352 0.06690140845070422 
0 0.44608274647887325 0.12147887323943662 0.0761443661971831 0.07042253521126761 
0 0.2533010563380282 0.3430164319248826 0.08230633802816902 0.06631455399061033 
0 0.35563380281690143 0.6740023474178404 0.07482394366197183 0.052230046948356805 
0 0.47007042253521125 0.4926643192488263 0.07042253521126761 0.04870892018779343 
0 0.2695862676056338 0.6555164319248826 0.08230633802816902 0.07394366197183098 
0 0.924955985915493 0.3447769953051643 0.13776408450704225 0.11443661971830986 
0 0.8446302816901409 0.8177816901408451 0.05457746478873239 0.07453051643192488 
0 0.7618838028169014 0.6156103286384976 0.07482394366197183 0.051643192488262914 
0 0.9201144366197183 0.6575704225352113 0.05765845070422535 0.11326291079812206 
0 0.9256161971830986 0.22740610328638497 0.136443661971831 0.10269953051643192 
0 0.34485035211267606 0.19190140845070422 0.06382042253521127 0.07981220657276995 
0 0.3628961267605634 0.5531103286384976 0.08054577464788733 0.04753521126760563 
0 0.2852112676056338 0.5786384976525821 0.061619718309859156 0.04929577464788732 
0 0.07064260563380281 0.3324530516431925 0.07878521126760564 0.06514084507042253 
0 0.34507042253521125 0.2676056338028169 0.07746478873239436 0.06807511737089202 
0 0.2535211267605634 0.26731220657276994 0.08450704225352113 0.07453051643192488 
0 0.9779929577464789 0.6602112676056338 0.04401408450704225 0.11384976525821597 
0 0.06426056338028169 0.18368544600938966 0.0801056338028169 0.0539906103286385 
0 0.20004401408450703 0.960093896713615 0.14920774647887325 0.07042253521126761 
0 0.9273767605633803 0.5598591549295775 0.07042253521126761 0.06807511737089202 
0 0.5332306338028169 0.801056338028169 0.12808098591549297 0.051643192488262914 
0 0.7768485915492958 0.8186619718309859 0.04753521126760563 0.08215962441314555 
0 0.20026408450704225 0.5759976525821596 0.06778169014084508 0.056924882629107984 
0 0.7847711267605634 0.9257629107981221 0.040492957746478875 0.10504694835680752 
0 0.5308098591549296 0.9624413145539906 0.14788732394366197 0.06807511737089202 
0 0.8503521126760564 0.6205985915492958 0.07394366197183098 0.051056338028169015 
0 0.8408890845070423 0.9216549295774648 0.05149647887323944 0.09800469483568075 
0 0.20048415492957747 0.8799882629107981 0.15536971830985916 0.09800469483568075 
0 0.028609154929577465 0.5038145539906104 0.056338028169014086 0.06866197183098592 
0 0.05369718309859155 0.8673708920187794 0.10651408450704225 0.07981220657276995 
0 0.3613556338028169 0.9624413145539906 0.1487676056338028 0.05985915492957746 
0 0.3657570422535211 0.880868544600939 0.14964788732394366 0.08685446009389672 
0 0.05479753521126761 0.9551056338028169 0.10871478873239436 0.07453051643192488 
0 0.6846390845070423 0.9647887323943662 0.14128521126760563 0.06338028169014084 
0 0.6824383802816901 0.8764671361502347 0.1386443661971831 0.0710093896713615 
0 0.530149647887324 0.8817488262910798 0.144806338028169 0.08157276995305164 
0 0.06712147887323944 0.2564553990610329 0.08142605633802817 0.06924882629107981 
0 0.46830985915492956 0.5589788732394366 0.07834507042253522 0.04988262910798122 
0 0.6507482394366197 0.6244131455399061 0.0682218309859155 0.04107981220657277 
0 0.44036091549295775 0.19865023474178403 0.08054577464788733 0.0721830985915493 
0 0.441681338028169 0.272887323943662 0.0761443661971831 0.0715962441314554 
0 0.3404489436619718 0.3453638497652582 0.07878521126760564 0.06748826291079812 
0 0.7618838028169014 0.21684272300469484 0.16109154929577466 0.11443661971830986 
0 0.4423415492957746 0.34800469483568075 0.0721830985915493 0.06455399061032864 
0 0.5682218309859155 0.6769366197183099 0.08538732394366197 0.05457746478873239 
0 0.762544014084507 0.3447769953051643 0.1641725352112676 0.10856807511737089 
0 0.5587588028169014 0.5636737089201878 0.07262323943661972 0.05457746478873239 
0 0.09903169014084508 0.49970657276995306 0.08098591549295775 0.06279342723004695 
0 0.5728433098591549 0.32922535211267606 0.16857394366197184 0.11502347417840375 
0 0.3617957746478873 0.6123826291079812 0.0897887323943662 0.061619718309859156 
0 0.65625 0.676056338028169 0.06602112676056338 0.04812206572769953 
0 0.8450704225352113 0.6789906103286385 0.06338028169014084 0.0528169014084507 
0 0.6463468309859155 0.5601525821596244 0.07966549295774648 0.04518779342723005 
0 0.7621038732394366 0.681631455399061 0.07702464788732394 0.056924882629107984 
0 0.45928697183098594 0.6754694835680751 0.08318661971830986 0.051643192488262914 
0 0.383362676056338 0.4926643192488263 0.07482394366197183 0.051056338028169015 
0 0.07658450704225352 0.6561032863849765 0.07746478873239436 0.07042253521126761 
0 0.15889084507042253 0.18603286384976525 0.07834507042253522 0.06807511737089202 
0 0.24889964788732394 0.19248826291079812 0.0761443661971831 0.06572769953051644 
0 0.460387323943662 0.6182511737089202 0.07834507042253522 0.041666666666666664 
0 0.5605193661971831 0.6203051643192489 0.0840669014084507 0.05046948356807512 
0 0.17649647887323944 0.6558098591549296 0.07394366197183098 0.0733568075117371 
0 0.3461707746478873 0.11737089201877934 0.07966549295774648 0.0715962441314554 
0 0.15933098591549297 0.2643779342723005 0.08450704225352113 0.06279342723004695 
0 0.07856514084507042 0.57981220657277 0.08230633802816902 0.062206572769953054 
0 0.15933098591549297 0.3362676056338028 0.07658450704225352 0.06690140845070422 
0 0.44608274647887325 0.12147887323943662 0.0761443661971831 0.07042253521126761 
0 0.2533010563380282 0.3430164319248826 0.08230633802816902 0.06631455399061033 
0 0.35563380281690143 0.6740023474178404 0.07482394366197183 0.052230046948356805 
0 0.47007042253521125 0.4926643192488263 0.07042253521126761 0.04870892018779343 
0 0.2695862676056338 0.6555164319248826 0.08230633802816902 0.07394366197183098 
0 0.924955985915493 0.3447769953051643 0.13776408450704225 0.11443661971830986 
0 0.8446302816901409 0.8177816901408451 0.05457746478873239 0.07453051643192488 
0 0.7618838028169014 0.6156103286384976 0.07482394366197183 0.051643192488262914 
0 0.9201144366197183 0.6575704225352113 0.05765845070422535 0.11326291079812206 
0 0.9256161971830986 0.22740610328638497 0.136443661971831 0.10269953051643192 
0 0.34485035211267606 0.19190140845070422 0.06382042253521127 0.07981220657276995 
0 0.3628961267605634 0.5531103286384976 0.08054577464788733 0.04753521126760563 
0 0.2852112676056338 0.5786384976525821 0.061619718309859156 0.04929577464788732 
0 0.07064260563380281 0.3324530516431925 0.07878521126760564 0.06514084507042253 
0 0.34507042253521125 0.2676056338028169 0.07746478873239436 0.06807511737089202 
0 0.2535211267605634 0.26731220657276994 0.08450704225352113 0.07453051643192488 
0 0.9779929577464789 0.6602112676056338 0.04401408450704225 0.11384976525821597 
0 0.06426056338028169 0.18368544600938966 0.0801056338028169 0.0539906103286385 
0 0.20004401408450703 0.960093896713615 0.14920774647887325 0.07042253521126761 
0 0.9273767605633803 0.5598591549295775 0.07042253521126761 0.06807511737089202 
0 0.5332306338028169 0.801056338028169 0.12808098591549297 0.051643192488262914 
0 0.7768485915492958 0.8186619718309859 0.04753521126760563 0.08215962441314555 
0 0.20026408450704225 0.5759976525821596 0.06778169014084508 0.056924882629107984 
0 0.7847711267605634 0.9257629107981221 0.040492957746478875 0.10504694835680752 
0 0.5308098591549296 0.9624413145539906 0.14788732394366197 0.06807511737089202 
0 0.8503521126760564 0.6205985915492958 0.07394366197183098 0.051056338028169015 
0 0.8408890845070423 0.9216549295774648 0.05149647887323944 0.09800469483568075 
0 0.20048415492957747 0.8799882629107981 0.15536971830985916 0.09800469483568075 
0 0.028609154929577465 0.5038145539906104 0.056338028169014086 0.06866197183098592 
0 0.05369718309859155 0.8673708920187794 0.10651408450704225 0.07981220657276995 
0 0.3613556338028169 0.9624413145539906 0.1487676056338028 0.05985915492957746 
0 0.3657570422535211 0.880868544600939 0.14964788732394366 0.08685446009389672 
0 0.05479753521126761 0.9551056338028169 0.10871478873239436 0.07453051643192488 
0 0.6846390845070423 0.9647887323943662 0.14128521126760563 0.06338028169014084 
0 0.6824383802816901 0.8764671361502347 0.1386443661971831 0.0710093896713615 
0 0.530149647887324 0.8817488262910798 0.144806338028169 0.08157276995305164 
0 0.06712147887323944 0.2564553990610329 0.08142605633802817 0.06924882629107981 
0 0.46830985915492956 0.5589788732394366 0.07834507042253522 0.04988262910798122 
0 0.6507482394366197 0.6244131455399061 0.0682218309859155 0.04107981220657277 
0 0.44036091549295775 0.19865023474178403 0.08054577464788733 0.0721830985915493 
0 0.441681338028169 0.272887323943662 0.0761443661971831 0.0715962441314554 
0 0.3404489436619718 0.3453638497652582 0.07878521126760564 0.06748826291079812 
0 0.7618838028169014 0.21684272300469484 0.16109154929577466 0.11443661971830986 
0 0.4423415492957746 0.34800469483568075 0.0721830985915493 0.06455399061032864 
0 0.5682218309859155 0.6769366197183099 0.08538732394366197 0.05457746478873239 
0 0.762544014084507 0.3447769953051643 0.1641725352112676 0.10856807511737089 
0 0.5587588028169014 0.5636737089201878 0.07262323943661972 0.05457746478873239 
0 0.09903169014084508 0.49970657276995306 0.08098591549295775 0.06279342723004695 
0 0.5728433098591549 0.32922535211267606 0.16857394366197184 0.11502347417840375 
0 0.3617957746478873 0.6123826291079812 0.0897887323943662 0.061619718309859156 
0 0.65625 0.676056338028169 0.06602112676056338 0.04812206572769953 
0 0.8450704225352113 0.6789906103286385 0.06338028169014084 0.0528169014084507 
0 0.6463468309859155 0.5601525821596244 0.07966549295774648 0.04518779342723005 
0 0.7621038732394366 0.681631455399061 0.07702464788732394 0.056924882629107984 
0 0.45928697183098594 0.6754694835680751 0.08318661971830986 0.051643192488262914 
0 0.383362676056338 0.4926643192488263 0.07482394366197183 0.051056338028169015 
0 0.07658450704225352 0.6561032863849765 0.07746478873239436 0.07042253521126761 
0 0.15889084507042253 0.18603286384976525 0.07834507042253522 0.06807511737089202 
0 0.24889964788732394 0.19248826291079812 0.0761443661971831 0.06572769953051644 
0 0.460387323943662 0.6182511737089202 0.07834507042253522 0.041666666666666664 
0 0.5605193661971831 0.6203051643192489 0.0840669014084507 0.05046948356807512 
0 0.17649647887323944 0.6558098591549296 0.07394366197183098 0.0733568075117371 
0 0.3461707746478873 0.11737089201877934 0.07966549295774648 0.0715962441314554 
0 0.15933098591549297 0.2643779342723005 0.08450704225352113 0.06279342723004695 
0 0.07856514084507042 0.57981220657277 0.08230633802816902 0.062206572769953054 
0 0.15933098591549297 0.3362676056338028 0.07658450704225352 0.06690140845070422 
0 0.44608274647887325 0.12147887323943662 0.0761443661971831 0.07042253521126761 
0 0.2533010563380282 0.3430164319248826 0.08230633802816902 0.06631455399061033 
0 0.35563380281690143 0.6740023474178404 0.07482394366197183 0.052230046948356805 
0 0.47007042253521125 0.4926643192488263 0.07042253521126761 0.04870892018779343 
0 0.2695862676056338 0.6555164319248826 0.08230633802816902 0.07394366197183098 
