0 0.9548855633802817 0.20246478873239437 0.08054577464788733 0.07511737089201878 
0 0.7827904929577465 0.13262910798122066 0.06910211267605634 0.05516431924882629 
0 0.6087147887323944 0.25440140845070425 0.07130281690140845 0.06279342723004695 
0 0.8622359154929577 0.20305164319248825 0.06690140845070422 0.0528169014084507 
0 0.6128961267605634 0.18163145539906103 0.0682218309859155 0.06514084507042253 
0 0.898987676056338 0.46068075117370894 0.1289612676056338 0.06103286384976526 
0 0.9559859154929577 0.33949530516431925 0.08538732394366197 0.056924882629107984 
0 0.9515845070422535 0.2761150234741784 0.07570422535211267 0.06631455399061033 
0 0.7808098591549296 0.335093896713615 0.06073943661971831 0.045774647887323945 
0 0.905149647887324 0.8233568075117371 0.12015845070422536 0.07511737089201878 
0 0.17847711267605634 0.8400821596244131 0.1914612676056338 0.06866197183098592 
0 0.7561619718309859 0.9122652582159625 0.12852112676056338 0.07570422535211267 
0 0.6065140845070423 0.9134389671361502 0.14524647887323944 0.0897887323943662 
0 0.7610035211267606 0.8227699530516432 0.14172535211267606 0.07629107981220658 
0 0.6054137323943662 0.8195422535211268 0.144806338028169 0.08274647887323944 
0 0.18970070422535212 0.9292840375586855 0.20950704225352113 0.07922535211267606 
0 0.9011883802816901 0.9078638497652582 0.12544014084507044 0.07629107981220658 
0 0.5688820422535211 0.4413145539906103 0.1483274647887324 0.06455399061032864 
0 0.8648767605633803 0.13703051643192488 0.061619718309859156 0.06631455399061033 
0 0.42319542253521125 0.9231220657276995 0.18265845070422534 0.0880281690140845 
0 0.08538732394366197 0.20980046948356806 0.16549295774647887 0.07922535211267606 
0 0.2704665492957746 0.20892018779342722 0.1914612676056338 0.0903755868544601 
0 0.8681778169014085 0.3415492957746479 0.06382042253521127 0.0528169014084507 
0 0.8853433098591549 0.625 0.13424295774647887 0.08215962441314555 
0 0.4762323943661972 0.2227112676056338 0.176056338028169 0.09330985915492958 
0 0.4711707746478873 0.3104460093896714 0.17473591549295775 0.08098591549295775 
0 0.5743838028169014 0.6182511737089202 0.15316901408450703 0.08039906103286384 
0 0.25 0.49853286384976525 0.1954225352112676 0.11326291079812206 
0 0.2482394366197183 0.6117957746478874 0.18045774647887325 0.10269953051643192 
0 0.26254401408450706 0.2984154929577465 0.18441901408450703 0.08039906103286384 
0 0.6949823943661971 0.18163145539906103 0.06426056338028169 0.06514084507042253 
0 0.7394366197183099 0.6205985915492958 0.14964788732394366 0.07570422535211267 
0 0.07680457746478873 0.29460093896713613 0.15272887323943662 0.07863849765258216 
0 0.7396566901408451 0.45011737089201875 0.13600352112676056 0.05868544600938967 
0 0.8998679577464789 0.5390258215962441 0.1307218309859155 0.07570422535211267 
0 0.8633362676056338 0.27318075117370894 0.06998239436619719 0.06279342723004695 
0 0.5726232394366197 0.5220070422535211 0.1522887323943662 0.08744131455399061 
0 0.6113556338028169 0.3274647887323944 0.0625 0.05985915492957746 
0 0.7805897887323944 0.20129107981220656 0.0682218309859155 0.06572769953051644 
0 0.6974031690140845 0.2546948356807512 0.07702464788732394 0.06572769953051644 
0 0.40735035211267606 0.8345070422535211 0.1624119718309859 0.07276995305164319 
0 0.6963028169014085 0.33215962441314556 0.06602112676056338 0.0528169014084507 
0 0.7464788732394366 0.5311032863849765 0.14524647887323944 0.08450704225352113 
0 0.7805897887323944 0.27024647887323944 0.06558098591549295 0.06514084507042253 
0 0.06932218309859155 0.6018192488262911 0.13776408450704225 0.09800469483568075 
0 0.9548855633802817 0.20246478873239437 0.08054577464788733 0.07511737089201878 
0 0.7827904929577465 0.13262910798122066 0.06910211267605634 0.05516431924882629 
0 0.6087147887323944 0.25440140845070425 0.07130281690140845 0.06279342723004695 
0 0.8622359154929577 0.20305164319248825 0.06690140845070422 0.0528169014084507 
0 0.6128961267605634 0.18163145539906103 0.0682218309859155 0.06514084507042253 
0 0.898987676056338 0.46068075117370894 0.1289612676056338 0.06103286384976526 
0 0.9559859154929577 0.33949530516431925 0.08538732394366197 0.056924882629107984 
0 0.9515845070422535 0.2761150234741784 0.07570422535211267 0.06631455399061033 
0 0.7808098591549296 0.335093896713615 0.06073943661971831 0.045774647887323945 
0 0.905149647887324 0.8233568075117371 0.12015845070422536 0.07511737089201878 
0 0.17847711267605634 0.8400821596244131 0.1914612676056338 0.06866197183098592 
0 0.7561619718309859 0.9122652582159625 0.12852112676056338 0.07570422535211267 
0 0.6065140845070423 0.9134389671361502 0.14524647887323944 0.0897887323943662 
0 0.7610035211267606 0.8227699530516432 0.14172535211267606 0.07629107981220658 
0 0.6054137323943662 0.8195422535211268 0.144806338028169 0.08274647887323944 
0 0.18970070422535212 0.9292840375586855 0.20950704225352113 0.07922535211267606 
0 0.9011883802816901 0.9078638497652582 0.12544014084507044 0.07629107981220658 
0 0.5688820422535211 0.4413145539906103 0.1483274647887324 0.06455399061032864 
0 0.8648767605633803 0.13703051643192488 0.061619718309859156 0.06631455399061033 
0 0.42319542253521125 0.9231220657276995 0.18265845070422534 0.0880281690140845 
0 0.08538732394366197 0.20980046948356806 0.16549295774647887 0.07922535211267606 
0 0.2704665492957746 0.20892018779342722 0.1914612676056338 0.0903755868544601 
0 0.8681778169014085 0.3415492957746479 0.06382042253521127 0.0528169014084507 
0 0.8853433098591549 0.625 0.13424295774647887 0.08215962441314555 
0 0.4762323943661972 0.2227112676056338 0.176056338028169 0.09330985915492958 
0 0.4711707746478873 0.3104460093896714 0.17473591549295775 0.08098591549295775 
0 0.5743838028169014 0.6182511737089202 0.15316901408450703 0.08039906103286384 
0 0.25 0.49853286384976525 0.1954225352112676 0.11326291079812206 
0 0.2482394366197183 0.6117957746478874 0.18045774647887325 0.10269953051643192 
0 0.26254401408450706 0.2984154929577465 0.18441901408450703 0.08039906103286384 
0 0.6949823943661971 0.18163145539906103 0.06426056338028169 0.06514084507042253 
0 0.7394366197183099 0.6205985915492958 0.14964788732394366 0.07570422535211267 
0 0.07680457746478873 0.29460093896713613 0.15272887323943662 0.07863849765258216 
0 0.7396566901408451 0.45011737089201875 0.13600352112676056 0.05868544600938967 
0 0.8998679577464789 0.5390258215962441 0.1307218309859155 0.07570422535211267 
0 0.8633362676056338 0.27318075117370894 0.06998239436619719 0.06279342723004695 
0 0.5726232394366197 0.5220070422535211 0.1522887323943662 0.08744131455399061 
0 0.6113556338028169 0.3274647887323944 0.0625 0.05985915492957746 
0 0.7805897887323944 0.20129107981220656 0.0682218309859155 0.06572769953051644 
0 0.6974031690140845 0.2546948356807512 0.07702464788732394 0.06572769953051644 
0 0.40735035211267606 0.8345070422535211 0.1624119718309859 0.07276995305164319 
0 0.6963028169014085 0.33215962441314556 0.06602112676056338 0.0528169014084507 
0 0.7464788732394366 0.5311032863849765 0.14524647887323944 0.08450704225352113 
0 0.7805897887323944 0.27024647887323944 0.06558098591549295 0.06514084507042253 
0 0.06932218309859155 0.6018192488262911 0.13776408450704225 0.09800469483568075 
0 0.9548855633802817 0.20246478873239437 0.08054577464788733 0.07511737089201878 
0 0.7827904929577465 0.13262910798122066 0.06910211267605634 0.05516431924882629 
0 0.6087147887323944 0.25440140845070425 0.07130281690140845 0.06279342723004695 
0 0.8622359154929577 0.20305164319248825 0.06690140845070422 0.0528169014084507 
0 0.6128961267605634 0.18163145539906103 0.0682218309859155 0.06514084507042253 
0 0.898987676056338 0.46068075117370894 0.1289612676056338 0.06103286384976526 
0 0.9559859154929577 0.33949530516431925 0.08538732394366197 0.056924882629107984 
0 0.9515845070422535 0.2761150234741784 0.07570422535211267 0.06631455399061033 
0 0.7808098591549296 0.335093896713615 0.06073943661971831 0.045774647887323945 
0 0.905149647887324 0.8233568075117371 0.12015845070422536 0.07511737089201878 
0 0.17847711267605634 0.8400821596244131 0.1914612676056338 0.06866197183098592 
0 0.7561619718309859 0.9122652582159625 0.12852112676056338 0.07570422535211267 
0 0.6065140845070423 0.9134389671361502 0.14524647887323944 0.0897887323943662 
0 0.7610035211267606 0.8227699530516432 0.14172535211267606 0.07629107981220658 
0 0.6054137323943662 0.8195422535211268 0.144806338028169 0.08274647887323944 
0 0.18970070422535212 0.9292840375586855 0.20950704225352113 0.07922535211267606 
0 0.9011883802816901 0.9078638497652582 0.12544014084507044 0.07629107981220658 
0 0.5688820422535211 0.4413145539906103 0.1483274647887324 0.06455399061032864 
0 0.8648767605633803 0.13703051643192488 0.061619718309859156 0.06631455399061033 
0 0.42319542253521125 0.9231220657276995 0.18265845070422534 0.0880281690140845 
0 0.08538732394366197 0.20980046948356806 0.16549295774647887 0.07922535211267606 
0 0.2704665492957746 0.20892018779342722 0.1914612676056338 0.0903755868544601 
0 0.8681778169014085 0.3415492957746479 0.06382042253521127 0.0528169014084507 
0 0.8853433098591549 0.625 0.13424295774647887 0.08215962441314555 
0 0.4762323943661972 0.2227112676056338 0.176056338028169 0.09330985915492958 
0 0.4711707746478873 0.3104460093896714 0.17473591549295775 0.08098591549295775 
0 0.5743838028169014 0.6182511737089202 0.15316901408450703 0.08039906103286384 
0 0.25 0.49853286384976525 0.1954225352112676 0.11326291079812206 
0 0.2482394366197183 0.6117957746478874 0.18045774647887325 0.10269953051643192 
0 0.26254401408450706 0.2984154929577465 0.18441901408450703 0.08039906103286384 
0 0.6949823943661971 0.18163145539906103 0.06426056338028169 0.06514084507042253 
0 0.7394366197183099 0.6205985915492958 0.14964788732394366 0.07570422535211267 
0 0.07680457746478873 0.29460093896713613 0.15272887323943662 0.07863849765258216 
0 0.7396566901408451 0.45011737089201875 0.13600352112676056 0.05868544600938967 
0 0.8998679577464789 0.5390258215962441 0.1307218309859155 0.07570422535211267 
0 0.8633362676056338 0.27318075117370894 0.06998239436619719 0.06279342723004695 
0 0.5726232394366197 0.5220070422535211 0.1522887323943662 0.08744131455399061 
0 0.6113556338028169 0.3274647887323944 0.0625 0.05985915492957746 
0 0.7805897887323944 0.20129107981220656 0.0682218309859155 0.06572769953051644 
0 0.6974031690140845 0.2546948356807512 0.07702464788732394 0.06572769953051644 
0 0.40735035211267606 0.8345070422535211 0.1624119718309859 0.07276995305164319 
0 0.6963028169014085 0.33215962441314556 0.06602112676056338 0.0528169014084507 
0 0.7464788732394366 0.5311032863849765 0.14524647887323944 0.08450704225352113 
0 0.7805897887323944 0.27024647887323944 0.06558098591549295 0.06514084507042253 
0 0.06932218309859155 0.6018192488262911 0.13776408450704225 0.09800469483568075 
