0 0.866637323943662 0.829518779342723 0.04665492957746479 0.0733568075117371 
0 0.9099911971830986 0.903755868544601 0.04621478873239437 0.06338028169014084 
0 0.6139964788732394 0.8089788732394366 0.13908450704225353 0.08509389671361503 
0 0.2986355633802817 0.79518779342723 0.14040492957746478 0.07981220657276995 
0 0.12830105633802816 0.8981807511737089 0.14656690140845072 0.09800469483568075 
0 0.020026408450704226 0.4017018779342723 0.03917253521126761 0.12147887323943662 
0 0.8642165492957746 0.9002347417840375 0.03389084507042254 0.06807511737089202 
0 0.7706866197183099 0.9061032863849765 0.12940140845070422 0.06572769953051644 
0 0.021786971830985914 0.8940727699530516 0.042693661971830985 0.10622065727699531 
0 0.9773327464788732 0.4413145539906103 0.04533450704225352 0.10915492957746478 
0 0.96875 0.8283450704225352 0.05545774647887324 0.0710093896713615 
0 0.922975352112676 0.8303990610328639 0.0528169014084507 0.06455399061032864 
0 0.9504841549295775 0.04606807511737089 0.09639084507042253 0.06631455399061033 
0 0.6870598591549296 0.031103286384976527 0.14348591549295775 0.06103286384976526 
0 0.30149647887323944 0.2934272300469484 0.07658450704225352 0.10328638497652583 
0 0.501100352112676 0.198943661971831 0.06382042253521127 0.07276995305164319 
0 0.7108274647887324 0.3119131455399061 0.05457746478873239 0.10622065727699531 
0 0.6170774647887324 0.897593896713615 0.13732394366197184 0.07805164319248827 
0 0.9669894366197183 0.8987676056338029 0.040492957746478875 0.06631455399061033 
0 0.29555457746478875 0.8967136150234741 0.14392605633802816 0.08568075117370892 
0 0.9764524647887324 0.3189553990610329 0.04709507042253521 0.10856807511737089 
0 0.8336267605633803 0.03609154929577465 0.12588028169014084 0.061619718309859156 
0 0.6324823943661971 0.30369718309859156 0.07570422535211267 0.11326291079812206 
0 0.32768485915492956 0.4119718309859155 0.0840669014084507 0.1255868544600939 
0 0.14568661971830985 0.698650234741784 0.15845070422535212 0.0897887323943662 
0 0.4564260563380282 0.7972417840375586 0.1487676056338028 0.0897887323943662 
0 0.8265845070422535 0.43339201877934275 0.061619718309859156 0.11326291079812206 
0 0.5103433098591549 0.2963615023474178 0.07790492957746478 0.11854460093896714 
0 0.4548855633802817 0.8943661971830986 0.15360915492957747 0.08098591549295775 
0 0.8340669014084507 0.3089788732394366 0.07394366197183098 0.12147887323943662 
0 0.13138204225352113 0.7940140845070423 0.15713028169014084 0.08450704225352113 
0 0.2418573943661972 0.4055164319248826 0.07702464788732394 0.13262910798122066 
0 0.7414172535211268 0.43339201877934275 0.06734154929577464 0.1073943661971831 
0 0.6503080985915493 0.42488262910798125 0.0761443661971831 0.12793427230046947 
0 0.7638644366197183 0.7593896713615024 0.13600352112676056 0.07981220657276995 
0 0.9069102112676056 0.43779342723004694 0.058538732394366196 0.11150234741784038 
0 0.9152728873239436 0.31866197183098594 0.06470070422535211 0.1267605633802817 
0 0.894806338028169 0.7256455399061033 0.032570422535211266 0.06396713615023474 
0 0.9654489436619719 0.7470657276995305 0.05237676056338028 0.08098591549295775 
0 0.5085827464788732 0.4225352112676056 0.07174295774647887 0.11971830985915492 
0 0.4242957746478873 0.4184272300469484 0.07570422535211267 0.12441314553990611 
0 0.7570422535211268 0.8306924882629108 0.13556338028169015 0.07570422535211267 
0 0.029269366197183098 0.7749413145539906 0.05765845070422535 0.11326291079812206 
0 0.866637323943662 0.829518779342723 0.04665492957746479 0.0733568075117371 
0 0.9099911971830986 0.903755868544601 0.04621478873239437 0.06338028169014084 
0 0.6139964788732394 0.8089788732394366 0.13908450704225353 0.08509389671361503 
0 0.2986355633802817 0.79518779342723 0.14040492957746478 0.07981220657276995 
0 0.12830105633802816 0.8981807511737089 0.14656690140845072 0.09800469483568075 
0 0.020026408450704226 0.4017018779342723 0.03917253521126761 0.12147887323943662 
0 0.8642165492957746 0.9002347417840375 0.03389084507042254 0.06807511737089202 
0 0.7706866197183099 0.9061032863849765 0.12940140845070422 0.06572769953051644 
0 0.021786971830985914 0.8940727699530516 0.042693661971830985 0.10622065727699531 
0 0.9773327464788732 0.4413145539906103 0.04533450704225352 0.10915492957746478 
0 0.96875 0.8283450704225352 0.05545774647887324 0.0710093896713615 
0 0.922975352112676 0.8303990610328639 0.0528169014084507 0.06455399061032864 
0 0.9504841549295775 0.04606807511737089 0.09639084507042253 0.06631455399061033 
0 0.6870598591549296 0.031103286384976527 0.14348591549295775 0.06103286384976526 
0 0.30149647887323944 0.2934272300469484 0.07658450704225352 0.10328638497652583 
0 0.501100352112676 0.198943661971831 0.06382042253521127 0.07276995305164319 
0 0.7108274647887324 0.3119131455399061 0.05457746478873239 0.10622065727699531 
0 0.6170774647887324 0.897593896713615 0.13732394366197184 0.07805164319248827 
0 0.9669894366197183 0.8987676056338029 0.040492957746478875 0.06631455399061033 
0 0.29555457746478875 0.8967136150234741 0.14392605633802816 0.08568075117370892 
0 0.9764524647887324 0.3189553990610329 0.04709507042253521 0.10856807511737089 
0 0.8336267605633803 0.03609154929577465 0.12588028169014084 0.061619718309859156 
0 0.6324823943661971 0.30369718309859156 0.07570422535211267 0.11326291079812206 
0 0.32768485915492956 0.4119718309859155 0.0840669014084507 0.1255868544600939 
0 0.14568661971830985 0.698650234741784 0.15845070422535212 0.0897887323943662 
0 0.4564260563380282 0.7972417840375586 0.1487676056338028 0.0897887323943662 
0 0.8265845070422535 0.43339201877934275 0.061619718309859156 0.11326291079812206 
0 0.5103433098591549 0.2963615023474178 0.07790492957746478 0.11854460093896714 
0 0.4548855633802817 0.8943661971830986 0.15360915492957747 0.08098591549295775 
0 0.8340669014084507 0.3089788732394366 0.07394366197183098 0.12147887323943662 
0 0.13138204225352113 0.7940140845070423 0.15713028169014084 0.08450704225352113 
0 0.2418573943661972 0.4055164319248826 0.07702464788732394 0.13262910798122066 
0 0.7414172535211268 0.43339201877934275 0.06734154929577464 0.1073943661971831 
0 0.6503080985915493 0.42488262910798125 0.0761443661971831 0.12793427230046947 
0 0.7638644366197183 0.7593896713615024 0.13600352112676056 0.07981220657276995 
0 0.9069102112676056 0.43779342723004694 0.058538732394366196 0.11150234741784038 
0 0.9152728873239436 0.31866197183098594 0.06470070422535211 0.1267605633802817 
0 0.894806338028169 0.7256455399061033 0.032570422535211266 0.06396713615023474 
0 0.9654489436619719 0.7470657276995305 0.05237676056338028 0.08098591549295775 
0 0.5085827464788732 0.4225352112676056 0.07174295774647887 0.11971830985915492 
0 0.4242957746478873 0.4184272300469484 0.07570422535211267 0.12441314553990611 
0 0.7570422535211268 0.8306924882629108 0.13556338028169015 0.07570422535211267 
0 0.029269366197183098 0.7749413145539906 0.05765845070422535 0.11326291079812206 
0 0.866637323943662 0.829518779342723 0.04665492957746479 0.0733568075117371 
0 0.9099911971830986 0.903755868544601 0.04621478873239437 0.06338028169014084 
0 0.6139964788732394 0.8089788732394366 0.13908450704225353 0.08509389671361503 
0 0.2986355633802817 0.79518779342723 0.14040492957746478 0.07981220657276995 
0 0.12830105633802816 0.8981807511737089 0.14656690140845072 0.09800469483568075 
0 0.020026408450704226 0.4017018779342723 0.03917253521126761 0.12147887323943662 
0 0.8642165492957746 0.9002347417840375 0.03389084507042254 0.06807511737089202 
0 0.7706866197183099 0.9061032863849765 0.12940140845070422 0.06572769953051644 
0 0.021786971830985914 0.8940727699530516 0.042693661971830985 0.10622065727699531 
0 0.9773327464788732 0.4413145539906103 0.04533450704225352 0.10915492957746478 
0 0.96875 0.8283450704225352 0.05545774647887324 0.0710093896713615 
0 0.922975352112676 0.8303990610328639 0.0528169014084507 0.06455399061032864 
0 0.9504841549295775 0.04606807511737089 0.09639084507042253 0.06631455399061033 
0 0.6870598591549296 0.031103286384976527 0.14348591549295775 0.06103286384976526 
0 0.30149647887323944 0.2934272300469484 0.07658450704225352 0.10328638497652583 
0 0.501100352112676 0.198943661971831 0.06382042253521127 0.07276995305164319 
0 0.7108274647887324 0.3119131455399061 0.05457746478873239 0.10622065727699531 
0 0.6170774647887324 0.897593896713615 0.13732394366197184 0.07805164319248827 
0 0.9669894366197183 0.8987676056338029 0.040492957746478875 0.06631455399061033 
0 0.29555457746478875 0.8967136150234741 0.14392605633802816 0.08568075117370892 
0 0.9764524647887324 0.3189553990610329 0.04709507042253521 0.10856807511737089 
0 0.8336267605633803 0.03609154929577465 0.12588028169014084 0.061619718309859156 
0 0.6324823943661971 0.30369718309859156 0.07570422535211267 0.11326291079812206 
0 0.32768485915492956 0.4119718309859155 0.0840669014084507 0.1255868544600939 
0 0.14568661971830985 0.698650234741784 0.15845070422535212 0.0897887323943662 
0 0.4564260563380282 0.7972417840375586 0.1487676056338028 0.0897887323943662 
0 0.8265845070422535 0.43339201877934275 0.061619718309859156 0.11326291079812206 
0 0.5103433098591549 0.2963615023474178 0.07790492957746478 0.11854460093896714 
0 0.4548855633802817 0.8943661971830986 0.15360915492957747 0.08098591549295775 
0 0.8340669014084507 0.3089788732394366 0.07394366197183098 0.12147887323943662 
0 0.13138204225352113 0.7940140845070423 0.15713028169014084 0.08450704225352113 
0 0.2418573943661972 0.4055164319248826 0.07702464788732394 0.13262910798122066 
0 0.7414172535211268 0.43339201877934275 0.06734154929577464 0.1073943661971831 
0 0.6503080985915493 0.42488262910798125 0.0761443661971831 0.12793427230046947 
0 0.7638644366197183 0.7593896713615024 0.13600352112676056 0.07981220657276995 
0 0.9069102112676056 0.43779342723004694 0.058538732394366196 0.11150234741784038 
0 0.9152728873239436 0.31866197183098594 0.06470070422535211 0.1267605633802817 
0 0.894806338028169 0.7256455399061033 0.032570422535211266 0.06396713615023474 
0 0.9654489436619719 0.7470657276995305 0.05237676056338028 0.08098591549295775 
0 0.5085827464788732 0.4225352112676056 0.07174295774647887 0.11971830985915492 
0 0.4242957746478873 0.4184272300469484 0.07570422535211267 0.12441314553990611 
0 0.7570422535211268 0.8306924882629108 0.13556338028169015 0.07570422535211267 
0 0.029269366197183098 0.7749413145539906 0.05765845070422535 0.11326291079812206 
