0 0.6747359154929577 0.8034037558685446 0.1936619718309859 0.30985915492957744 
0 0.9269366197183099 0.28726525821596244 0.136443661971831 0.09683098591549295 
0 0.9304577464788732 0.38879107981220656 0.13380281690140844 0.08274647887323944 
0 0.3331866197183099 0.5927230046948356 0.15140845070422534 0.06338028169014084 
0 0.040492957746478875 0.6552230046948356 0.06602112676056338 0.08509389671361503 
0 0.09925176056338028 0.2778755868544601 0.15184859154929578 0.08744131455399061 
0 0.4295774647887324 0.1687206572769953 0.16725352112676056 0.0897887323943662 
0 0.09308978873239436 0.1742957746478873 0.16153169014084506 0.09741784037558686 
0 0.8789612676056338 0.8251173708920188 0.22095070422535212 0.29107981220657275 
0 0.42077464788732394 0.2749413145539906 0.16461267605633803 0.09683098591549295 
0 0.4742517605633803 0.7632042253521126 0.20026408450704225 0.35269953051643194 
0 0.06227992957746479 0.7256455399061033 0.06382042253521127 0.0721830985915493 
0 0.09903169014084508 0.36913145539906106 0.14964788732394366 0.08568075117370892 
0 0.5915492957746479 0.38086854460093894 0.15845070422535212 0.08215962441314555 
0 0.5917693661971831 0.2793427230046948 0.16065140845070422 0.10328638497652583 
0 0.8177816901408451 0.6314553990610329 0.1505281690140845 0.06690140845070422 
0 0.26034330985915494 0.36913145539906106 0.14040492957746478 0.0903755868544601 
0 0.7678257042253521 0.28433098591549294 0.167693661971831 0.09330985915492958 
0 0.41879401408450706 0.38086854460093894 0.1544894366197183 0.09741784037558686 
0 0.7612235915492958 0.3814553990610329 0.1624119718309859 0.0903755868544601 
0 0.07086267605633803 0.8617957746478874 0.11355633802816902 0.20481220657276994 
0 0.265625 0.26085680751173707 0.1430457746478873 0.10387323943661972 
0 0.24405809859154928 0.7893192488262911 0.20026408450704225 0.31338028169014087 
0 0.6747359154929577 0.8034037558685446 0.1936619718309859 0.30985915492957744 
0 0.9269366197183099 0.28726525821596244 0.136443661971831 0.09683098591549295 
0 0.9304577464788732 0.38879107981220656 0.13380281690140844 0.08274647887323944 
0 0.3331866197183099 0.5927230046948356 0.15140845070422534 0.06338028169014084 
0 0.040492957746478875 0.6552230046948356 0.06602112676056338 0.08509389671361503 
0 0.09925176056338028 0.2778755868544601 0.15184859154929578 0.08744131455399061 
0 0.4295774647887324 0.1687206572769953 0.16725352112676056 0.0897887323943662 
0 0.09308978873239436 0.1742957746478873 0.16153169014084506 0.09741784037558686 
0 0.8789612676056338 0.8251173708920188 0.22095070422535212 0.29107981220657275 
0 0.42077464788732394 0.2749413145539906 0.16461267605633803 0.09683098591549295 
0 0.4742517605633803 0.7632042253521126 0.20026408450704225 0.35269953051643194 
0 0.06227992957746479 0.7256455399061033 0.06382042253521127 0.0721830985915493 
0 0.09903169014084508 0.36913145539906106 0.14964788732394366 0.08568075117370892 
0 0.5915492957746479 0.38086854460093894 0.15845070422535212 0.08215962441314555 
0 0.5917693661971831 0.2793427230046948 0.16065140845070422 0.10328638497652583 
0 0.8177816901408451 0.6314553990610329 0.1505281690140845 0.06690140845070422 
0 0.26034330985915494 0.36913145539906106 0.14040492957746478 0.0903755868544601 
0 0.7678257042253521 0.28433098591549294 0.167693661971831 0.09330985915492958 
0 0.41879401408450706 0.38086854460093894 0.1544894366197183 0.09741784037558686 
0 0.7612235915492958 0.3814553990610329 0.1624119718309859 0.0903755868544601 
0 0.07086267605633803 0.8617957746478874 0.11355633802816902 0.20481220657276994 
0 0.265625 0.26085680751173707 0.1430457746478873 0.10387323943661972 
0 0.24405809859154928 0.7893192488262911 0.20026408450704225 0.31338028169014087 
0 0.6747359154929577 0.8034037558685446 0.1936619718309859 0.30985915492957744 
0 0.9269366197183099 0.28726525821596244 0.136443661971831 0.09683098591549295 
0 0.9304577464788732 0.38879107981220656 0.13380281690140844 0.08274647887323944 
0 0.3331866197183099 0.5927230046948356 0.15140845070422534 0.06338028169014084 
0 0.040492957746478875 0.6552230046948356 0.06602112676056338 0.08509389671361503 
0 0.09925176056338028 0.2778755868544601 0.15184859154929578 0.08744131455399061 
0 0.4295774647887324 0.1687206572769953 0.16725352112676056 0.0897887323943662 
0 0.09308978873239436 0.1742957746478873 0.16153169014084506 0.09741784037558686 
0 0.8789612676056338 0.8251173708920188 0.22095070422535212 0.29107981220657275 
0 0.42077464788732394 0.2749413145539906 0.16461267605633803 0.09683098591549295 
0 0.4742517605633803 0.7632042253521126 0.20026408450704225 0.35269953051643194 
0 0.06227992957746479 0.7256455399061033 0.06382042253521127 0.0721830985915493 
0 0.09903169014084508 0.36913145539906106 0.14964788732394366 0.08568075117370892 
0 0.5915492957746479 0.38086854460093894 0.15845070422535212 0.08215962441314555 
0 0.5917693661971831 0.2793427230046948 0.16065140845070422 0.10328638497652583 
0 0.8177816901408451 0.6314553990610329 0.1505281690140845 0.06690140845070422 
0 0.26034330985915494 0.36913145539906106 0.14040492957746478 0.0903755868544601 
0 0.7678257042253521 0.28433098591549294 0.167693661971831 0.09330985915492958 
0 0.41879401408450706 0.38086854460093894 0.1544894366197183 0.09741784037558686 
0 0.7612235915492958 0.3814553990610329 0.1624119718309859 0.0903755868544601 
0 0.07086267605633803 0.8617957746478874 0.11355633802816902 0.20481220657276994 
0 0.265625 0.26085680751173707 0.1430457746478873 0.10387323943661972 
0 0.24405809859154928 0.7893192488262911 0.20026408450704225 0.31338028169014087 
