0 0.07702464788732394 0.465962441314554 0.14084507042253522 0.09741784037558686 
0 0.7455985915492958 0.7206572769953051 0.05897887323943662 0.11854460093896714 
0 0.5970510563380281 0.7376760563380281 0.05237676056338028 0.14788732394366197 
0 0.7792693661971831 0.8632629107981221 0.06998239436619719 0.1467136150234742 
0 0.43838028169014087 0.8829225352112676 0.09683098591549295 0.1414319248826291 
0 0.10629401408450705 0.7693661971830986 0.11663732394366197 0.07981220657276995 
0 0.09463028169014084 0.14788732394366197 0.1698943661971831 0.09741784037558686 
0 0.09837147887323944 0.8497652582159625 0.12367957746478873 0.05868544600938967 
0 0.6516285211267606 0.8867370892018779 0.07086267605633803 0.13028169014084506 
0 0.9529049295774648 0.8500586854460094 0.08626760563380281 0.18368544600938966 
0 0.10959507042253522 0.36032863849765256 0.09859154929577464 0.06455399061032864 
0 0.10387323943661972 0.9110915492957746 0.13556338028169015 0.056924882629107984 
0 0.9610475352112676 0.20129107981220656 0.07526408450704225 0.08333333333333333 
0 0.5338908450704225 0.8650234741784038 0.07042253521126761 0.13380281690140844 
0 0.6595510563380281 0.766725352112676 0.06910211267605634 0.13908450704225353 
0 0.48701584507042256 0.4753521126760563 0.08054577464788733 0.11971830985915492 
0 0.2266725352112676 0.48034037558685444 0.1311619718309859 0.08744131455399061 
0 0.42143485915492956 0.7291666666666666 0.07350352112676056 0.1402582159624413 
0 0.34837147887323944 0.3430164319248826 0.08934859154929578 0.13321596244131456 
0 0.3457306338028169 0.4671361502347418 0.08230633802816902 0.12910798122065728 
0 0.2706866197183099 0.1552230046948357 0.15845070422535212 0.08626760563380281 
0 0.6283010563380281 0.17077464788732394 0.18441901408450703 0.107981220657277 
0 0.273987676056338 0.0528169014084507 0.16329225352112675 0.0903755868544601 
0 0.8204225352112676 0.18632629107981222 0.17781690140845072 0.09213615023474178 
0 0.43309859154929575 0.1619718309859155 0.16285211267605634 0.09389671361502347 
0 0.48899647887323944 0.34419014084507044 0.08538732394366197 0.13086854460093897 
0 0.44432218309859156 0.06279342723004695 0.15889084507042253 0.0892018779342723 
0 0.230193661971831 0.38086854460093894 0.1329225352112676 0.09154929577464789 
0 0.6331426056338029 0.059565727699530516 0.17297535211267606 0.10152582159624413 
0 0.6331426056338029 0.35710093896713613 0.07966549295774648 0.11795774647887323 
0 0.08538732394366197 0.04460093896713615 0.15845070422535212 0.0880281690140845 
0 0.6318221830985915 0.48034037558685444 0.08054577464788733 0.11208920187793427 
0 0.8375880281690141 0.0710093896713615 0.17341549295774647 0.11502347417840375 
0 0.07702464788732394 0.465962441314554 0.14084507042253522 0.09741784037558686 
0 0.7455985915492958 0.7206572769953051 0.05897887323943662 0.11854460093896714 
0 0.5970510563380281 0.7376760563380281 0.05237676056338028 0.14788732394366197 
0 0.7792693661971831 0.8632629107981221 0.06998239436619719 0.1467136150234742 
0 0.43838028169014087 0.8829225352112676 0.09683098591549295 0.1414319248826291 
0 0.10629401408450705 0.7693661971830986 0.11663732394366197 0.07981220657276995 
0 0.09463028169014084 0.14788732394366197 0.1698943661971831 0.09741784037558686 
0 0.09837147887323944 0.8497652582159625 0.12367957746478873 0.05868544600938967 
0 0.6516285211267606 0.8867370892018779 0.07086267605633803 0.13028169014084506 
0 0.9529049295774648 0.8500586854460094 0.08626760563380281 0.18368544600938966 
0 0.10959507042253522 0.36032863849765256 0.09859154929577464 0.06455399061032864 
0 0.10387323943661972 0.9110915492957746 0.13556338028169015 0.056924882629107984 
0 0.9610475352112676 0.20129107981220656 0.07526408450704225 0.08333333333333333 
0 0.5338908450704225 0.8650234741784038 0.07042253521126761 0.13380281690140844 
0 0.6595510563380281 0.766725352112676 0.06910211267605634 0.13908450704225353 
0 0.48701584507042256 0.4753521126760563 0.08054577464788733 0.11971830985915492 
0 0.2266725352112676 0.48034037558685444 0.1311619718309859 0.08744131455399061 
0 0.42143485915492956 0.7291666666666666 0.07350352112676056 0.1402582159624413 
0 0.34837147887323944 0.3430164319248826 0.08934859154929578 0.13321596244131456 
0 0.3457306338028169 0.4671361502347418 0.08230633802816902 0.12910798122065728 
0 0.2706866197183099 0.1552230046948357 0.15845070422535212 0.08626760563380281 
0 0.6283010563380281 0.17077464788732394 0.18441901408450703 0.107981220657277 
0 0.273987676056338 0.0528169014084507 0.16329225352112675 0.0903755868544601 
0 0.8204225352112676 0.18632629107981222 0.17781690140845072 0.09213615023474178 
0 0.43309859154929575 0.1619718309859155 0.16285211267605634 0.09389671361502347 
0 0.48899647887323944 0.34419014084507044 0.08538732394366197 0.13086854460093897 
0 0.44432218309859156 0.06279342723004695 0.15889084507042253 0.0892018779342723 
0 0.230193661971831 0.38086854460093894 0.1329225352112676 0.09154929577464789 
0 0.6331426056338029 0.059565727699530516 0.17297535211267606 0.10152582159624413 
0 0.6331426056338029 0.35710093896713613 0.07966549295774648 0.11795774647887323 
0 0.08538732394366197 0.04460093896713615 0.15845070422535212 0.0880281690140845 
0 0.6318221830985915 0.48034037558685444 0.08054577464788733 0.11208920187793427 
0 0.8375880281690141 0.0710093896713615 0.17341549295774647 0.11502347417840375 
0 0.07702464788732394 0.465962441314554 0.14084507042253522 0.09741784037558686 
0 0.7455985915492958 0.7206572769953051 0.05897887323943662 0.11854460093896714 
0 0.5970510563380281 0.7376760563380281 0.05237676056338028 0.14788732394366197 
0 0.7792693661971831 0.8632629107981221 0.06998239436619719 0.1467136150234742 
0 0.43838028169014087 0.8829225352112676 0.09683098591549295 0.1414319248826291 
0 0.10629401408450705 0.7693661971830986 0.11663732394366197 0.07981220657276995 
0 0.09463028169014084 0.14788732394366197 0.1698943661971831 0.09741784037558686 
0 0.09837147887323944 0.8497652582159625 0.12367957746478873 0.05868544600938967 
0 0.6516285211267606 0.8867370892018779 0.07086267605633803 0.13028169014084506 
0 0.9529049295774648 0.8500586854460094 0.08626760563380281 0.18368544600938966 
0 0.10959507042253522 0.36032863849765256 0.09859154929577464 0.06455399061032864 
0 0.10387323943661972 0.9110915492957746 0.13556338028169015 0.056924882629107984 
0 0.9610475352112676 0.20129107981220656 0.07526408450704225 0.08333333333333333 
0 0.5338908450704225 0.8650234741784038 0.07042253521126761 0.13380281690140844 
0 0.6595510563380281 0.766725352112676 0.06910211267605634 0.13908450704225353 
0 0.48701584507042256 0.4753521126760563 0.08054577464788733 0.11971830985915492 
0 0.2266725352112676 0.48034037558685444 0.1311619718309859 0.08744131455399061 
0 0.42143485915492956 0.7291666666666666 0.07350352112676056 0.1402582159624413 
0 0.34837147887323944 0.3430164319248826 0.08934859154929578 0.13321596244131456 
0 0.3457306338028169 0.4671361502347418 0.08230633802816902 0.12910798122065728 
0 0.2706866197183099 0.1552230046948357 0.15845070422535212 0.08626760563380281 
0 0.6283010563380281 0.17077464788732394 0.18441901408450703 0.107981220657277 
0 0.273987676056338 0.0528169014084507 0.16329225352112675 0.0903755868544601 
0 0.8204225352112676 0.18632629107981222 0.17781690140845072 0.09213615023474178 
0 0.43309859154929575 0.1619718309859155 0.16285211267605634 0.09389671361502347 
0 0.48899647887323944 0.34419014084507044 0.08538732394366197 0.13086854460093897 
0 0.44432218309859156 0.06279342723004695 0.15889084507042253 0.0892018779342723 
0 0.230193661971831 0.38086854460093894 0.1329225352112676 0.09154929577464789 
0 0.6331426056338029 0.059565727699530516 0.17297535211267606 0.10152582159624413 
0 0.6331426056338029 0.35710093896713613 0.07966549295774648 0.11795774647887323 
0 0.08538732394366197 0.04460093896713615 0.15845070422535212 0.0880281690140845 
0 0.6318221830985915 0.48034037558685444 0.08054577464788733 0.11208920187793427 
0 0.8375880281690141 0.0710093896713615 0.17341549295774647 0.11502347417840375 
