0 0.6624119718309859 0.835387323943662 0.13732394366197184 0.09448356807511737 
0 0.5178257042253521 0.8656103286384976 0.15272887323943662 0.06807511737089202 
0 0.5079225352112676 0.9401408450704225 0.14964788732394366 0.06690140845070422 
0 0.9326584507042254 0.9354460093896714 0.13468309859154928 0.06338028169014084 
0 0.355193661971831 0.8714788732394366 0.16549295774647887 0.0528169014084507 
0 0.6637323943661971 0.9348591549295775 0.13028169014084506 0.0715962441314554 
0 0.3457306338028169 0.9439553990610329 0.15889084507042253 0.06866197183098592 
0 0.08560739436619719 0.9055164319248826 0.09903169014084508 0.04460093896713615 
0 0.06007922535211268 0.056338028169014086 0.1192781690140845 0.09859154929577464 
0 0.811399647887324 0.7822769953051644 0.13600352112676056 0.09272300469483569 
0 0.8076584507042254 0.869131455399061 0.12235915492957747 0.07276995305164319 
0 0.9381602112676056 0.8661971830985915 0.11663732394366197 0.05985915492957746 
0 0.08648767605633803 0.522593896713615 0.14216549295774647 0.061619718309859156 
0 0.09220950704225352 0.9559859154929577 0.11223591549295775 0.03873239436619718 
0 0.20444542253521128 0.9181338028169014 0.11223591549295775 0.03697183098591549 
0 0.20422535211267606 0.9609741784037559 0.11355633802816902 0.03345070422535211 
0 0.7475792253521126 0.34419014084507044 0.05941901408450704 0.13438967136150234 
0 0.08648767605633803 0.8591549295774648 0.09727112676056338 0.04225352112676056 
0 0.9546654929577465 0.505868544600939 0.09066901408450705 0.16666666666666666 
0 0.7942341549295775 0.9463028169014085 0.12367957746478873 0.06396713615023474 
0 0.198943661971831 0.8670774647887324 0.10299295774647887 0.04284037558685446 
0 0.4110915492957746 0.34976525821596244 0.09507042253521127 0.13849765258215962 
0 0.7706866197183099 0.49119718309859156 0.06426056338028169 0.13732394366197184 
0 0.4308978873239437 0.5044014084507042 0.10475352112676056 0.14730046948356806 
0 0.3347271126760563 0.06073943661971831 0.08582746478873239 0.12030516431924883 
0 0.0743838028169014 0.7767018779342723 0.125 0.11208920187793427 
0 0.5286091549295775 0.767018779342723 0.15933098591549297 0.12323943661971831 
0 0.20290492957746478 0.6968896713615024 0.09683098591549295 0.05457746478873239 
0 0.5248679577464789 0.4903169014084507 0.06998239436619719 0.15434272300469484 
0 0.07790492957746478 0.45715962441314556 0.13908450704225353 0.0539906103286385 
0 0.2055457746478873 0.7846244131455399 0.1153169014084507 0.1056338028169014 
0 0.6371038732394366 0.08480046948356808 0.09286971830985916 0.13791079812206572 
0 0.6553697183098591 0.3785211267605634 0.06778169014084508 0.14553990610328638 
0 0.6461267605633803 0.5190727699530516 0.06338028169014084 0.11795774647887323 
0 0.4823943661971831 0.06778169014084508 0.0801056338028169 0.13438967136150234 
0 0.08164612676056338 0.3796948356807512 0.13336267605633803 0.09154929577464789 
0 0.5897887323943662 0.36561032863849763 0.05457746478873239 0.13615023474178403 
0 0.9427816901408451 0.7769953051643192 0.1073943661971831 0.10328638497652583 
0 0.20400528169014084 0.06103286384976526 0.14392605633802816 0.107981220657277 
0 0.5860475352112676 0.49061032863849763 0.0409330985915493 0.11267605633802817 
0 0.3529929577464789 0.778169014084507 0.16285211267605634 0.12206572769953052 
0 0.6624119718309859 0.835387323943662 0.13732394366197184 0.09448356807511737 
0 0.5178257042253521 0.8656103286384976 0.15272887323943662 0.06807511737089202 
0 0.5079225352112676 0.9401408450704225 0.14964788732394366 0.06690140845070422 
0 0.9326584507042254 0.9354460093896714 0.13468309859154928 0.06338028169014084 
0 0.355193661971831 0.8714788732394366 0.16549295774647887 0.0528169014084507 
0 0.6637323943661971 0.9348591549295775 0.13028169014084506 0.0715962441314554 
0 0.3457306338028169 0.9439553990610329 0.15889084507042253 0.06866197183098592 
0 0.08560739436619719 0.9055164319248826 0.09903169014084508 0.04460093896713615 
0 0.06007922535211268 0.056338028169014086 0.1192781690140845 0.09859154929577464 
0 0.811399647887324 0.7822769953051644 0.13600352112676056 0.09272300469483569 
0 0.8076584507042254 0.869131455399061 0.12235915492957747 0.07276995305164319 
0 0.9381602112676056 0.8661971830985915 0.11663732394366197 0.05985915492957746 
0 0.08648767605633803 0.522593896713615 0.14216549295774647 0.061619718309859156 
0 0.09220950704225352 0.9559859154929577 0.11223591549295775 0.03873239436619718 
0 0.20444542253521128 0.9181338028169014 0.11223591549295775 0.03697183098591549 
0 0.20422535211267606 0.9609741784037559 0.11355633802816902 0.03345070422535211 
0 0.7475792253521126 0.34419014084507044 0.05941901408450704 0.13438967136150234 
0 0.08648767605633803 0.8591549295774648 0.09727112676056338 0.04225352112676056 
0 0.9546654929577465 0.505868544600939 0.09066901408450705 0.16666666666666666 
0 0.7942341549295775 0.9463028169014085 0.12367957746478873 0.06396713615023474 
0 0.198943661971831 0.8670774647887324 0.10299295774647887 0.04284037558685446 
0 0.4110915492957746 0.34976525821596244 0.09507042253521127 0.13849765258215962 
0 0.7706866197183099 0.49119718309859156 0.06426056338028169 0.13732394366197184 
0 0.4308978873239437 0.5044014084507042 0.10475352112676056 0.14730046948356806 
0 0.3347271126760563 0.06073943661971831 0.08582746478873239 0.12030516431924883 
0 0.0743838028169014 0.7767018779342723 0.125 0.11208920187793427 
0 0.5286091549295775 0.767018779342723 0.15933098591549297 0.12323943661971831 
0 0.20290492957746478 0.6968896713615024 0.09683098591549295 0.05457746478873239 
0 0.5248679577464789 0.4903169014084507 0.06998239436619719 0.15434272300469484 
0 0.07790492957746478 0.45715962441314556 0.13908450704225353 0.0539906103286385 
0 0.2055457746478873 0.7846244131455399 0.1153169014084507 0.1056338028169014 
0 0.6371038732394366 0.08480046948356808 0.09286971830985916 0.13791079812206572 
0 0.6553697183098591 0.3785211267605634 0.06778169014084508 0.14553990610328638 
0 0.6461267605633803 0.5190727699530516 0.06338028169014084 0.11795774647887323 
0 0.4823943661971831 0.06778169014084508 0.0801056338028169 0.13438967136150234 
0 0.08164612676056338 0.3796948356807512 0.13336267605633803 0.09154929577464789 
0 0.5897887323943662 0.36561032863849763 0.05457746478873239 0.13615023474178403 
0 0.9427816901408451 0.7769953051643192 0.1073943661971831 0.10328638497652583 
0 0.20400528169014084 0.06103286384976526 0.14392605633802816 0.107981220657277 
0 0.5860475352112676 0.49061032863849763 0.0409330985915493 0.11267605633802817 
0 0.3529929577464789 0.778169014084507 0.16285211267605634 0.12206572769953052 
0 0.6624119718309859 0.835387323943662 0.13732394366197184 0.09448356807511737 
0 0.5178257042253521 0.8656103286384976 0.15272887323943662 0.06807511737089202 
0 0.5079225352112676 0.9401408450704225 0.14964788732394366 0.06690140845070422 
0 0.9326584507042254 0.9354460093896714 0.13468309859154928 0.06338028169014084 
0 0.355193661971831 0.8714788732394366 0.16549295774647887 0.0528169014084507 
0 0.6637323943661971 0.9348591549295775 0.13028169014084506 0.0715962441314554 
0 0.3457306338028169 0.9439553990610329 0.15889084507042253 0.06866197183098592 
0 0.08560739436619719 0.9055164319248826 0.09903169014084508 0.04460093896713615 
0 0.06007922535211268 0.056338028169014086 0.1192781690140845 0.09859154929577464 
0 0.811399647887324 0.7822769953051644 0.13600352112676056 0.09272300469483569 
0 0.8076584507042254 0.869131455399061 0.12235915492957747 0.07276995305164319 
0 0.9381602112676056 0.8661971830985915 0.11663732394366197 0.05985915492957746 
0 0.08648767605633803 0.522593896713615 0.14216549295774647 0.061619718309859156 
0 0.09220950704225352 0.9559859154929577 0.11223591549295775 0.03873239436619718 
0 0.20444542253521128 0.9181338028169014 0.11223591549295775 0.03697183098591549 
0 0.20422535211267606 0.9609741784037559 0.11355633802816902 0.03345070422535211 
0 0.7475792253521126 0.34419014084507044 0.05941901408450704 0.13438967136150234 
0 0.08648767605633803 0.8591549295774648 0.09727112676056338 0.04225352112676056 
0 0.9546654929577465 0.505868544600939 0.09066901408450705 0.16666666666666666 
0 0.7942341549295775 0.9463028169014085 0.12367957746478873 0.06396713615023474 
0 0.198943661971831 0.8670774647887324 0.10299295774647887 0.04284037558685446 
0 0.4110915492957746 0.34976525821596244 0.09507042253521127 0.13849765258215962 
0 0.7706866197183099 0.49119718309859156 0.06426056338028169 0.13732394366197184 
0 0.4308978873239437 0.5044014084507042 0.10475352112676056 0.14730046948356806 
0 0.3347271126760563 0.06073943661971831 0.08582746478873239 0.12030516431924883 
0 0.0743838028169014 0.7767018779342723 0.125 0.11208920187793427 
0 0.5286091549295775 0.767018779342723 0.15933098591549297 0.12323943661971831 
0 0.20290492957746478 0.6968896713615024 0.09683098591549295 0.05457746478873239 
0 0.5248679577464789 0.4903169014084507 0.06998239436619719 0.15434272300469484 
0 0.07790492957746478 0.45715962441314556 0.13908450704225353 0.0539906103286385 
0 0.2055457746478873 0.7846244131455399 0.1153169014084507 0.1056338028169014 
0 0.6371038732394366 0.08480046948356808 0.09286971830985916 0.13791079812206572 
0 0.6553697183098591 0.3785211267605634 0.06778169014084508 0.14553990610328638 
0 0.6461267605633803 0.5190727699530516 0.06338028169014084 0.11795774647887323 
0 0.4823943661971831 0.06778169014084508 0.0801056338028169 0.13438967136150234 
0 0.08164612676056338 0.3796948356807512 0.13336267605633803 0.09154929577464789 
0 0.5897887323943662 0.36561032863849763 0.05457746478873239 0.13615023474178403 
0 0.9427816901408451 0.7769953051643192 0.1073943661971831 0.10328638497652583 
0 0.20400528169014084 0.06103286384976526 0.14392605633802816 0.107981220657277 
0 0.5860475352112676 0.49061032863849763 0.0409330985915493 0.11267605633802817 
0 0.3529929577464789 0.778169014084507 0.16285211267605634 0.12206572769953052 
