0 0.9507042253521126 0.2409037558685446 0.09859154929577464 0.07570422535211267 
0 0.9535651408450704 0.14964788732394366 0.09286971830985916 0.08450704225352113 
0 0.9502640845070423 0.545481220657277 0.0897887323943662 0.06866197183098592 
0 0.7125880281690141 0.931631455399061 0.06602112676056338 0.1273474178403756 
0 0.9533450704225352 0.05868544600938967 0.08098591549295775 0.0880281690140845 
0 0.8849031690140845 0.95481220657277 0.06294014084507042 0.10093896713615023 
0 0.8087588028169014 0.9474765258215962 0.0664612676056338 0.1073943661971831 
0 0.6727552816901409 0.44454225352112675 0.144806338028169 0.10035211267605634 
0 0.6161971830985915 0.9354460093896714 0.06602112676056338 0.11854460093896714 
0 0.203125 0.9269366197183099 0.08054577464788733 0.13791079812206572 
0 0.2902728873239437 0.931631455399061 0.07966549295774648 0.13556338028169015 
0 0.9705105633802817 0.8873239436619719 0.05897887323943662 0.1983568075117371 
0 0.6366637323943662 0.03227699530516432 0.16329225352112675 0.0539906103286385 
0 0.3886443661971831 0.9310446009389671 0.0818661971830986 0.12852112676056338 
0 0.4709507042253521 0.9419014084507042 0.07042253521126761 0.10915492957746478 
0 0.6987235915492958 0.7907863849765259 0.07262323943661972 0.15434272300469484 
0 0.8151408450704225 0.8113262910798122 0.06602112676056338 0.12030516431924883 
0 0.9522447183098591 0.45980046948356806 0.08846830985915492 0.06748826291079812 
0 0.30391725352112675 0.06954225352112677 0.1914612676056338 0.12147887323943662 
0 0.26298415492957744 0.7925469483568075 0.0682218309859155 0.11208920187793427 
0 0.30985915492957744 0.18544600938967137 0.1936619718309859 0.12089201877934272 
0 0.6040933098591549 0.7852112676056338 0.0743838028169014 0.1443661971830986 
0 0.23877640845070422 0.5193661971830986 0.20818661971830985 0.08333333333333333 
0 0.8184419014084507 0.1329225352112676 0.15889084507042253 0.08392018779342723 
0 0.6727552816901409 0.5407863849765259 0.14920774647887325 0.08157276995305164 
0 0.8109595070422535 0.2262323943661972 0.15096830985915494 0.08039906103286384 
0 0.23283450704225353 0.4198943661971831 0.2068661971830986 0.08509389671361503 
0 0.8351672535211268 0.44923708920187794 0.14392605633802816 0.08509389671361503 
0 0.8210827464788732 0.5434272300469484 0.1324823943661972 0.07629107981220658 
0 0.480193661971831 0.8254107981220657 0.07394366197183098 0.1402582159624413 
0 0.6426056338028169 0.12030516431924883 0.16109154929577466 0.09154929577464789 
0 0.4863556338028169 0.5319835680751174 0.19278169014084506 0.08626760563380281 
0 0.4689700704225352 0.4354460093896714 0.1800176056338028 0.07863849765258216 
0 0.09925176056338028 0.18045774647887325 0.19762323943661972 0.09800469483568075 
0 0.9036091549295775 0.8280516431924883 0.06954225352112677 0.12206572769953052 
0 0.8180017605633803 0.04107981220657277 0.14568661971830985 0.07394366197183098 
0 0.6432658450704225 0.2177230046948357 0.16153169014084506 0.07511737089201878 
0 0.9507042253521126 0.2409037558685446 0.09859154929577464 0.07570422535211267 
0 0.9535651408450704 0.14964788732394366 0.09286971830985916 0.08450704225352113 
0 0.9502640845070423 0.545481220657277 0.0897887323943662 0.06866197183098592 
0 0.7125880281690141 0.931631455399061 0.06602112676056338 0.1273474178403756 
0 0.9533450704225352 0.05868544600938967 0.08098591549295775 0.0880281690140845 
0 0.8849031690140845 0.95481220657277 0.06294014084507042 0.10093896713615023 
0 0.8087588028169014 0.9474765258215962 0.0664612676056338 0.1073943661971831 
0 0.6727552816901409 0.44454225352112675 0.144806338028169 0.10035211267605634 
0 0.6161971830985915 0.9354460093896714 0.06602112676056338 0.11854460093896714 
0 0.203125 0.9269366197183099 0.08054577464788733 0.13791079812206572 
0 0.2902728873239437 0.931631455399061 0.07966549295774648 0.13556338028169015 
0 0.9705105633802817 0.8873239436619719 0.05897887323943662 0.1983568075117371 
0 0.6366637323943662 0.03227699530516432 0.16329225352112675 0.0539906103286385 
0 0.3886443661971831 0.9310446009389671 0.0818661971830986 0.12852112676056338 
0 0.4709507042253521 0.9419014084507042 0.07042253521126761 0.10915492957746478 
0 0.6987235915492958 0.7907863849765259 0.07262323943661972 0.15434272300469484 
0 0.8151408450704225 0.8113262910798122 0.06602112676056338 0.12030516431924883 
0 0.9522447183098591 0.45980046948356806 0.08846830985915492 0.06748826291079812 
0 0.30391725352112675 0.06954225352112677 0.1914612676056338 0.12147887323943662 
0 0.26298415492957744 0.7925469483568075 0.0682218309859155 0.11208920187793427 
0 0.30985915492957744 0.18544600938967137 0.1936619718309859 0.12089201877934272 
0 0.6040933098591549 0.7852112676056338 0.0743838028169014 0.1443661971830986 
0 0.23877640845070422 0.5193661971830986 0.20818661971830985 0.08333333333333333 
0 0.8184419014084507 0.1329225352112676 0.15889084507042253 0.08392018779342723 
0 0.6727552816901409 0.5407863849765259 0.14920774647887325 0.08157276995305164 
0 0.8109595070422535 0.2262323943661972 0.15096830985915494 0.08039906103286384 
0 0.23283450704225353 0.4198943661971831 0.2068661971830986 0.08509389671361503 
0 0.8351672535211268 0.44923708920187794 0.14392605633802816 0.08509389671361503 
0 0.8210827464788732 0.5434272300469484 0.1324823943661972 0.07629107981220658 
0 0.480193661971831 0.8254107981220657 0.07394366197183098 0.1402582159624413 
0 0.6426056338028169 0.12030516431924883 0.16109154929577466 0.09154929577464789 
0 0.4863556338028169 0.5319835680751174 0.19278169014084506 0.08626760563380281 
0 0.4689700704225352 0.4354460093896714 0.1800176056338028 0.07863849765258216 
0 0.09925176056338028 0.18045774647887325 0.19762323943661972 0.09800469483568075 
0 0.9036091549295775 0.8280516431924883 0.06954225352112677 0.12206572769953052 
0 0.8180017605633803 0.04107981220657277 0.14568661971830985 0.07394366197183098 
0 0.6432658450704225 0.2177230046948357 0.16153169014084506 0.07511737089201878 
0 0.9507042253521126 0.2409037558685446 0.09859154929577464 0.07570422535211267 
0 0.9535651408450704 0.14964788732394366 0.09286971830985916 0.08450704225352113 
0 0.9502640845070423 0.545481220657277 0.0897887323943662 0.06866197183098592 
0 0.7125880281690141 0.931631455399061 0.06602112676056338 0.1273474178403756 
0 0.9533450704225352 0.05868544600938967 0.08098591549295775 0.0880281690140845 
0 0.8849031690140845 0.95481220657277 0.06294014084507042 0.10093896713615023 
0 0.8087588028169014 0.9474765258215962 0.0664612676056338 0.1073943661971831 
0 0.6727552816901409 0.44454225352112675 0.144806338028169 0.10035211267605634 
0 0.6161971830985915 0.9354460093896714 0.06602112676056338 0.11854460093896714 
0 0.203125 0.9269366197183099 0.08054577464788733 0.13791079812206572 
0 0.2902728873239437 0.931631455399061 0.07966549295774648 0.13556338028169015 
0 0.9705105633802817 0.8873239436619719 0.05897887323943662 0.1983568075117371 
0 0.6366637323943662 0.03227699530516432 0.16329225352112675 0.0539906103286385 
0 0.3886443661971831 0.9310446009389671 0.0818661971830986 0.12852112676056338 
0 0.4709507042253521 0.9419014084507042 0.07042253521126761 0.10915492957746478 
0 0.6987235915492958 0.7907863849765259 0.07262323943661972 0.15434272300469484 
0 0.8151408450704225 0.8113262910798122 0.06602112676056338 0.12030516431924883 
0 0.9522447183098591 0.45980046948356806 0.08846830985915492 0.06748826291079812 
0 0.30391725352112675 0.06954225352112677 0.1914612676056338 0.12147887323943662 
0 0.26298415492957744 0.7925469483568075 0.0682218309859155 0.11208920187793427 
0 0.30985915492957744 0.18544600938967137 0.1936619718309859 0.12089201877934272 
0 0.6040933098591549 0.7852112676056338 0.0743838028169014 0.1443661971830986 
0 0.23877640845070422 0.5193661971830986 0.20818661971830985 0.08333333333333333 
0 0.8184419014084507 0.1329225352112676 0.15889084507042253 0.08392018779342723 
0 0.6727552816901409 0.5407863849765259 0.14920774647887325 0.08157276995305164 
0 0.8109595070422535 0.2262323943661972 0.15096830985915494 0.08039906103286384 
0 0.23283450704225353 0.4198943661971831 0.2068661971830986 0.08509389671361503 
0 0.8351672535211268 0.44923708920187794 0.14392605633802816 0.08509389671361503 
0 0.8210827464788732 0.5434272300469484 0.1324823943661972 0.07629107981220658 
0 0.480193661971831 0.8254107981220657 0.07394366197183098 0.1402582159624413 
0 0.6426056338028169 0.12030516431924883 0.16109154929577466 0.09154929577464789 
0 0.4863556338028169 0.5319835680751174 0.19278169014084506 0.08626760563380281 
0 0.4689700704225352 0.4354460093896714 0.1800176056338028 0.07863849765258216 
0 0.09925176056338028 0.18045774647887325 0.19762323943661972 0.09800469483568075 
0 0.9036091549295775 0.8280516431924883 0.06954225352112677 0.12206572769953052 
0 0.8180017605633803 0.04107981220657277 0.14568661971830985 0.07394366197183098 
0 0.6432658450704225 0.2177230046948357 0.16153169014084506 0.07511737089201878 
