0 0.5684419014084507 0.30633802816901406 0.07262323943661972 0.15258215962441316 
0 0.6714348591549296 0.3060446009389671 0.08846830985915492 0.1449530516431925 
0 0.9403609154929577 0.09683098591549295 0.08582746478873239 0.16784037558685447 
0 0.7585827464788732 0.3001760563380282 0.08846830985915492 0.1449530516431925 
0 0.49053697183098594 0.30927230046948356 0.07262323943661972 0.15258215962441316 
0 0.42077464788732394 0.30134976525821594 0.061619718309859156 0.15082159624413147 
0 0.0761443661971831 0.3245305164319249 0.08626760563380281 0.15492957746478872 
0 0.285431338028169 0.3045774647887324 0.07262323943661972 0.15258215962441316 
0 0.2125880281690141 0.3125 0.061619718309859156 0.15316901408450703 
0 0.15096830985915494 0.31660798122065725 0.061619718309859156 0.15316901408450703 
0 0.8435299295774648 0.2913732394366197 0.08846830985915492 0.1449530516431925 
0 0.35497359154929575 0.30663145539906106 0.06294014084507042 0.14964788732394366 
0 0.9306778169014085 0.30663145539906106 0.08846830985915492 0.1449530516431925 
0 0.040492957746478875 0.7130281690140845 0.0801056338028169 0.13849765258215962 
0 0.13952464788732394 0.522593896713615 0.0625 0.15434272300469484 
0 0.19586267605633803 0.5196596244131455 0.0625 0.15434272300469484 
0 0.2623239436619718 0.5243544600938967 0.0625 0.15434272300469484 
0 0.3265845070422535 0.5261150234741784 0.0625 0.15434272300469484 
0 0.3939260563380282 0.5261150234741784 0.0625 0.15434272300469484 
0 0.5878080985915493 0.5211267605633803 0.07526408450704225 0.15258215962441316 
0 0.6705545774647887 0.5181924882629108 0.07526408450704225 0.15258215962441316 
0 0.7533010563380281 0.5269953051643192 0.07526408450704225 0.15258215962441316 
0 0.8316461267605634 0.5181924882629108 0.07526408450704225 0.15258215962441316 
0 0.9099911971830986 0.5140845070422535 0.07526408450704225 0.15258215962441316 
0 0.9091109154929577 0.5129107981220657 0.07526408450704225 0.15258215962441316 
0 0.851012323943662 0.09507042253521127 0.08582746478873239 0.16784037558685447 
0 0.03939260563380282 0.8984741784037559 0.07790492957746478 0.12793427230046947 
0 0.07658450704225352 0.522593896713615 0.0625 0.15434272300469484 
0 0.7651848591549296 0.08949530516431925 0.08582746478873239 0.16725352112676056 
0 0.4632482394366197 0.5223004694835681 0.07526408450704225 0.15258215962441316 
0 0.5867077464788732 0.08450704225352113 0.07306338028169014 0.16784037558685447 
0 0.35805457746478875 0.7238849765258216 0.07878521126760564 0.15669014084507044 
0 0.4511443661971831 0.7171361502347418 0.0994718309859155 0.15492957746478872 
0 0.8107394366197183 0.7142018779342723 0.07570422535211267 0.15845070422535212 
0 0.7308538732394366 0.7174295774647887 0.08142605633802817 0.14730046948356806 
0 0.2788292253521127 0.7253521126760564 0.07702464788732394 0.1596244131455399 
0 0.12962147887323944 0.7194835680751174 0.06910211267605634 0.1572769953051643 
0 0.6577904929577465 0.7183098591549296 0.06294014084507042 0.1431924882629108 
0 0.8961267605633803 0.7144953051643192 0.07922535211267606 0.14964788732394366 
0 0.9674295774647887 0.7083333333333334 0.06338028169014084 0.15492957746478872 
0 0.2555017605633803 0.9063967136150235 0.1034330985915493 0.1437793427230047 
0 0.7400968309859155 0.9011150234741784 0.07350352112676056 0.13908450704225353 
0 0.8954665492957746 0.8970070422535211 0.08054577464788733 0.13908450704225353 
0 0.460387323943662 0.9084507042253521 0.08538732394366197 0.13615023474178403 
0 0.2051056338028169 0.7230046948356808 0.07482394366197183 0.15492957746478872 
0 0.660431338028169 0.9052230046948356 0.07878521126760564 0.13791079812206572 
0 0.815580985915493 0.8990610328638498 0.07658450704225352 0.13732394366197184 
0 0.5151848591549296 0.08450704225352113 0.06470070422535211 0.16784037558685447 
0 0.44784330985915494 0.09301643192488263 0.06470070422535211 0.16842723004694835 
0 0.3743397887323944 0.09272300469483569 0.05413732394366197 0.16549295774647887 
0 0.31360035211267606 0.09389671361502347 0.05413732394366197 0.16549295774647887 
0 0.24845950704225353 0.10211267605633803 0.05413732394366197 0.16549295774647887 
0 0.6742957746478874 0.08656103286384977 0.09330985915492958 0.16725352112676056 
0 0.11861795774647887 0.10328638497652583 0.05413732394366197 0.16549295774647887 
0 0.05523767605633803 0.1068075117370892 0.0682218309859155 0.1643192488262911 
0 0.9694102112676056 0.8961267605633803 0.061179577464788734 0.14906103286384975 
0 0.37764084507042256 0.9096244131455399 0.07658450704225352 0.14084507042253522 
0 0.16087147887323944 0.9046361502347418 0.07878521126760564 0.14612676056338028 
0 0.18243838028169015 0.10211267605633803 0.05413732394366197 0.16549295774647887 
0 0.5684419014084507 0.30633802816901406 0.07262323943661972 0.15258215962441316 
0 0.6714348591549296 0.3060446009389671 0.08846830985915492 0.1449530516431925 
0 0.9403609154929577 0.09683098591549295 0.08582746478873239 0.16784037558685447 
0 0.7585827464788732 0.3001760563380282 0.08846830985915492 0.1449530516431925 
0 0.49053697183098594 0.30927230046948356 0.07262323943661972 0.15258215962441316 
0 0.42077464788732394 0.30134976525821594 0.061619718309859156 0.15082159624413147 
0 0.0761443661971831 0.3245305164319249 0.08626760563380281 0.15492957746478872 
0 0.285431338028169 0.3045774647887324 0.07262323943661972 0.15258215962441316 
0 0.2125880281690141 0.3125 0.061619718309859156 0.15316901408450703 
0 0.15096830985915494 0.31660798122065725 0.061619718309859156 0.15316901408450703 
0 0.8435299295774648 0.2913732394366197 0.08846830985915492 0.1449530516431925 
0 0.35497359154929575 0.30663145539906106 0.06294014084507042 0.14964788732394366 
0 0.9306778169014085 0.30663145539906106 0.08846830985915492 0.1449530516431925 
0 0.040492957746478875 0.7130281690140845 0.0801056338028169 0.13849765258215962 
0 0.13952464788732394 0.522593896713615 0.0625 0.15434272300469484 
0 0.19586267605633803 0.5196596244131455 0.0625 0.15434272300469484 
0 0.2623239436619718 0.5243544600938967 0.0625 0.15434272300469484 
0 0.3265845070422535 0.5261150234741784 0.0625 0.15434272300469484 
0 0.3939260563380282 0.5261150234741784 0.0625 0.15434272300469484 
0 0.5878080985915493 0.5211267605633803 0.07526408450704225 0.15258215962441316 
0 0.6705545774647887 0.5181924882629108 0.07526408450704225 0.15258215962441316 
0 0.7533010563380281 0.5269953051643192 0.07526408450704225 0.15258215962441316 
0 0.8316461267605634 0.5181924882629108 0.07526408450704225 0.15258215962441316 
0 0.9099911971830986 0.5140845070422535 0.07526408450704225 0.15258215962441316 
0 0.9091109154929577 0.5129107981220657 0.07526408450704225 0.15258215962441316 
0 0.851012323943662 0.09507042253521127 0.08582746478873239 0.16784037558685447 
0 0.03939260563380282 0.8984741784037559 0.07790492957746478 0.12793427230046947 
0 0.07658450704225352 0.522593896713615 0.0625 0.15434272300469484 
0 0.7651848591549296 0.08949530516431925 0.08582746478873239 0.16725352112676056 
0 0.4632482394366197 0.5223004694835681 0.07526408450704225 0.15258215962441316 
0 0.5867077464788732 0.08450704225352113 0.07306338028169014 0.16784037558685447 
0 0.35805457746478875 0.7238849765258216 0.07878521126760564 0.15669014084507044 
0 0.4511443661971831 0.7171361502347418 0.0994718309859155 0.15492957746478872 
0 0.8107394366197183 0.7142018779342723 0.07570422535211267 0.15845070422535212 
0 0.7308538732394366 0.7174295774647887 0.08142605633802817 0.14730046948356806 
0 0.2788292253521127 0.7253521126760564 0.07702464788732394 0.1596244131455399 
0 0.12962147887323944 0.7194835680751174 0.06910211267605634 0.1572769953051643 
0 0.6577904929577465 0.7183098591549296 0.06294014084507042 0.1431924882629108 
0 0.8961267605633803 0.7144953051643192 0.07922535211267606 0.14964788732394366 
0 0.9674295774647887 0.7083333333333334 0.06338028169014084 0.15492957746478872 
0 0.2555017605633803 0.9063967136150235 0.1034330985915493 0.1437793427230047 
0 0.7400968309859155 0.9011150234741784 0.07350352112676056 0.13908450704225353 
0 0.8954665492957746 0.8970070422535211 0.08054577464788733 0.13908450704225353 
0 0.460387323943662 0.9084507042253521 0.08538732394366197 0.13615023474178403 
0 0.2051056338028169 0.7230046948356808 0.07482394366197183 0.15492957746478872 
0 0.660431338028169 0.9052230046948356 0.07878521126760564 0.13791079812206572 
0 0.815580985915493 0.8990610328638498 0.07658450704225352 0.13732394366197184 
0 0.5151848591549296 0.08450704225352113 0.06470070422535211 0.16784037558685447 
0 0.44784330985915494 0.09301643192488263 0.06470070422535211 0.16842723004694835 
0 0.3743397887323944 0.09272300469483569 0.05413732394366197 0.16549295774647887 
0 0.31360035211267606 0.09389671361502347 0.05413732394366197 0.16549295774647887 
0 0.24845950704225353 0.10211267605633803 0.05413732394366197 0.16549295774647887 
0 0.6742957746478874 0.08656103286384977 0.09330985915492958 0.16725352112676056 
0 0.11861795774647887 0.10328638497652583 0.05413732394366197 0.16549295774647887 
0 0.05523767605633803 0.1068075117370892 0.0682218309859155 0.1643192488262911 
0 0.9694102112676056 0.8961267605633803 0.061179577464788734 0.14906103286384975 
0 0.37764084507042256 0.9096244131455399 0.07658450704225352 0.14084507042253522 
0 0.16087147887323944 0.9046361502347418 0.07878521126760564 0.14612676056338028 
0 0.18243838028169015 0.10211267605633803 0.05413732394366197 0.16549295774647887 
0 0.5684419014084507 0.30633802816901406 0.07262323943661972 0.15258215962441316 
0 0.6714348591549296 0.3060446009389671 0.08846830985915492 0.1449530516431925 
0 0.9403609154929577 0.09683098591549295 0.08582746478873239 0.16784037558685447 
0 0.7585827464788732 0.3001760563380282 0.08846830985915492 0.1449530516431925 
0 0.49053697183098594 0.30927230046948356 0.07262323943661972 0.15258215962441316 
0 0.42077464788732394 0.30134976525821594 0.061619718309859156 0.15082159624413147 
0 0.0761443661971831 0.3245305164319249 0.08626760563380281 0.15492957746478872 
0 0.285431338028169 0.3045774647887324 0.07262323943661972 0.15258215962441316 
0 0.2125880281690141 0.3125 0.061619718309859156 0.15316901408450703 
0 0.15096830985915494 0.31660798122065725 0.061619718309859156 0.15316901408450703 
0 0.8435299295774648 0.2913732394366197 0.08846830985915492 0.1449530516431925 
0 0.35497359154929575 0.30663145539906106 0.06294014084507042 0.14964788732394366 
0 0.9306778169014085 0.30663145539906106 0.08846830985915492 0.1449530516431925 
0 0.040492957746478875 0.7130281690140845 0.0801056338028169 0.13849765258215962 
0 0.13952464788732394 0.522593896713615 0.0625 0.15434272300469484 
0 0.19586267605633803 0.5196596244131455 0.0625 0.15434272300469484 
0 0.2623239436619718 0.5243544600938967 0.0625 0.15434272300469484 
0 0.3265845070422535 0.5261150234741784 0.0625 0.15434272300469484 
0 0.3939260563380282 0.5261150234741784 0.0625 0.15434272300469484 
0 0.5878080985915493 0.5211267605633803 0.07526408450704225 0.15258215962441316 
0 0.6705545774647887 0.5181924882629108 0.07526408450704225 0.15258215962441316 
0 0.7533010563380281 0.5269953051643192 0.07526408450704225 0.15258215962441316 
0 0.8316461267605634 0.5181924882629108 0.07526408450704225 0.15258215962441316 
0 0.9099911971830986 0.5140845070422535 0.07526408450704225 0.15258215962441316 
0 0.9091109154929577 0.5129107981220657 0.07526408450704225 0.15258215962441316 
0 0.851012323943662 0.09507042253521127 0.08582746478873239 0.16784037558685447 
0 0.03939260563380282 0.8984741784037559 0.07790492957746478 0.12793427230046947 
0 0.07658450704225352 0.522593896713615 0.0625 0.15434272300469484 
0 0.7651848591549296 0.08949530516431925 0.08582746478873239 0.16725352112676056 
0 0.4632482394366197 0.5223004694835681 0.07526408450704225 0.15258215962441316 
0 0.5867077464788732 0.08450704225352113 0.07306338028169014 0.16784037558685447 
0 0.35805457746478875 0.7238849765258216 0.07878521126760564 0.15669014084507044 
0 0.4511443661971831 0.7171361502347418 0.0994718309859155 0.15492957746478872 
0 0.8107394366197183 0.7142018779342723 0.07570422535211267 0.15845070422535212 
0 0.7308538732394366 0.7174295774647887 0.08142605633802817 0.14730046948356806 
0 0.2788292253521127 0.7253521126760564 0.07702464788732394 0.1596244131455399 
0 0.12962147887323944 0.7194835680751174 0.06910211267605634 0.1572769953051643 
0 0.6577904929577465 0.7183098591549296 0.06294014084507042 0.1431924882629108 
0 0.8961267605633803 0.7144953051643192 0.07922535211267606 0.14964788732394366 
0 0.9674295774647887 0.7083333333333334 0.06338028169014084 0.15492957746478872 
0 0.2555017605633803 0.9063967136150235 0.1034330985915493 0.1437793427230047 
0 0.7400968309859155 0.9011150234741784 0.07350352112676056 0.13908450704225353 
0 0.8954665492957746 0.8970070422535211 0.08054577464788733 0.13908450704225353 
0 0.460387323943662 0.9084507042253521 0.08538732394366197 0.13615023474178403 
0 0.2051056338028169 0.7230046948356808 0.07482394366197183 0.15492957746478872 
0 0.660431338028169 0.9052230046948356 0.07878521126760564 0.13791079812206572 
0 0.815580985915493 0.8990610328638498 0.07658450704225352 0.13732394366197184 
0 0.5151848591549296 0.08450704225352113 0.06470070422535211 0.16784037558685447 
0 0.44784330985915494 0.09301643192488263 0.06470070422535211 0.16842723004694835 
0 0.3743397887323944 0.09272300469483569 0.05413732394366197 0.16549295774647887 
0 0.31360035211267606 0.09389671361502347 0.05413732394366197 0.16549295774647887 
0 0.24845950704225353 0.10211267605633803 0.05413732394366197 0.16549295774647887 
0 0.6742957746478874 0.08656103286384977 0.09330985915492958 0.16725352112676056 
0 0.11861795774647887 0.10328638497652583 0.05413732394366197 0.16549295774647887 
0 0.05523767605633803 0.1068075117370892 0.0682218309859155 0.1643192488262911 
0 0.9694102112676056 0.8961267605633803 0.061179577464788734 0.14906103286384975 
0 0.37764084507042256 0.9096244131455399 0.07658450704225352 0.14084507042253522 
0 0.16087147887323944 0.9046361502347418 0.07878521126760564 0.14612676056338028 
0 0.18243838028169015 0.10211267605633803 0.05413732394366197 0.16549295774647887 
