0 0.9242957746478874 0.23884976525821597 0.13908450704225353 0.08215962441314555 
0 0.5682218309859155 0.2147887323943662 0.1056338028169014 0.09976525821596244 
0 0.07108274647887323 0.6355633802816901 0.13424295774647887 0.09859154929577464 
0 0.07328345070422536 0.5349178403755869 0.14128521126760563 0.0897887323943662 
0 0.4667693661971831 0.11003521126760564 0.10695422535211267 0.09565727699530517 
0 0.9262764084507042 0.3277582159624413 0.13336267605633803 0.07453051643192488 
0 0.19828345070422534 0.960093896713615 0.14128521126760563 0.07042253521126761 
0 0.07482394366197183 0.8268779342723005 0.11443661971830986 0.07394366197183098 
0 0.198943661971831 0.8682511737089202 0.11795774647887323 0.0886150234741784 
0 0.46588908450704225 0.943075117370892 0.08758802816901408 0.10446009389671361 
0 0.5675616197183099 0.31338028169014087 0.09727112676056338 0.08450704225352113 
0 0.9412411971830986 0.6470070422535211 0.1034330985915493 0.08157276995305164 
0 0.06183978873239437 0.9536384976525821 0.11399647887323944 0.09272300469483569 
0 0.3182218309859155 0.9419014084507042 0.08450704225352113 0.10915492957746478 
0 0.613556338028169 0.9398474178403756 0.09154929577464789 0.1073943661971831 
0 0.7900528169014085 0.4465962441314554 0.17165492957746478 0.0528169014084507 
0 0.4579665492957746 0.3051643192488263 0.09639084507042253 0.09507042253521127 
0 0.4586267605633803 0.21009389671361503 0.11883802816901408 0.09389671361502347 
0 0.34110915492957744 0.20862676056338028 0.10827464788732394 0.10035211267605634 
0 0.23723591549295775 0.6446596244131455 0.15845070422535212 0.10152582159624413 
0 0.7350352112676056 0.32511737089201875 0.2007042253521127 0.07042253521126761 
0 0.6012323943661971 0.6434859154929577 0.1742957746478873 0.10152582159624413 
0 0.4179137323943662 0.5434272300469484 0.1580105633802817 0.0880281690140845 
0 0.7911531690140845 0.6393779342723005 0.17209507042253522 0.09683098591549295 
0 0.4082306338028169 0.6399647887323944 0.16593309859154928 0.10152582159624413 
0 0.4293573943661972 0.45129107981220656 0.14216549295774647 0.07511737089201878 
0 0.7277728873239436 0.24237089201877934 0.18265845070422534 0.07511737089201878 
0 0.6078345070422535 0.5275821596244131 0.1742957746478873 0.11032863849765258 
0 0.23943661971830985 0.5369718309859155 0.17253521126760563 0.09154929577464789 
0 0.33912852112676056 0.3107394366197183 0.11223591549295775 0.0897887323943662 
0 0.6115757042253521 0.823650234741784 0.08846830985915492 0.11443661971830986 
0 0.4628080985915493 0.8218896713615024 0.08670774647887323 0.1238262910798122 
0 0.3380281690140845 0.10651408450704225 0.11179577464788733 0.09683098591549295 
0 0.32526408450704225 0.829518779342723 0.0880281690140845 0.125 
0 0.8008362676056338 0.5355046948356808 0.1756161971830986 0.10035211267605634 
0 0.9242957746478874 0.23884976525821597 0.13908450704225353 0.08215962441314555 
0 0.5682218309859155 0.2147887323943662 0.1056338028169014 0.09976525821596244 
0 0.07108274647887323 0.6355633802816901 0.13424295774647887 0.09859154929577464 
0 0.07328345070422536 0.5349178403755869 0.14128521126760563 0.0897887323943662 
0 0.4667693661971831 0.11003521126760564 0.10695422535211267 0.09565727699530517 
0 0.9262764084507042 0.3277582159624413 0.13336267605633803 0.07453051643192488 
0 0.19828345070422534 0.960093896713615 0.14128521126760563 0.07042253521126761 
0 0.07482394366197183 0.8268779342723005 0.11443661971830986 0.07394366197183098 
0 0.198943661971831 0.8682511737089202 0.11795774647887323 0.0886150234741784 
0 0.46588908450704225 0.943075117370892 0.08758802816901408 0.10446009389671361 
0 0.5675616197183099 0.31338028169014087 0.09727112676056338 0.08450704225352113 
0 0.9412411971830986 0.6470070422535211 0.1034330985915493 0.08157276995305164 
0 0.06183978873239437 0.9536384976525821 0.11399647887323944 0.09272300469483569 
0 0.3182218309859155 0.9419014084507042 0.08450704225352113 0.10915492957746478 
0 0.613556338028169 0.9398474178403756 0.09154929577464789 0.1073943661971831 
0 0.7900528169014085 0.4465962441314554 0.17165492957746478 0.0528169014084507 
0 0.4579665492957746 0.3051643192488263 0.09639084507042253 0.09507042253521127 
0 0.4586267605633803 0.21009389671361503 0.11883802816901408 0.09389671361502347 
0 0.34110915492957744 0.20862676056338028 0.10827464788732394 0.10035211267605634 
0 0.23723591549295775 0.6446596244131455 0.15845070422535212 0.10152582159624413 
0 0.7350352112676056 0.32511737089201875 0.2007042253521127 0.07042253521126761 
0 0.6012323943661971 0.6434859154929577 0.1742957746478873 0.10152582159624413 
0 0.4179137323943662 0.5434272300469484 0.1580105633802817 0.0880281690140845 
0 0.7911531690140845 0.6393779342723005 0.17209507042253522 0.09683098591549295 
0 0.4082306338028169 0.6399647887323944 0.16593309859154928 0.10152582159624413 
0 0.4293573943661972 0.45129107981220656 0.14216549295774647 0.07511737089201878 
0 0.7277728873239436 0.24237089201877934 0.18265845070422534 0.07511737089201878 
0 0.6078345070422535 0.5275821596244131 0.1742957746478873 0.11032863849765258 
0 0.23943661971830985 0.5369718309859155 0.17253521126760563 0.09154929577464789 
0 0.33912852112676056 0.3107394366197183 0.11223591549295775 0.0897887323943662 
0 0.6115757042253521 0.823650234741784 0.08846830985915492 0.11443661971830986 
0 0.4628080985915493 0.8218896713615024 0.08670774647887323 0.1238262910798122 
0 0.3380281690140845 0.10651408450704225 0.11179577464788733 0.09683098591549295 
0 0.32526408450704225 0.829518779342723 0.0880281690140845 0.125 
0 0.8008362676056338 0.5355046948356808 0.1756161971830986 0.10035211267605634 
0 0.9242957746478874 0.23884976525821597 0.13908450704225353 0.08215962441314555 
0 0.5682218309859155 0.2147887323943662 0.1056338028169014 0.09976525821596244 
0 0.07108274647887323 0.6355633802816901 0.13424295774647887 0.09859154929577464 
0 0.07328345070422536 0.5349178403755869 0.14128521126760563 0.0897887323943662 
0 0.4667693661971831 0.11003521126760564 0.10695422535211267 0.09565727699530517 
0 0.9262764084507042 0.3277582159624413 0.13336267605633803 0.07453051643192488 
0 0.19828345070422534 0.960093896713615 0.14128521126760563 0.07042253521126761 
0 0.07482394366197183 0.8268779342723005 0.11443661971830986 0.07394366197183098 
0 0.198943661971831 0.8682511737089202 0.11795774647887323 0.0886150234741784 
0 0.46588908450704225 0.943075117370892 0.08758802816901408 0.10446009389671361 
0 0.5675616197183099 0.31338028169014087 0.09727112676056338 0.08450704225352113 
0 0.9412411971830986 0.6470070422535211 0.1034330985915493 0.08157276995305164 
0 0.06183978873239437 0.9536384976525821 0.11399647887323944 0.09272300469483569 
0 0.3182218309859155 0.9419014084507042 0.08450704225352113 0.10915492957746478 
0 0.613556338028169 0.9398474178403756 0.09154929577464789 0.1073943661971831 
0 0.7900528169014085 0.4465962441314554 0.17165492957746478 0.0528169014084507 
0 0.4579665492957746 0.3051643192488263 0.09639084507042253 0.09507042253521127 
0 0.4586267605633803 0.21009389671361503 0.11883802816901408 0.09389671361502347 
0 0.34110915492957744 0.20862676056338028 0.10827464788732394 0.10035211267605634 
0 0.23723591549295775 0.6446596244131455 0.15845070422535212 0.10152582159624413 
0 0.7350352112676056 0.32511737089201875 0.2007042253521127 0.07042253521126761 
0 0.6012323943661971 0.6434859154929577 0.1742957746478873 0.10152582159624413 
0 0.4179137323943662 0.5434272300469484 0.1580105633802817 0.0880281690140845 
0 0.7911531690140845 0.6393779342723005 0.17209507042253522 0.09683098591549295 
0 0.4082306338028169 0.6399647887323944 0.16593309859154928 0.10152582159624413 
0 0.4293573943661972 0.45129107981220656 0.14216549295774647 0.07511737089201878 
0 0.7277728873239436 0.24237089201877934 0.18265845070422534 0.07511737089201878 
0 0.6078345070422535 0.5275821596244131 0.1742957746478873 0.11032863849765258 
0 0.23943661971830985 0.5369718309859155 0.17253521126760563 0.09154929577464789 
0 0.33912852112676056 0.3107394366197183 0.11223591549295775 0.0897887323943662 
0 0.6115757042253521 0.823650234741784 0.08846830985915492 0.11443661971830986 
0 0.4628080985915493 0.8218896713615024 0.08670774647887323 0.1238262910798122 
0 0.3380281690140845 0.10651408450704225 0.11179577464788733 0.09683098591549295 
0 0.32526408450704225 0.829518779342723 0.0880281690140845 0.125 
0 0.8008362676056338 0.5355046948356808 0.1756161971830986 0.10035211267605634 
