0 0.7805897887323944 0.3629694835680751 0.15184859154929578 0.0721830985915493 
0 0.4951584507042254 0.5663145539906104 0.05985915492957746 0.09154929577464789 
0 0.4784330985915493 0.357981220657277 0.07570422535211267 0.08215962441314555 
0 0.29797535211267606 0.7127347417840375 0.06690140845070422 0.13204225352112675 
0 0.5618397887323944 0.12470657276995305 0.08494718309859155 0.08744131455399061 
0 0.4003080985915493 0.35563380281690143 0.08230633802816902 0.08333333333333333 
0 0.3930457746478873 0.12411971830985916 0.11443661971830986 0.10035211267605634 
0 0.6432658450704225 0.10446009389671361 0.0840669014084507 0.11619718309859155 
0 0.7370158450704225 0.6998239436619719 0.10871478873239436 0.07570422535211267 
0 0.24735915492957747 0.11971830985915492 0.15492957746478872 0.10915492957746478 
0 0.10277288732394366 0.7089201877934272 0.06382042253521127 0.11854460093896714 
0 0.32768485915492956 0.35269953051643194 0.06029929577464789 0.08098591549295775 
0 0.11597711267605634 0.5082159624413145 0.06998239436619719 0.1596244131455399 
0 0.6254401408450704 0.5707159624413145 0.06778169014084508 0.09096244131455399 
0 0.16153169014084506 0.7115610328638498 0.056338028169014086 0.11443661971830986 
0 0.6910211267605634 0.568075117370892 0.06866197183098592 0.09507042253521127 
0 0.47579225352112675 0.12059859154929578 0.05985915492957746 0.1073943661971831 
0 0.5567781690140845 0.5677816901408451 0.06426056338028169 0.0886150234741784 
0 0.17077464788732394 0.29958920187793425 0.10123239436619719 0.16842723004694835 
0 0.7706866197183099 0.09125586854460094 0.15404929577464788 0.15786384976525822 
0 0.5242077464788732 0.7300469483568075 0.061619718309859156 0.1255868544600939 
0 0.35629401408450706 0.7268192488262911 0.04709507042253521 0.1273474178403756 
0 0.5992517605633803 0.8679577464788732 0.11575704225352113 0.04460093896713615 
0 0.045554577464788734 0.5064553990610329 0.07262323943661972 0.15375586854460094 
0 0.7678257042253521 0.24031690140845072 0.15536971830985916 0.04988262910798122 
0 0.4293573943661972 0.2852112676056338 0.07262323943661972 0.057511737089201875 
0 0.5048415492957746 0.2852112676056338 0.07394366197183098 0.05985915492957746 
0 0.4326584507042254 0.528755868544601 0.061619718309859156 0.15140845070422534 
0 0.4064700704225352 0.7235915492957746 0.050616197183098594 0.1267605633802817 
0 0.4779929577464789 0.8661971830985915 0.11883802816901408 0.051643192488262914 
0 0.2262323943661972 0.7095070422535211 0.08098591549295775 0.13145539906103287 
0 0.355193661971831 0.8550469483568075 0.11795774647887323 0.05046948356807512 
0 0.3591549295774648 0.9166666666666666 0.12059859154929578 0.06807511737089202 
0 0.47579225352112675 0.9266431924882629 0.12059859154929578 0.06807511737089202 
0 0.05149647887323944 0.8603286384976526 0.05193661971830986 0.11619718309859155 
0 0.10585387323943662 0.8676643192488263 0.05501760563380282 0.11561032863849766 
0 0.7414172535211268 0.7693661971830986 0.1131161971830986 0.06924882629107981 
0 0.24031690140845072 0.8744131455399061 0.07746478873239436 0.11737089201877934 
0 0.5886883802816901 0.9357394366197183 0.11047535211267606 0.07687793427230047 
0 0.16549295774647887 0.8726525821596244 0.06602112676056338 0.11737089201877934 
0 0.6172975352112676 0.6980633802816901 0.09991197183098592 0.0534037558685446 
0 0.7790492957746479 0.2943075117370892 0.1522887323943662 0.05927230046948357 
0 0.4647887323943662 0.7232981220657277 0.05457746478873239 0.13791079812206572 
0 0.367737676056338 0.528755868544601 0.07086267605633803 0.1396713615023474 
0 0.25682218309859156 0.35475352112676056 0.06382042253521127 0.08274647887323944 
0 0.042693661971830985 0.7012910798122066 0.06073943661971831 0.11737089201877934 
0 0.19432218309859156 0.5120305164319249 0.09198943661971831 0.16725352112676056 
0 0.6181778169014085 0.7588028169014085 0.10871478873239436 0.06338028169014084 
0 0.7805897887323944 0.3629694835680751 0.15184859154929578 0.0721830985915493 
0 0.4951584507042254 0.5663145539906104 0.05985915492957746 0.09154929577464789 
0 0.4784330985915493 0.357981220657277 0.07570422535211267 0.08215962441314555 
0 0.29797535211267606 0.7127347417840375 0.06690140845070422 0.13204225352112675 
0 0.5618397887323944 0.12470657276995305 0.08494718309859155 0.08744131455399061 
0 0.4003080985915493 0.35563380281690143 0.08230633802816902 0.08333333333333333 
0 0.3930457746478873 0.12411971830985916 0.11443661971830986 0.10035211267605634 
0 0.6432658450704225 0.10446009389671361 0.0840669014084507 0.11619718309859155 
0 0.7370158450704225 0.6998239436619719 0.10871478873239436 0.07570422535211267 
0 0.24735915492957747 0.11971830985915492 0.15492957746478872 0.10915492957746478 
0 0.10277288732394366 0.7089201877934272 0.06382042253521127 0.11854460093896714 
0 0.32768485915492956 0.35269953051643194 0.06029929577464789 0.08098591549295775 
0 0.11597711267605634 0.5082159624413145 0.06998239436619719 0.1596244131455399 
0 0.6254401408450704 0.5707159624413145 0.06778169014084508 0.09096244131455399 
0 0.16153169014084506 0.7115610328638498 0.056338028169014086 0.11443661971830986 
0 0.6910211267605634 0.568075117370892 0.06866197183098592 0.09507042253521127 
0 0.47579225352112675 0.12059859154929578 0.05985915492957746 0.1073943661971831 
0 0.5567781690140845 0.5677816901408451 0.06426056338028169 0.0886150234741784 
0 0.17077464788732394 0.29958920187793425 0.10123239436619719 0.16842723004694835 
0 0.7706866197183099 0.09125586854460094 0.15404929577464788 0.15786384976525822 
0 0.5242077464788732 0.7300469483568075 0.061619718309859156 0.1255868544600939 
0 0.35629401408450706 0.7268192488262911 0.04709507042253521 0.1273474178403756 
0 0.5992517605633803 0.8679577464788732 0.11575704225352113 0.04460093896713615 
0 0.045554577464788734 0.5064553990610329 0.07262323943661972 0.15375586854460094 
0 0.7678257042253521 0.24031690140845072 0.15536971830985916 0.04988262910798122 
0 0.4293573943661972 0.2852112676056338 0.07262323943661972 0.057511737089201875 
0 0.5048415492957746 0.2852112676056338 0.07394366197183098 0.05985915492957746 
0 0.4326584507042254 0.528755868544601 0.061619718309859156 0.15140845070422534 
0 0.4064700704225352 0.7235915492957746 0.050616197183098594 0.1267605633802817 
0 0.4779929577464789 0.8661971830985915 0.11883802816901408 0.051643192488262914 
0 0.2262323943661972 0.7095070422535211 0.08098591549295775 0.13145539906103287 
0 0.355193661971831 0.8550469483568075 0.11795774647887323 0.05046948356807512 
0 0.3591549295774648 0.9166666666666666 0.12059859154929578 0.06807511737089202 
0 0.47579225352112675 0.9266431924882629 0.12059859154929578 0.06807511737089202 
0 0.05149647887323944 0.8603286384976526 0.05193661971830986 0.11619718309859155 
0 0.10585387323943662 0.8676643192488263 0.05501760563380282 0.11561032863849766 
0 0.7414172535211268 0.7693661971830986 0.1131161971830986 0.06924882629107981 
0 0.24031690140845072 0.8744131455399061 0.07746478873239436 0.11737089201877934 
0 0.5886883802816901 0.9357394366197183 0.11047535211267606 0.07687793427230047 
0 0.16549295774647887 0.8726525821596244 0.06602112676056338 0.11737089201877934 
0 0.6172975352112676 0.6980633802816901 0.09991197183098592 0.0534037558685446 
0 0.7790492957746479 0.2943075117370892 0.1522887323943662 0.05927230046948357 
0 0.4647887323943662 0.7232981220657277 0.05457746478873239 0.13791079812206572 
0 0.367737676056338 0.528755868544601 0.07086267605633803 0.1396713615023474 
0 0.25682218309859156 0.35475352112676056 0.06382042253521127 0.08274647887323944 
0 0.042693661971830985 0.7012910798122066 0.06073943661971831 0.11737089201877934 
0 0.19432218309859156 0.5120305164319249 0.09198943661971831 0.16725352112676056 
0 0.6181778169014085 0.7588028169014085 0.10871478873239436 0.06338028169014084 
0 0.7805897887323944 0.3629694835680751 0.15184859154929578 0.0721830985915493 
0 0.4951584507042254 0.5663145539906104 0.05985915492957746 0.09154929577464789 
0 0.4784330985915493 0.357981220657277 0.07570422535211267 0.08215962441314555 
0 0.29797535211267606 0.7127347417840375 0.06690140845070422 0.13204225352112675 
0 0.5618397887323944 0.12470657276995305 0.08494718309859155 0.08744131455399061 
0 0.4003080985915493 0.35563380281690143 0.08230633802816902 0.08333333333333333 
0 0.3930457746478873 0.12411971830985916 0.11443661971830986 0.10035211267605634 
0 0.6432658450704225 0.10446009389671361 0.0840669014084507 0.11619718309859155 
0 0.7370158450704225 0.6998239436619719 0.10871478873239436 0.07570422535211267 
0 0.24735915492957747 0.11971830985915492 0.15492957746478872 0.10915492957746478 
0 0.10277288732394366 0.7089201877934272 0.06382042253521127 0.11854460093896714 
0 0.32768485915492956 0.35269953051643194 0.06029929577464789 0.08098591549295775 
0 0.11597711267605634 0.5082159624413145 0.06998239436619719 0.1596244131455399 
0 0.6254401408450704 0.5707159624413145 0.06778169014084508 0.09096244131455399 
0 0.16153169014084506 0.7115610328638498 0.056338028169014086 0.11443661971830986 
0 0.6910211267605634 0.568075117370892 0.06866197183098592 0.09507042253521127 
0 0.47579225352112675 0.12059859154929578 0.05985915492957746 0.1073943661971831 
0 0.5567781690140845 0.5677816901408451 0.06426056338028169 0.0886150234741784 
0 0.17077464788732394 0.29958920187793425 0.10123239436619719 0.16842723004694835 
0 0.7706866197183099 0.09125586854460094 0.15404929577464788 0.15786384976525822 
0 0.5242077464788732 0.7300469483568075 0.061619718309859156 0.1255868544600939 
0 0.35629401408450706 0.7268192488262911 0.04709507042253521 0.1273474178403756 
0 0.5992517605633803 0.8679577464788732 0.11575704225352113 0.04460093896713615 
0 0.045554577464788734 0.5064553990610329 0.07262323943661972 0.15375586854460094 
0 0.7678257042253521 0.24031690140845072 0.15536971830985916 0.04988262910798122 
0 0.4293573943661972 0.2852112676056338 0.07262323943661972 0.057511737089201875 
0 0.5048415492957746 0.2852112676056338 0.07394366197183098 0.05985915492957746 
0 0.4326584507042254 0.528755868544601 0.061619718309859156 0.15140845070422534 
0 0.4064700704225352 0.7235915492957746 0.050616197183098594 0.1267605633802817 
0 0.4779929577464789 0.8661971830985915 0.11883802816901408 0.051643192488262914 
0 0.2262323943661972 0.7095070422535211 0.08098591549295775 0.13145539906103287 
0 0.355193661971831 0.8550469483568075 0.11795774647887323 0.05046948356807512 
0 0.3591549295774648 0.9166666666666666 0.12059859154929578 0.06807511737089202 
0 0.47579225352112675 0.9266431924882629 0.12059859154929578 0.06807511737089202 
0 0.05149647887323944 0.8603286384976526 0.05193661971830986 0.11619718309859155 
0 0.10585387323943662 0.8676643192488263 0.05501760563380282 0.11561032863849766 
0 0.7414172535211268 0.7693661971830986 0.1131161971830986 0.06924882629107981 
0 0.24031690140845072 0.8744131455399061 0.07746478873239436 0.11737089201877934 
0 0.5886883802816901 0.9357394366197183 0.11047535211267606 0.07687793427230047 
0 0.16549295774647887 0.8726525821596244 0.06602112676056338 0.11737089201877934 
0 0.6172975352112676 0.6980633802816901 0.09991197183098592 0.0534037558685446 
0 0.7790492957746479 0.2943075117370892 0.1522887323943662 0.05927230046948357 
0 0.4647887323943662 0.7232981220657277 0.05457746478873239 0.13791079812206572 
0 0.367737676056338 0.528755868544601 0.07086267605633803 0.1396713615023474 
0 0.25682218309859156 0.35475352112676056 0.06382042253521127 0.08274647887323944 
0 0.042693661971830985 0.7012910798122066 0.06073943661971831 0.11737089201877934 
0 0.19432218309859156 0.5120305164319249 0.09198943661971831 0.16725352112676056 
0 0.6181778169014085 0.7588028169014085 0.10871478873239436 0.06338028169014084 
