0 0.7632042253521126 0.8485915492957746 0.12323943661971831 0.05868544600938967 
0 0.8525528169014085 0.7523474178403756 0.03961267605633803 0.08098591549295775 
0 0.758362676056338 0.9055164319248826 0.11179577464788733 0.05868544600938967 
0 0.11003521126760564 0.8421361502347418 0.06778169014084508 0.18544600938967137 
0 0.1756161971830986 0.8400821596244131 0.05897887323943662 0.18955399061032863 
0 0.6454665492957746 0.8125 0.050616197183098594 0.12030516431924883 
0 0.32130281690140844 0.8559272300469484 0.05985915492957746 0.18485915492957747 
0 0.5785651408450704 0.8075117370892019 0.05765845070422535 0.12206572769953052 
0 0.2502200704225352 0.8494718309859155 0.06734154929577464 0.18955399061032863 
0 0.05215669014084507 0.033157276995305164 0.07174295774647887 0.06514084507042253 
0 0.035651408450704226 0.8438967136150235 0.07042253521126761 0.19483568075117372 
0 0.90625 0.8095657276995305 0.04841549295774648 0.08392018779342723 
0 0.9650088028169014 0.931631455399061 0.06734154929577464 0.03697183098591549 
0 0.2878521126760563 0.04078638497652582 0.06602112676056338 0.0710093896713615 
0 0.37610035211267606 0.04078638497652582 0.0682218309859155 0.0710093896713615 
0 0.4581866197183099 0.03902582159624413 0.06602112676056338 0.0710093896713615 
0 0.5508362676056338 0.04518779342723005 0.06382042253521127 0.08333333333333333 
0 0.625 0.04606807511737089 0.05897887323943662 0.08509389671361503 
0 0.6969630281690141 0.047828638497652586 0.05413732394366197 0.08509389671361503 
0 0.8397887323943662 0.04636150234741784 0.058098591549295774 0.0880281690140845 
0 0.8934859154929577 0.5366784037558685 0.10035211267605634 0.05575117370892019 
0 0.3884242957746479 0.8571009389671361 0.06470070422535211 0.18720657276995306 
0 0.9764524647887324 0.85768779342723 0.04621478873239437 0.03697183098591549 
0 0.9685299295774648 0.8970070422535211 0.05765845070422535 0.041666666666666664 
0 0.21170774647887325 0.03403755868544601 0.07042253521126761 0.06572769953051644 
0 0.9716109154929577 0.7981220657276995 0.04973591549295775 0.07511737089201878 
0 0.2735475352112676 0.5181924882629108 0.06734154929577464 0.1784037558685446 
0 0.772887323943662 0.04518779342723005 0.0625 0.0892018779342723 
0 0.36817781690140844 0.2409037558685446 0.07966549295774648 0.13086854460093897 
0 0.894806338028169 0.4753521126760563 0.0897887323943662 0.04812206572769953 
0 0.269806338028169 0.24413145539906103 0.0818661971830986 0.13380281690140844 
0 0.12786091549295775 0.5164319248826291 0.07350352112676056 0.1795774647887324 
0 0.19828345070422534 0.5132042253521126 0.06910211267605634 0.18251173708920188 
0 0.4632482394366197 0.24266431924882628 0.07966549295774648 0.1426056338028169 
0 0.8162411971830986 0.24501173708920188 0.11223591549295775 0.16960093896713616 
0 0.18221830985915494 0.26085680751173707 0.07394366197183098 0.10035211267605634 
0 0.6954225352112676 0.23943661971830985 0.1153169014084507 0.16784037558685447 
0 0.5154049295774648 0.5038145539906104 0.04929577464788732 0.2142018779342723 
0 0.5695422535211268 0.5093896713615024 0.04929577464788732 0.2335680751173709 
0 0.577024647887324 0.2323943661971831 0.10651408450704225 0.1607981220657277 
0 0.9308978873239436 0.23151408450704225 0.0880281690140845 0.061619718309859156 
0 0.46192781690140844 0.5011737089201878 0.05149647887323944 0.20657276995305165 
0 0.3422095070422535 0.5146713615023474 0.0664612676056338 0.1795774647887324 
0 0.1797975352112676 0.1643192488262911 0.08054577464788733 0.07981220657276995 
0 0.7636443661971831 0.7640845070422535 0.1267605633802817 0.08568075117370892 
0 0.8512323943661971 0.8374413145539906 0.04929577464788732 0.05868544600938967 
0 0.785431338028169 0.5592723004694836 0.10695422535211267 0.11384976525821597 
0 0.08846830985915492 0.2658450704225352 0.08538732394366197 0.08098591549295775 
0 0.4064700704225352 0.5082159624413145 0.05149647887323944 0.21713615023474178 
0 0.664612676056338 0.4982394366197183 0.11443661971830986 0.215962441314554 
0 0.9383802816901409 0.1522887323943662 0.0818661971830986 0.06866197183098592 
0 0.05413732394366197 0.5158450704225352 0.07306338028169014 0.17370892018779344 
0 0.8879841549295775 0.5839201877934272 0.07526408450704225 0.046948356807511735 
0 0.08076584507042253 0.17136150234741784 0.0840669014084507 0.07511737089201878 
0 0.7632042253521126 0.8485915492957746 0.12323943661971831 0.05868544600938967 
0 0.8525528169014085 0.7523474178403756 0.03961267605633803 0.08098591549295775 
0 0.758362676056338 0.9055164319248826 0.11179577464788733 0.05868544600938967 
0 0.11003521126760564 0.8421361502347418 0.06778169014084508 0.18544600938967137 
0 0.1756161971830986 0.8400821596244131 0.05897887323943662 0.18955399061032863 
0 0.6454665492957746 0.8125 0.050616197183098594 0.12030516431924883 
0 0.32130281690140844 0.8559272300469484 0.05985915492957746 0.18485915492957747 
0 0.5785651408450704 0.8075117370892019 0.05765845070422535 0.12206572769953052 
0 0.2502200704225352 0.8494718309859155 0.06734154929577464 0.18955399061032863 
0 0.05215669014084507 0.033157276995305164 0.07174295774647887 0.06514084507042253 
0 0.035651408450704226 0.8438967136150235 0.07042253521126761 0.19483568075117372 
0 0.90625 0.8095657276995305 0.04841549295774648 0.08392018779342723 
0 0.9650088028169014 0.931631455399061 0.06734154929577464 0.03697183098591549 
0 0.2878521126760563 0.04078638497652582 0.06602112676056338 0.0710093896713615 
0 0.37610035211267606 0.04078638497652582 0.0682218309859155 0.0710093896713615 
0 0.4581866197183099 0.03902582159624413 0.06602112676056338 0.0710093896713615 
0 0.5508362676056338 0.04518779342723005 0.06382042253521127 0.08333333333333333 
0 0.625 0.04606807511737089 0.05897887323943662 0.08509389671361503 
0 0.6969630281690141 0.047828638497652586 0.05413732394366197 0.08509389671361503 
0 0.8397887323943662 0.04636150234741784 0.058098591549295774 0.0880281690140845 
0 0.8934859154929577 0.5366784037558685 0.10035211267605634 0.05575117370892019 
0 0.3884242957746479 0.8571009389671361 0.06470070422535211 0.18720657276995306 
0 0.9764524647887324 0.85768779342723 0.04621478873239437 0.03697183098591549 
0 0.9685299295774648 0.8970070422535211 0.05765845070422535 0.041666666666666664 
0 0.21170774647887325 0.03403755868544601 0.07042253521126761 0.06572769953051644 
0 0.9716109154929577 0.7981220657276995 0.04973591549295775 0.07511737089201878 
0 0.2735475352112676 0.5181924882629108 0.06734154929577464 0.1784037558685446 
0 0.772887323943662 0.04518779342723005 0.0625 0.0892018779342723 
0 0.36817781690140844 0.2409037558685446 0.07966549295774648 0.13086854460093897 
0 0.894806338028169 0.4753521126760563 0.0897887323943662 0.04812206572769953 
0 0.269806338028169 0.24413145539906103 0.0818661971830986 0.13380281690140844 
0 0.12786091549295775 0.5164319248826291 0.07350352112676056 0.1795774647887324 
0 0.19828345070422534 0.5132042253521126 0.06910211267605634 0.18251173708920188 
0 0.4632482394366197 0.24266431924882628 0.07966549295774648 0.1426056338028169 
0 0.8162411971830986 0.24501173708920188 0.11223591549295775 0.16960093896713616 
0 0.18221830985915494 0.26085680751173707 0.07394366197183098 0.10035211267605634 
0 0.6954225352112676 0.23943661971830985 0.1153169014084507 0.16784037558685447 
0 0.5154049295774648 0.5038145539906104 0.04929577464788732 0.2142018779342723 
0 0.5695422535211268 0.5093896713615024 0.04929577464788732 0.2335680751173709 
0 0.577024647887324 0.2323943661971831 0.10651408450704225 0.1607981220657277 
0 0.9308978873239436 0.23151408450704225 0.0880281690140845 0.061619718309859156 
0 0.46192781690140844 0.5011737089201878 0.05149647887323944 0.20657276995305165 
0 0.3422095070422535 0.5146713615023474 0.0664612676056338 0.1795774647887324 
0 0.1797975352112676 0.1643192488262911 0.08054577464788733 0.07981220657276995 
0 0.7636443661971831 0.7640845070422535 0.1267605633802817 0.08568075117370892 
0 0.8512323943661971 0.8374413145539906 0.04929577464788732 0.05868544600938967 
0 0.785431338028169 0.5592723004694836 0.10695422535211267 0.11384976525821597 
0 0.08846830985915492 0.2658450704225352 0.08538732394366197 0.08098591549295775 
0 0.4064700704225352 0.5082159624413145 0.05149647887323944 0.21713615023474178 
0 0.664612676056338 0.4982394366197183 0.11443661971830986 0.215962441314554 
0 0.9383802816901409 0.1522887323943662 0.0818661971830986 0.06866197183098592 
0 0.05413732394366197 0.5158450704225352 0.07306338028169014 0.17370892018779344 
0 0.8879841549295775 0.5839201877934272 0.07526408450704225 0.046948356807511735 
0 0.08076584507042253 0.17136150234741784 0.0840669014084507 0.07511737089201878 
0 0.7632042253521126 0.8485915492957746 0.12323943661971831 0.05868544600938967 
0 0.8525528169014085 0.7523474178403756 0.03961267605633803 0.08098591549295775 
0 0.758362676056338 0.9055164319248826 0.11179577464788733 0.05868544600938967 
0 0.11003521126760564 0.8421361502347418 0.06778169014084508 0.18544600938967137 
0 0.1756161971830986 0.8400821596244131 0.05897887323943662 0.18955399061032863 
0 0.6454665492957746 0.8125 0.050616197183098594 0.12030516431924883 
0 0.32130281690140844 0.8559272300469484 0.05985915492957746 0.18485915492957747 
0 0.5785651408450704 0.8075117370892019 0.05765845070422535 0.12206572769953052 
0 0.2502200704225352 0.8494718309859155 0.06734154929577464 0.18955399061032863 
0 0.05215669014084507 0.033157276995305164 0.07174295774647887 0.06514084507042253 
0 0.035651408450704226 0.8438967136150235 0.07042253521126761 0.19483568075117372 
0 0.90625 0.8095657276995305 0.04841549295774648 0.08392018779342723 
0 0.9650088028169014 0.931631455399061 0.06734154929577464 0.03697183098591549 
0 0.2878521126760563 0.04078638497652582 0.06602112676056338 0.0710093896713615 
0 0.37610035211267606 0.04078638497652582 0.0682218309859155 0.0710093896713615 
0 0.4581866197183099 0.03902582159624413 0.06602112676056338 0.0710093896713615 
0 0.5508362676056338 0.04518779342723005 0.06382042253521127 0.08333333333333333 
0 0.625 0.04606807511737089 0.05897887323943662 0.08509389671361503 
0 0.6969630281690141 0.047828638497652586 0.05413732394366197 0.08509389671361503 
0 0.8397887323943662 0.04636150234741784 0.058098591549295774 0.0880281690140845 
0 0.8934859154929577 0.5366784037558685 0.10035211267605634 0.05575117370892019 
0 0.3884242957746479 0.8571009389671361 0.06470070422535211 0.18720657276995306 
0 0.9764524647887324 0.85768779342723 0.04621478873239437 0.03697183098591549 
0 0.9685299295774648 0.8970070422535211 0.05765845070422535 0.041666666666666664 
0 0.21170774647887325 0.03403755868544601 0.07042253521126761 0.06572769953051644 
0 0.9716109154929577 0.7981220657276995 0.04973591549295775 0.07511737089201878 
0 0.2735475352112676 0.5181924882629108 0.06734154929577464 0.1784037558685446 
0 0.772887323943662 0.04518779342723005 0.0625 0.0892018779342723 
0 0.36817781690140844 0.2409037558685446 0.07966549295774648 0.13086854460093897 
0 0.894806338028169 0.4753521126760563 0.0897887323943662 0.04812206572769953 
0 0.269806338028169 0.24413145539906103 0.0818661971830986 0.13380281690140844 
0 0.12786091549295775 0.5164319248826291 0.07350352112676056 0.1795774647887324 
0 0.19828345070422534 0.5132042253521126 0.06910211267605634 0.18251173708920188 
0 0.4632482394366197 0.24266431924882628 0.07966549295774648 0.1426056338028169 
0 0.8162411971830986 0.24501173708920188 0.11223591549295775 0.16960093896713616 
0 0.18221830985915494 0.26085680751173707 0.07394366197183098 0.10035211267605634 
0 0.6954225352112676 0.23943661971830985 0.1153169014084507 0.16784037558685447 
0 0.5154049295774648 0.5038145539906104 0.04929577464788732 0.2142018779342723 
0 0.5695422535211268 0.5093896713615024 0.04929577464788732 0.2335680751173709 
0 0.577024647887324 0.2323943661971831 0.10651408450704225 0.1607981220657277 
0 0.9308978873239436 0.23151408450704225 0.0880281690140845 0.061619718309859156 
0 0.46192781690140844 0.5011737089201878 0.05149647887323944 0.20657276995305165 
0 0.3422095070422535 0.5146713615023474 0.0664612676056338 0.1795774647887324 
0 0.1797975352112676 0.1643192488262911 0.08054577464788733 0.07981220657276995 
0 0.7636443661971831 0.7640845070422535 0.1267605633802817 0.08568075117370892 
0 0.8512323943661971 0.8374413145539906 0.04929577464788732 0.05868544600938967 
0 0.785431338028169 0.5592723004694836 0.10695422535211267 0.11384976525821597 
0 0.08846830985915492 0.2658450704225352 0.08538732394366197 0.08098591549295775 
0 0.4064700704225352 0.5082159624413145 0.05149647887323944 0.21713615023474178 
0 0.664612676056338 0.4982394366197183 0.11443661971830986 0.215962441314554 
0 0.9383802816901409 0.1522887323943662 0.0818661971830986 0.06866197183098592 
0 0.05413732394366197 0.5158450704225352 0.07306338028169014 0.17370892018779344 
0 0.8879841549295775 0.5839201877934272 0.07526408450704225 0.046948356807511735 
0 0.08076584507042253 0.17136150234741784 0.0840669014084507 0.07511737089201878 
