0 0.7326144366197183 0.8110328638497653 0.07262323943661972 0.2875586854460094 
0 0.19872359154929578 0.8905516431924883 0.08494718309859155 0.14730046948356806 
0 0.8171214788732394 0.8028169014084507 0.07702464788732394 0.24530516431924881 
0 0.04379401408450704 0.31660798122065725 0.08230633802816902 0.1437793427230047 
0 0.9848151408450704 0.31015258215962443 0.02772887323943662 0.16842723004694835 
0 0.47909330985915494 0.67018779342723 0.09375 0.07276995305164319 
0 0.629181338028169 0.6291079812206573 0.08142605633802817 0.05868544600938967 
0 0.8120598591549296 0.5041079812206573 0.07394366197183098 0.0528169014084507 
0 0.7158890845070423 0.6314553990610329 0.07878521126760564 0.057511737089201875 
0 0.7959947183098591 0.6329225352112676 0.06734154929577464 0.051056338028169015 
0 0.8446302816901409 0.5698356807511737 0.06954225352112677 0.04812206572769953 
0 0.8705985915492958 0.636150234741784 0.07042253521126761 0.057511737089201875 
0 0.9731514084507042 0.8083920187793427 0.05369718309859155 0.21889671361502347 
0 0.29159330985915494 0.8987676056338029 0.08230633802816902 0.15551643192488263 
0 0.6824383802816901 0.556631455399061 0.07878521126760564 0.06514084507042253 
0 0.10585387323943662 0.8934859154929577 0.09463028169014084 0.15082159624413147 
0 0.8976672535211268 0.8048708920187794 0.08846830985915492 0.2353286384976526 
0 0.7750880281690141 0.2822769953051643 0.05369718309859155 0.21244131455399062 
0 0.4762323943661972 0.8512323943661971 0.08098591549295775 0.2505868544600939 
0 0.03807218309859155 0.16167840375586853 0.07262323943661972 0.13204225352112675 
0 0.1969630281690141 0.6995305164319249 0.09286971830985916 0.2300469483568075 
0 0.09441021126760564 0.7062793427230047 0.08670774647887323 0.24706572769953053 
0 0.2634242957746479 0.24413145539906103 0.08758802816901408 0.3227699530516432 
0 0.35255281690140844 0.29988262910798125 0.07570422535211267 0.21948356807511737 
0 0.15536971830985916 0.2602699530516432 0.09507042253521127 0.3585680751173709 
0 0.4410211267605634 0.28931924882629106 0.07042253521126761 0.2136150234741784 
0 0.29555457746478875 0.7065727699530516 0.09022887323943662 0.23708920187793428 
0 0.5598591549295775 0.8224765258215962 0.07130281690140845 0.27406103286384975 
0 0.9278169014084507 0.29401408450704225 0.05369718309859155 0.19131455399061034 
0 0.5374119718309859 0.2992957746478873 0.07658450704225352 0.20892018779342722 
0 0.8580545774647887 0.2960680751173709 0.07790492957746478 0.1965962441314554 
0 0.7737676056338029 0.5657276995305164 0.06778169014084508 0.05985915492957746 
0 0.647887323943662 0.8221830985915493 0.08098591549295775 0.2711267605633803 
0 0.6241197183098591 0.2890258215962441 0.07042253521126761 0.22007042253521128 
0 0.700044014084507 0.28433098591549294 0.05941901408450704 0.20481220657276994 
0 0.7326144366197183 0.8110328638497653 0.07262323943661972 0.2875586854460094 
0 0.19872359154929578 0.8905516431924883 0.08494718309859155 0.14730046948356806 
0 0.8171214788732394 0.8028169014084507 0.07702464788732394 0.24530516431924881 
0 0.04379401408450704 0.31660798122065725 0.08230633802816902 0.1437793427230047 
0 0.9848151408450704 0.31015258215962443 0.02772887323943662 0.16842723004694835 
0 0.47909330985915494 0.67018779342723 0.09375 0.07276995305164319 
0 0.629181338028169 0.6291079812206573 0.08142605633802817 0.05868544600938967 
0 0.8120598591549296 0.5041079812206573 0.07394366197183098 0.0528169014084507 
0 0.7158890845070423 0.6314553990610329 0.07878521126760564 0.057511737089201875 
0 0.7959947183098591 0.6329225352112676 0.06734154929577464 0.051056338028169015 
0 0.8446302816901409 0.5698356807511737 0.06954225352112677 0.04812206572769953 
0 0.8705985915492958 0.636150234741784 0.07042253521126761 0.057511737089201875 
0 0.9731514084507042 0.8083920187793427 0.05369718309859155 0.21889671361502347 
0 0.29159330985915494 0.8987676056338029 0.08230633802816902 0.15551643192488263 
0 0.6824383802816901 0.556631455399061 0.07878521126760564 0.06514084507042253 
0 0.10585387323943662 0.8934859154929577 0.09463028169014084 0.15082159624413147 
0 0.8976672535211268 0.8048708920187794 0.08846830985915492 0.2353286384976526 
0 0.7750880281690141 0.2822769953051643 0.05369718309859155 0.21244131455399062 
0 0.4762323943661972 0.8512323943661971 0.08098591549295775 0.2505868544600939 
0 0.03807218309859155 0.16167840375586853 0.07262323943661972 0.13204225352112675 
0 0.1969630281690141 0.6995305164319249 0.09286971830985916 0.2300469483568075 
0 0.09441021126760564 0.7062793427230047 0.08670774647887323 0.24706572769953053 
0 0.2634242957746479 0.24413145539906103 0.08758802816901408 0.3227699530516432 
0 0.35255281690140844 0.29988262910798125 0.07570422535211267 0.21948356807511737 
0 0.15536971830985916 0.2602699530516432 0.09507042253521127 0.3585680751173709 
0 0.4410211267605634 0.28931924882629106 0.07042253521126761 0.2136150234741784 
0 0.29555457746478875 0.7065727699530516 0.09022887323943662 0.23708920187793428 
0 0.5598591549295775 0.8224765258215962 0.07130281690140845 0.27406103286384975 
0 0.9278169014084507 0.29401408450704225 0.05369718309859155 0.19131455399061034 
0 0.5374119718309859 0.2992957746478873 0.07658450704225352 0.20892018779342722 
0 0.8580545774647887 0.2960680751173709 0.07790492957746478 0.1965962441314554 
0 0.7737676056338029 0.5657276995305164 0.06778169014084508 0.05985915492957746 
0 0.647887323943662 0.8221830985915493 0.08098591549295775 0.2711267605633803 
0 0.6241197183098591 0.2890258215962441 0.07042253521126761 0.22007042253521128 
0 0.700044014084507 0.28433098591549294 0.05941901408450704 0.20481220657276994 
0 0.7326144366197183 0.8110328638497653 0.07262323943661972 0.2875586854460094 
0 0.19872359154929578 0.8905516431924883 0.08494718309859155 0.14730046948356806 
0 0.8171214788732394 0.8028169014084507 0.07702464788732394 0.24530516431924881 
0 0.04379401408450704 0.31660798122065725 0.08230633802816902 0.1437793427230047 
0 0.9848151408450704 0.31015258215962443 0.02772887323943662 0.16842723004694835 
0 0.47909330985915494 0.67018779342723 0.09375 0.07276995305164319 
0 0.629181338028169 0.6291079812206573 0.08142605633802817 0.05868544600938967 
0 0.8120598591549296 0.5041079812206573 0.07394366197183098 0.0528169014084507 
0 0.7158890845070423 0.6314553990610329 0.07878521126760564 0.057511737089201875 
0 0.7959947183098591 0.6329225352112676 0.06734154929577464 0.051056338028169015 
0 0.8446302816901409 0.5698356807511737 0.06954225352112677 0.04812206572769953 
0 0.8705985915492958 0.636150234741784 0.07042253521126761 0.057511737089201875 
0 0.9731514084507042 0.8083920187793427 0.05369718309859155 0.21889671361502347 
0 0.29159330985915494 0.8987676056338029 0.08230633802816902 0.15551643192488263 
0 0.6824383802816901 0.556631455399061 0.07878521126760564 0.06514084507042253 
0 0.10585387323943662 0.8934859154929577 0.09463028169014084 0.15082159624413147 
0 0.8976672535211268 0.8048708920187794 0.08846830985915492 0.2353286384976526 
0 0.7750880281690141 0.2822769953051643 0.05369718309859155 0.21244131455399062 
0 0.4762323943661972 0.8512323943661971 0.08098591549295775 0.2505868544600939 
0 0.03807218309859155 0.16167840375586853 0.07262323943661972 0.13204225352112675 
0 0.1969630281690141 0.6995305164319249 0.09286971830985916 0.2300469483568075 
0 0.09441021126760564 0.7062793427230047 0.08670774647887323 0.24706572769953053 
0 0.2634242957746479 0.24413145539906103 0.08758802816901408 0.3227699530516432 
0 0.35255281690140844 0.29988262910798125 0.07570422535211267 0.21948356807511737 
0 0.15536971830985916 0.2602699530516432 0.09507042253521127 0.3585680751173709 
0 0.4410211267605634 0.28931924882629106 0.07042253521126761 0.2136150234741784 
0 0.29555457746478875 0.7065727699530516 0.09022887323943662 0.23708920187793428 
0 0.5598591549295775 0.8224765258215962 0.07130281690140845 0.27406103286384975 
0 0.9278169014084507 0.29401408450704225 0.05369718309859155 0.19131455399061034 
0 0.5374119718309859 0.2992957746478873 0.07658450704225352 0.20892018779342722 
0 0.8580545774647887 0.2960680751173709 0.07790492957746478 0.1965962441314554 
0 0.7737676056338029 0.5657276995305164 0.06778169014084508 0.05985915492957746 
0 0.647887323943662 0.8221830985915493 0.08098591549295775 0.2711267605633803 
0 0.6241197183098591 0.2890258215962441 0.07042253521126761 0.22007042253521128 
0 0.700044014084507 0.28433098591549294 0.05941901408450704 0.20481220657276994 
