0 0.7579225352112676 0.8544600938967136 0.05193661971830986 0.21830985915492956 
0 0.6778169014084507 0.04724178403755869 0.15316901408450703 0.08626760563380281 
0 0.09507042253521127 0.8711854460093896 0.08538732394366197 0.24002347417840375 
0 0.023767605633802816 0.8796948356807511 0.04665492957746479 0.18192488262910797 
0 0.9346390845070423 0.8667840375586855 0.12015845070422536 0.1983568075117371 
0 0.3470510563380282 0.357981220657277 0.07790492957746478 0.1960093896713615 
0 0.7946742957746479 0.05369718309859155 0.06734154929577464 0.08509389671361503 
0 0.8954665492957746 0.2576291079812207 0.06470070422535211 0.12206572769953052 
0 0.03895246478873239 0.5982981220657277 0.07086267605633803 0.07687793427230047 
0 0.9540052816901409 0.33949530516431925 0.061179577464788734 0.10035211267605634 
0 0.934419014084507 0.4339788732394366 0.06602112676056338 0.10035211267605634 
0 0.18595950704225353 0.693368544600939 0.07526408450704225 0.06631455399061033 
0 0.030369718309859156 0.6769366197183099 0.05545774647887324 0.061619718309859156 
0 0.06470070422535211 0.5401995305164319 0.06602112676056338 0.06044600938967136 
0 0.8670774647887324 0.6484741784037559 0.12852112676056338 0.15610328638497653 
0 0.8329665492957746 0.8459507042253521 0.07262323943661972 0.2153755868544601 
0 0.8811619718309859 0.3597417840375587 0.05457746478873239 0.0880281690140845 
0 0.2640845070422535 0.8503521126760564 0.07570422535211267 0.21244131455399062 
0 0.5235475352112676 0.8597417840375586 0.0761443661971831 0.24061032863849766 
0 0.6875 0.8565140845070423 0.061619718309859156 0.2517605633802817 
0 0.7803697183098591 0.2793427230046948 0.13996478873239437 0.09741784037558686 
0 0.18243838028169015 0.3345070422535211 0.07526408450704225 0.21244131455399062 
0 0.3514524647887324 0.8562206572769953 0.05237676056338028 0.24647887323943662 
0 0.2654049295774648 0.34917840375586856 0.06954225352112677 0.2136150234741784 
0 0.03102992957746479 0.32188967136150237 0.061179577464788734 0.20363849765258216 
0 0.6388644366197183 0.30721830985915494 0.06470070422535211 0.16842723004694835 
0 0.7761883802816901 0.36502347417840375 0.12720070422535212 0.06455399061032864 
0 0.09683098591549295 0.32335680751173707 0.07746478873239436 0.20657276995305165 
0 0.0957306338028169 0.6854460093896714 0.07878521126760564 0.06690140845070422 
0 0.5669014084507042 0.31015258215962443 0.05721830985915493 0.15669014084507044 
0 0.203125 0.5539906103286385 0.07174295774647887 0.056338028169014086 
0 0.19256161971830985 0.6203051643192489 0.06558098591549295 0.062206572769953054 
0 0.11223591549295775 0.6103286384976526 0.06866197183098592 0.06338028169014084 
0 0.7733274647887324 0.4301643192488263 0.12235915492957747 0.06338028169014084 
0 0.9553257042253521 0.07247652582159625 0.08494718309859155 0.052230046948356805 
0 0.4350792253521127 0.8623826291079812 0.07086267605633803 0.24706572769953053 
0 0.1813380281690141 0.8650234741784038 0.08890845070422536 0.21244131455399062 
0 0.6065140845070423 0.8556338028169014 0.07658450704225352 0.22417840375586853 
0 0.8767605633802817 0.06426056338028169 0.05985915492957746 0.06631455399061033 
0 0.7579225352112676 0.8544600938967136 0.05193661971830986 0.21830985915492956 
0 0.6778169014084507 0.04724178403755869 0.15316901408450703 0.08626760563380281 
0 0.09507042253521127 0.8711854460093896 0.08538732394366197 0.24002347417840375 
0 0.023767605633802816 0.8796948356807511 0.04665492957746479 0.18192488262910797 
0 0.9346390845070423 0.8667840375586855 0.12015845070422536 0.1983568075117371 
0 0.3470510563380282 0.357981220657277 0.07790492957746478 0.1960093896713615 
0 0.7946742957746479 0.05369718309859155 0.06734154929577464 0.08509389671361503 
0 0.8954665492957746 0.2576291079812207 0.06470070422535211 0.12206572769953052 
0 0.03895246478873239 0.5982981220657277 0.07086267605633803 0.07687793427230047 
0 0.9540052816901409 0.33949530516431925 0.061179577464788734 0.10035211267605634 
0 0.934419014084507 0.4339788732394366 0.06602112676056338 0.10035211267605634 
0 0.18595950704225353 0.693368544600939 0.07526408450704225 0.06631455399061033 
0 0.030369718309859156 0.6769366197183099 0.05545774647887324 0.061619718309859156 
0 0.06470070422535211 0.5401995305164319 0.06602112676056338 0.06044600938967136 
0 0.8670774647887324 0.6484741784037559 0.12852112676056338 0.15610328638497653 
0 0.8329665492957746 0.8459507042253521 0.07262323943661972 0.2153755868544601 
0 0.8811619718309859 0.3597417840375587 0.05457746478873239 0.0880281690140845 
0 0.2640845070422535 0.8503521126760564 0.07570422535211267 0.21244131455399062 
0 0.5235475352112676 0.8597417840375586 0.0761443661971831 0.24061032863849766 
0 0.6875 0.8565140845070423 0.061619718309859156 0.2517605633802817 
0 0.7803697183098591 0.2793427230046948 0.13996478873239437 0.09741784037558686 
0 0.18243838028169015 0.3345070422535211 0.07526408450704225 0.21244131455399062 
0 0.3514524647887324 0.8562206572769953 0.05237676056338028 0.24647887323943662 
0 0.2654049295774648 0.34917840375586856 0.06954225352112677 0.2136150234741784 
0 0.03102992957746479 0.32188967136150237 0.061179577464788734 0.20363849765258216 
0 0.6388644366197183 0.30721830985915494 0.06470070422535211 0.16842723004694835 
0 0.7761883802816901 0.36502347417840375 0.12720070422535212 0.06455399061032864 
0 0.09683098591549295 0.32335680751173707 0.07746478873239436 0.20657276995305165 
0 0.0957306338028169 0.6854460093896714 0.07878521126760564 0.06690140845070422 
0 0.5669014084507042 0.31015258215962443 0.05721830985915493 0.15669014084507044 
0 0.203125 0.5539906103286385 0.07174295774647887 0.056338028169014086 
0 0.19256161971830985 0.6203051643192489 0.06558098591549295 0.062206572769953054 
0 0.11223591549295775 0.6103286384976526 0.06866197183098592 0.06338028169014084 
0 0.7733274647887324 0.4301643192488263 0.12235915492957747 0.06338028169014084 
0 0.9553257042253521 0.07247652582159625 0.08494718309859155 0.052230046948356805 
0 0.4350792253521127 0.8623826291079812 0.07086267605633803 0.24706572769953053 
0 0.1813380281690141 0.8650234741784038 0.08890845070422536 0.21244131455399062 
0 0.6065140845070423 0.8556338028169014 0.07658450704225352 0.22417840375586853 
0 0.8767605633802817 0.06426056338028169 0.05985915492957746 0.06631455399061033 
0 0.7579225352112676 0.8544600938967136 0.05193661971830986 0.21830985915492956 
0 0.6778169014084507 0.04724178403755869 0.15316901408450703 0.08626760563380281 
0 0.09507042253521127 0.8711854460093896 0.08538732394366197 0.24002347417840375 
0 0.023767605633802816 0.8796948356807511 0.04665492957746479 0.18192488262910797 
0 0.9346390845070423 0.8667840375586855 0.12015845070422536 0.1983568075117371 
0 0.3470510563380282 0.357981220657277 0.07790492957746478 0.1960093896713615 
0 0.7946742957746479 0.05369718309859155 0.06734154929577464 0.08509389671361503 
0 0.8954665492957746 0.2576291079812207 0.06470070422535211 0.12206572769953052 
0 0.03895246478873239 0.5982981220657277 0.07086267605633803 0.07687793427230047 
0 0.9540052816901409 0.33949530516431925 0.061179577464788734 0.10035211267605634 
0 0.934419014084507 0.4339788732394366 0.06602112676056338 0.10035211267605634 
0 0.18595950704225353 0.693368544600939 0.07526408450704225 0.06631455399061033 
0 0.030369718309859156 0.6769366197183099 0.05545774647887324 0.061619718309859156 
0 0.06470070422535211 0.5401995305164319 0.06602112676056338 0.06044600938967136 
0 0.8670774647887324 0.6484741784037559 0.12852112676056338 0.15610328638497653 
0 0.8329665492957746 0.8459507042253521 0.07262323943661972 0.2153755868544601 
0 0.8811619718309859 0.3597417840375587 0.05457746478873239 0.0880281690140845 
0 0.2640845070422535 0.8503521126760564 0.07570422535211267 0.21244131455399062 
0 0.5235475352112676 0.8597417840375586 0.0761443661971831 0.24061032863849766 
0 0.6875 0.8565140845070423 0.061619718309859156 0.2517605633802817 
0 0.7803697183098591 0.2793427230046948 0.13996478873239437 0.09741784037558686 
0 0.18243838028169015 0.3345070422535211 0.07526408450704225 0.21244131455399062 
0 0.3514524647887324 0.8562206572769953 0.05237676056338028 0.24647887323943662 
0 0.2654049295774648 0.34917840375586856 0.06954225352112677 0.2136150234741784 
0 0.03102992957746479 0.32188967136150237 0.061179577464788734 0.20363849765258216 
0 0.6388644366197183 0.30721830985915494 0.06470070422535211 0.16842723004694835 
0 0.7761883802816901 0.36502347417840375 0.12720070422535212 0.06455399061032864 
0 0.09683098591549295 0.32335680751173707 0.07746478873239436 0.20657276995305165 
0 0.0957306338028169 0.6854460093896714 0.07878521126760564 0.06690140845070422 
0 0.5669014084507042 0.31015258215962443 0.05721830985915493 0.15669014084507044 
0 0.203125 0.5539906103286385 0.07174295774647887 0.056338028169014086 
0 0.19256161971830985 0.6203051643192489 0.06558098591549295 0.062206572769953054 
0 0.11223591549295775 0.6103286384976526 0.06866197183098592 0.06338028169014084 
0 0.7733274647887324 0.4301643192488263 0.12235915492957747 0.06338028169014084 
0 0.9553257042253521 0.07247652582159625 0.08494718309859155 0.052230046948356805 
0 0.4350792253521127 0.8623826291079812 0.07086267605633803 0.24706572769953053 
0 0.1813380281690141 0.8650234741784038 0.08890845070422536 0.21244131455399062 
0 0.6065140845070423 0.8556338028169014 0.07658450704225352 0.22417840375586853 
0 0.8767605633802817 0.06426056338028169 0.05985915492957746 0.06631455399061033 
