0 0.3983274647887324 0.37265258215962443 0.07042253521126761 0.11150234741784038 
0 0.2506602112676056 0.14994131455399062 0.17121478873239437 0.09800469483568075 
0 0.4663292253521127 0.7115610328638498 0.15184859154929578 0.10035211267605634 
0 0.8606954225352113 0.8474178403755869 0.17121478873239437 0.0880281690140845 
0 0.8681778169014085 0.6857394366197183 0.2381161971830986 0.18955399061032863 
0 0.9126320422535211 0.17781690140845072 0.16505281690140844 0.11854460093896714 
0 0.48129401408450706 0.8791079812206573 0.17297535211267606 0.22887323943661972 
0 0.9040492957746479 0.29577464788732394 0.17781690140845072 0.09859154929577464 
0 0.6639524647887324 0.9295774647887324 0.1738556338028169 0.13732394366197184 
0 0.4936179577464789 0.3799882629107981 0.07878521126760564 0.125 
0 0.6969630281690141 0.14788732394366197 0.11487676056338028 0.07863849765258216 
0 0.2592429577464789 0.25322769953051644 0.16725352112676056 0.08744131455399061 
0 0.8972271126760564 0.4043427230046948 0.18882042253521128 0.10093896713615023 
0 0.3983274647887324 0.2564553990610329 0.07922535211267606 0.11854460093896714 
0 0.8622359154929577 0.9480633802816901 0.17517605633802816 0.0886150234741784 
0 0.26188380281690143 0.35269953051643194 0.17165492957746478 0.09624413145539906 
0 0.4005281690140845 0.13849765258215962 0.0818661971830986 0.11032863849765258 
0 0.20158450704225353 0.8286384976525821 0.11179577464788733 0.3145539906103286 
0 0.3199823943661972 0.8333333333333334 0.11091549295774648 0.31103286384976525 
0 0.4900968309859155 0.2520539906103286 0.08230633802816902 0.12147887323943662 
0 0.7365757042253521 0.289906103286385 0.12367957746478873 0.051643192488262914 
0 0.7328345070422535 0.4225352112676056 0.12147887323943662 0.05516431924882629 
0 0.1230193661971831 0.25586854460093894 0.0761443661971831 0.2147887323943662 
0 0.08846830985915492 0.8392018779342723 0.12235915492957747 0.2934272300469484 
0 0.733274647887324 0.3550469483568075 0.12059859154929578 0.05985915492957746 
0 0.5952904929577465 0.4169600938967136 0.11839788732394366 0.051056338028169015 
0 0.5946302816901409 0.3482981220657277 0.11267605633802817 0.058098591549295774 
0 0.5957306338028169 0.2142018779342723 0.13424295774647887 0.08568075117370892 
0 0.7400968309859155 0.22124413145539906 0.12544014084507044 0.062206572769953054 
0 0.5999119718309859 0.2881455399061033 0.11003521126760564 0.051643192488262914 
0 0.040272887323943664 0.25410798122065725 0.07526408450704225 0.23708920187793428 
0 0.3983274647887324 0.37265258215962443 0.07042253521126761 0.11150234741784038 
0 0.2506602112676056 0.14994131455399062 0.17121478873239437 0.09800469483568075 
0 0.4663292253521127 0.7115610328638498 0.15184859154929578 0.10035211267605634 
0 0.8606954225352113 0.8474178403755869 0.17121478873239437 0.0880281690140845 
0 0.8681778169014085 0.6857394366197183 0.2381161971830986 0.18955399061032863 
0 0.9126320422535211 0.17781690140845072 0.16505281690140844 0.11854460093896714 
0 0.48129401408450706 0.8791079812206573 0.17297535211267606 0.22887323943661972 
0 0.9040492957746479 0.29577464788732394 0.17781690140845072 0.09859154929577464 
0 0.6639524647887324 0.9295774647887324 0.1738556338028169 0.13732394366197184 
0 0.4936179577464789 0.3799882629107981 0.07878521126760564 0.125 
0 0.6969630281690141 0.14788732394366197 0.11487676056338028 0.07863849765258216 
0 0.2592429577464789 0.25322769953051644 0.16725352112676056 0.08744131455399061 
0 0.8972271126760564 0.4043427230046948 0.18882042253521128 0.10093896713615023 
0 0.3983274647887324 0.2564553990610329 0.07922535211267606 0.11854460093896714 
0 0.8622359154929577 0.9480633802816901 0.17517605633802816 0.0886150234741784 
0 0.26188380281690143 0.35269953051643194 0.17165492957746478 0.09624413145539906 
0 0.4005281690140845 0.13849765258215962 0.0818661971830986 0.11032863849765258 
0 0.20158450704225353 0.8286384976525821 0.11179577464788733 0.3145539906103286 
0 0.3199823943661972 0.8333333333333334 0.11091549295774648 0.31103286384976525 
0 0.4900968309859155 0.2520539906103286 0.08230633802816902 0.12147887323943662 
0 0.7365757042253521 0.289906103286385 0.12367957746478873 0.051643192488262914 
0 0.7328345070422535 0.4225352112676056 0.12147887323943662 0.05516431924882629 
0 0.1230193661971831 0.25586854460093894 0.0761443661971831 0.2147887323943662 
0 0.08846830985915492 0.8392018779342723 0.12235915492957747 0.2934272300469484 
0 0.733274647887324 0.3550469483568075 0.12059859154929578 0.05985915492957746 
0 0.5952904929577465 0.4169600938967136 0.11839788732394366 0.051056338028169015 
0 0.5946302816901409 0.3482981220657277 0.11267605633802817 0.058098591549295774 
0 0.5957306338028169 0.2142018779342723 0.13424295774647887 0.08568075117370892 
0 0.7400968309859155 0.22124413145539906 0.12544014084507044 0.062206572769953054 
0 0.5999119718309859 0.2881455399061033 0.11003521126760564 0.051643192488262914 
0 0.040272887323943664 0.25410798122065725 0.07526408450704225 0.23708920187793428 
0 0.3983274647887324 0.37265258215962443 0.07042253521126761 0.11150234741784038 
0 0.2506602112676056 0.14994131455399062 0.17121478873239437 0.09800469483568075 
0 0.4663292253521127 0.7115610328638498 0.15184859154929578 0.10035211267605634 
0 0.8606954225352113 0.8474178403755869 0.17121478873239437 0.0880281690140845 
0 0.8681778169014085 0.6857394366197183 0.2381161971830986 0.18955399061032863 
0 0.9126320422535211 0.17781690140845072 0.16505281690140844 0.11854460093896714 
0 0.48129401408450706 0.8791079812206573 0.17297535211267606 0.22887323943661972 
0 0.9040492957746479 0.29577464788732394 0.17781690140845072 0.09859154929577464 
0 0.6639524647887324 0.9295774647887324 0.1738556338028169 0.13732394366197184 
0 0.4936179577464789 0.3799882629107981 0.07878521126760564 0.125 
0 0.6969630281690141 0.14788732394366197 0.11487676056338028 0.07863849765258216 
0 0.2592429577464789 0.25322769953051644 0.16725352112676056 0.08744131455399061 
0 0.8972271126760564 0.4043427230046948 0.18882042253521128 0.10093896713615023 
0 0.3983274647887324 0.2564553990610329 0.07922535211267606 0.11854460093896714 
0 0.8622359154929577 0.9480633802816901 0.17517605633802816 0.0886150234741784 
0 0.26188380281690143 0.35269953051643194 0.17165492957746478 0.09624413145539906 
0 0.4005281690140845 0.13849765258215962 0.0818661971830986 0.11032863849765258 
0 0.20158450704225353 0.8286384976525821 0.11179577464788733 0.3145539906103286 
0 0.3199823943661972 0.8333333333333334 0.11091549295774648 0.31103286384976525 
0 0.4900968309859155 0.2520539906103286 0.08230633802816902 0.12147887323943662 
0 0.7365757042253521 0.289906103286385 0.12367957746478873 0.051643192488262914 
0 0.7328345070422535 0.4225352112676056 0.12147887323943662 0.05516431924882629 
0 0.1230193661971831 0.25586854460093894 0.0761443661971831 0.2147887323943662 
0 0.08846830985915492 0.8392018779342723 0.12235915492957747 0.2934272300469484 
0 0.733274647887324 0.3550469483568075 0.12059859154929578 0.05985915492957746 
0 0.5952904929577465 0.4169600938967136 0.11839788732394366 0.051056338028169015 
0 0.5946302816901409 0.3482981220657277 0.11267605633802817 0.058098591549295774 
0 0.5957306338028169 0.2142018779342723 0.13424295774647887 0.08568075117370892 
0 0.7400968309859155 0.22124413145539906 0.12544014084507044 0.062206572769953054 
0 0.5999119718309859 0.2881455399061033 0.11003521126760564 0.051643192488262914 
0 0.040272887323943664 0.25410798122065725 0.07526408450704225 0.23708920187793428 
