0 0.5961707746478874 0.8166079812206573 0.12367957746478873 0.051056338028169015 
0 0.3118397887323944 0.8394953051643192 0.1483274647887324 0.15786384976525822 
0 0.9339788732394366 0.8453638497652582 0.0994718309859155 0.14847417840375587 
0 0.8613556338028169 0.8192488262910798 0.0448943661971831 0.0892018779342723 
0 0.846830985915493 0.033157276995305164 0.14612676056338028 0.05575117370892019 
0 0.0371919014084507 0.42077464788732394 0.07174295774647887 0.21948356807511737 
0 0.45598591549295775 0.806924882629108 0.12588028169014084 0.05868544600938967 
0 0.47909330985915494 0.3095657276995305 0.12632042253521128 0.09565727699530517 
0 0.5959507042253521 0.8685446009389671 0.13556338028169015 0.0715962441314554 
0 0.4548855633802817 0.7318075117370892 0.14040492957746478 0.0880281690140845 
0 0.45202464788732394 0.8679577464788732 0.125 0.07276995305164319 
0 0.03147007042253521 0.7649647887323944 0.06029929577464789 0.2717136150234742 
0 0.1366637323943662 0.7564553990610329 0.1624119718309859 0.2981220657276995 
0 0.9702904929577465 0.037852112676056336 0.05941901408450704 0.06866197183098592 
0 0.9632482394366197 0.1255868544600939 0.06558098591549295 0.0892018779342723 
0 0.602112676056338 0.7414906103286385 0.12852112676056338 0.07805164319248827 
0 0.6095950704225352 0.32071596244131456 0.10299295774647887 0.0897887323943662 
0 0.15316901408450703 0.420481220657277 0.15316901408450703 0.22007042253521128 
0 0.49471830985915494 0.0818661971830986 0.16725352112676056 0.08509389671361503 
0 0.8805017605633803 0.42811032863849763 0.08142605633802817 0.12147887323943662 
0 0.6179577464788732 0.426056338028169 0.13380281690140844 0.1068075117370892 
0 0.8950264084507042 0.3034037558685446 0.08670774647887323 0.1267605633802817 
0 0.4667693661971831 0.41901408450704225 0.13512323943661972 0.12089201877934272 
0 0.15977112676056338 0.14289906103286384 0.08626760563380281 0.19072769953051644 
0 0.8347271126760564 0.11443661971830986 0.14744718309859156 0.09624413145539906 
0 0.31205985915492956 0.43045774647887325 0.14524647887323944 0.22476525821596244 
0 0.3452904929577465 0.15492957746478872 0.08318661971830986 0.18544600938967137 
0 0.761443661971831 0.44014084507042256 0.1311619718309859 0.0880281690140845 
0 0.6670334507042254 0.09683098591549295 0.15096830985915494 0.09154929577464789 
0 0.7671654929577465 0.34683098591549294 0.13204225352112675 0.0892018779342723 
0 0.056338028169014086 0.142018779342723 0.09154929577464789 0.1960093896713615 
0 0.8849031690140845 0.693075117370892 0.10431338028169014 0.13732394366197184 
0 0.25110035211267606 0.15639671361502347 0.08670774647887323 0.19190140845070422 
0 0.5961707746478874 0.8166079812206573 0.12367957746478873 0.051056338028169015 
0 0.3118397887323944 0.8394953051643192 0.1483274647887324 0.15786384976525822 
0 0.9339788732394366 0.8453638497652582 0.0994718309859155 0.14847417840375587 
0 0.8613556338028169 0.8192488262910798 0.0448943661971831 0.0892018779342723 
0 0.846830985915493 0.033157276995305164 0.14612676056338028 0.05575117370892019 
0 0.0371919014084507 0.42077464788732394 0.07174295774647887 0.21948356807511737 
0 0.45598591549295775 0.806924882629108 0.12588028169014084 0.05868544600938967 
0 0.47909330985915494 0.3095657276995305 0.12632042253521128 0.09565727699530517 
0 0.5959507042253521 0.8685446009389671 0.13556338028169015 0.0715962441314554 
0 0.4548855633802817 0.7318075117370892 0.14040492957746478 0.0880281690140845 
0 0.45202464788732394 0.8679577464788732 0.125 0.07276995305164319 
0 0.03147007042253521 0.7649647887323944 0.06029929577464789 0.2717136150234742 
0 0.1366637323943662 0.7564553990610329 0.1624119718309859 0.2981220657276995 
0 0.9702904929577465 0.037852112676056336 0.05941901408450704 0.06866197183098592 
0 0.9632482394366197 0.1255868544600939 0.06558098591549295 0.0892018779342723 
0 0.602112676056338 0.7414906103286385 0.12852112676056338 0.07805164319248827 
0 0.6095950704225352 0.32071596244131456 0.10299295774647887 0.0897887323943662 
0 0.15316901408450703 0.420481220657277 0.15316901408450703 0.22007042253521128 
0 0.49471830985915494 0.0818661971830986 0.16725352112676056 0.08509389671361503 
0 0.8805017605633803 0.42811032863849763 0.08142605633802817 0.12147887323943662 
0 0.6179577464788732 0.426056338028169 0.13380281690140844 0.1068075117370892 
0 0.8950264084507042 0.3034037558685446 0.08670774647887323 0.1267605633802817 
0 0.4667693661971831 0.41901408450704225 0.13512323943661972 0.12089201877934272 
0 0.15977112676056338 0.14289906103286384 0.08626760563380281 0.19072769953051644 
0 0.8347271126760564 0.11443661971830986 0.14744718309859156 0.09624413145539906 
0 0.31205985915492956 0.43045774647887325 0.14524647887323944 0.22476525821596244 
0 0.3452904929577465 0.15492957746478872 0.08318661971830986 0.18544600938967137 
0 0.761443661971831 0.44014084507042256 0.1311619718309859 0.0880281690140845 
0 0.6670334507042254 0.09683098591549295 0.15096830985915494 0.09154929577464789 
0 0.7671654929577465 0.34683098591549294 0.13204225352112675 0.0892018779342723 
0 0.056338028169014086 0.142018779342723 0.09154929577464789 0.1960093896713615 
0 0.8849031690140845 0.693075117370892 0.10431338028169014 0.13732394366197184 
0 0.25110035211267606 0.15639671361502347 0.08670774647887323 0.19190140845070422 
0 0.5961707746478874 0.8166079812206573 0.12367957746478873 0.051056338028169015 
0 0.3118397887323944 0.8394953051643192 0.1483274647887324 0.15786384976525822 
0 0.9339788732394366 0.8453638497652582 0.0994718309859155 0.14847417840375587 
0 0.8613556338028169 0.8192488262910798 0.0448943661971831 0.0892018779342723 
0 0.846830985915493 0.033157276995305164 0.14612676056338028 0.05575117370892019 
0 0.0371919014084507 0.42077464788732394 0.07174295774647887 0.21948356807511737 
0 0.45598591549295775 0.806924882629108 0.12588028169014084 0.05868544600938967 
0 0.47909330985915494 0.3095657276995305 0.12632042253521128 0.09565727699530517 
0 0.5959507042253521 0.8685446009389671 0.13556338028169015 0.0715962441314554 
0 0.4548855633802817 0.7318075117370892 0.14040492957746478 0.0880281690140845 
0 0.45202464788732394 0.8679577464788732 0.125 0.07276995305164319 
0 0.03147007042253521 0.7649647887323944 0.06029929577464789 0.2717136150234742 
0 0.1366637323943662 0.7564553990610329 0.1624119718309859 0.2981220657276995 
0 0.9702904929577465 0.037852112676056336 0.05941901408450704 0.06866197183098592 
0 0.9632482394366197 0.1255868544600939 0.06558098591549295 0.0892018779342723 
0 0.602112676056338 0.7414906103286385 0.12852112676056338 0.07805164319248827 
0 0.6095950704225352 0.32071596244131456 0.10299295774647887 0.0897887323943662 
0 0.15316901408450703 0.420481220657277 0.15316901408450703 0.22007042253521128 
0 0.49471830985915494 0.0818661971830986 0.16725352112676056 0.08509389671361503 
0 0.8805017605633803 0.42811032863849763 0.08142605633802817 0.12147887323943662 
0 0.6179577464788732 0.426056338028169 0.13380281690140844 0.1068075117370892 
0 0.8950264084507042 0.3034037558685446 0.08670774647887323 0.1267605633802817 
0 0.4667693661971831 0.41901408450704225 0.13512323943661972 0.12089201877934272 
0 0.15977112676056338 0.14289906103286384 0.08626760563380281 0.19072769953051644 
0 0.8347271126760564 0.11443661971830986 0.14744718309859156 0.09624413145539906 
0 0.31205985915492956 0.43045774647887325 0.14524647887323944 0.22476525821596244 
0 0.3452904929577465 0.15492957746478872 0.08318661971830986 0.18544600938967137 
0 0.761443661971831 0.44014084507042256 0.1311619718309859 0.0880281690140845 
0 0.6670334507042254 0.09683098591549295 0.15096830985915494 0.09154929577464789 
0 0.7671654929577465 0.34683098591549294 0.13204225352112675 0.0892018779342723 
0 0.056338028169014086 0.142018779342723 0.09154929577464789 0.1960093896713615 
0 0.8849031690140845 0.693075117370892 0.10431338028169014 0.13732394366197184 
0 0.25110035211267606 0.15639671361502347 0.08670774647887323 0.19190140845070422 
