0 0.2623239436619718 0.8946596244131455 0.06338028169014084 0.1789906103286385 
0 0.6725352112676056 0.5076291079812206 0.10299295774647887 0.10093896713615023 
0 0.0644806338028169 0.6276408450704225 0.12632042253521128 0.052230046948356805 
0 0.06382042253521127 0.5580985915492958 0.125 0.07042253521126761 
0 0.5565580985915493 0.4970657276995305 0.10079225352112677 0.08215962441314555 
0 0.6492077464788732 0.1153169014084507 0.0818661971830986 0.18485915492957747 
0 0.7742077464788732 0.5061619718309859 0.0897887323943662 0.09096244131455399 
0 0.6934419014084507 0.8882042253521126 0.07526408450704225 0.21654929577464788 
0 0.7704665492957746 0.6041666666666666 0.09463028169014084 0.09330985915492958 
0 0.6122359154929577 0.8890845070422535 0.07746478873239436 0.2147887323943662 
0 0.5255281690140845 0.8908450704225352 0.08362676056338028 0.21830985915492956 
0 0.9355193661971831 0.8829225352112676 0.07966549295774648 0.22124413145539906 
0 0.03125 0.8814553990610329 0.061619718309859156 0.1960093896713615 
0 0.7759683098591549 0.8840962441314554 0.07922535211267606 0.22476525821596244 
0 0.8556338028169014 0.8832159624413145 0.07746478873239436 0.22652582159624413 
0 0.06492077464788733 0.47857981220657275 0.12191901408450705 0.04518779342723005 
0 0.3615757042253521 0.15258215962441316 0.07878521126760564 0.13732394366197184 
0 0.1837588028169014 0.8958333333333334 0.07526408450704225 0.1766431924882629 
0 0.6703345070422535 0.6050469483568075 0.08890845070422536 0.09741784037558686 
0 0.5517165492957746 0.6041666666666666 0.09198943661971831 0.10269953051643192 
0 0.9639084507042254 0.585387323943662 0.0721830985915493 0.14964788732394366 
0 0.3496919014084507 0.8905516431924883 0.08318661971830986 0.21889671361502347 
0 0.9148327464788732 0.3001760563380282 0.0840669014084507 0.1766431924882629 
0 0.441681338028169 0.8876173708920188 0.07878521126760564 0.2177230046948357 
0 0.17143485915492956 0.23884976525821597 0.09991197183098592 0.25234741784037557 
0 0.8283450704225352 0.30076291079812206 0.09507042253521127 0.1813380281690141 
0 0.4397007042253521 0.590669014084507 0.10299295774647887 0.1238262910798122 
0 0.4425616197183099 0.29225352112676056 0.08142605633802817 0.18309859154929578 
0 0.352112676056338 0.3060446009389671 0.08362676056338028 0.14612676056338028 
0 0.5523767605633803 0.2984154929577465 0.09242957746478873 0.18251173708920188 
0 0.2205105633802817 0.6226525821596244 0.12059859154929578 0.057511737089201875 
0 0.8736795774647887 0.5733568075117371 0.09242957746478873 0.1443661971830986 
0 0.2249119718309859 0.5583920187793427 0.11971830985915492 0.0534037558685446 
0 0.5547975352112676 0.11120892018779342 0.09022887323943662 0.17077464788732394 
0 0.4414612676056338 0.10592723004694836 0.09507042253521127 0.18485915492957747 
0 0.05479753521126761 0.24501173708920188 0.10607394366197183 0.2681924882629108 
0 0.21764964788732394 0.48826291079812206 0.11487676056338028 0.062206572769953054 
0 0.6428257042253521 0.2972417840375587 0.08142605633802817 0.1789906103286385 
0 0.2623239436619718 0.8946596244131455 0.06338028169014084 0.1789906103286385 
0 0.6725352112676056 0.5076291079812206 0.10299295774647887 0.10093896713615023 
0 0.0644806338028169 0.6276408450704225 0.12632042253521128 0.052230046948356805 
0 0.06382042253521127 0.5580985915492958 0.125 0.07042253521126761 
0 0.5565580985915493 0.4970657276995305 0.10079225352112677 0.08215962441314555 
0 0.6492077464788732 0.1153169014084507 0.0818661971830986 0.18485915492957747 
0 0.7742077464788732 0.5061619718309859 0.0897887323943662 0.09096244131455399 
0 0.6934419014084507 0.8882042253521126 0.07526408450704225 0.21654929577464788 
0 0.7704665492957746 0.6041666666666666 0.09463028169014084 0.09330985915492958 
0 0.6122359154929577 0.8890845070422535 0.07746478873239436 0.2147887323943662 
0 0.5255281690140845 0.8908450704225352 0.08362676056338028 0.21830985915492956 
0 0.9355193661971831 0.8829225352112676 0.07966549295774648 0.22124413145539906 
0 0.03125 0.8814553990610329 0.061619718309859156 0.1960093896713615 
0 0.7759683098591549 0.8840962441314554 0.07922535211267606 0.22476525821596244 
0 0.8556338028169014 0.8832159624413145 0.07746478873239436 0.22652582159624413 
0 0.06492077464788733 0.47857981220657275 0.12191901408450705 0.04518779342723005 
0 0.3615757042253521 0.15258215962441316 0.07878521126760564 0.13732394366197184 
0 0.1837588028169014 0.8958333333333334 0.07526408450704225 0.1766431924882629 
0 0.6703345070422535 0.6050469483568075 0.08890845070422536 0.09741784037558686 
0 0.5517165492957746 0.6041666666666666 0.09198943661971831 0.10269953051643192 
0 0.9639084507042254 0.585387323943662 0.0721830985915493 0.14964788732394366 
0 0.3496919014084507 0.8905516431924883 0.08318661971830986 0.21889671361502347 
0 0.9148327464788732 0.3001760563380282 0.0840669014084507 0.1766431924882629 
0 0.441681338028169 0.8876173708920188 0.07878521126760564 0.2177230046948357 
0 0.17143485915492956 0.23884976525821597 0.09991197183098592 0.25234741784037557 
0 0.8283450704225352 0.30076291079812206 0.09507042253521127 0.1813380281690141 
0 0.4397007042253521 0.590669014084507 0.10299295774647887 0.1238262910798122 
0 0.4425616197183099 0.29225352112676056 0.08142605633802817 0.18309859154929578 
0 0.352112676056338 0.3060446009389671 0.08362676056338028 0.14612676056338028 
0 0.5523767605633803 0.2984154929577465 0.09242957746478873 0.18251173708920188 
0 0.2205105633802817 0.6226525821596244 0.12059859154929578 0.057511737089201875 
0 0.8736795774647887 0.5733568075117371 0.09242957746478873 0.1443661971830986 
0 0.2249119718309859 0.5583920187793427 0.11971830985915492 0.0534037558685446 
0 0.5547975352112676 0.11120892018779342 0.09022887323943662 0.17077464788732394 
0 0.4414612676056338 0.10592723004694836 0.09507042253521127 0.18485915492957747 
0 0.05479753521126761 0.24501173708920188 0.10607394366197183 0.2681924882629108 
0 0.21764964788732394 0.48826291079812206 0.11487676056338028 0.062206572769953054 
0 0.6428257042253521 0.2972417840375587 0.08142605633802817 0.1789906103286385 
0 0.2623239436619718 0.8946596244131455 0.06338028169014084 0.1789906103286385 
0 0.6725352112676056 0.5076291079812206 0.10299295774647887 0.10093896713615023 
0 0.0644806338028169 0.6276408450704225 0.12632042253521128 0.052230046948356805 
0 0.06382042253521127 0.5580985915492958 0.125 0.07042253521126761 
0 0.5565580985915493 0.4970657276995305 0.10079225352112677 0.08215962441314555 
0 0.6492077464788732 0.1153169014084507 0.0818661971830986 0.18485915492957747 
0 0.7742077464788732 0.5061619718309859 0.0897887323943662 0.09096244131455399 
0 0.6934419014084507 0.8882042253521126 0.07526408450704225 0.21654929577464788 
0 0.7704665492957746 0.6041666666666666 0.09463028169014084 0.09330985915492958 
0 0.6122359154929577 0.8890845070422535 0.07746478873239436 0.2147887323943662 
0 0.5255281690140845 0.8908450704225352 0.08362676056338028 0.21830985915492956 
0 0.9355193661971831 0.8829225352112676 0.07966549295774648 0.22124413145539906 
0 0.03125 0.8814553990610329 0.061619718309859156 0.1960093896713615 
0 0.7759683098591549 0.8840962441314554 0.07922535211267606 0.22476525821596244 
0 0.8556338028169014 0.8832159624413145 0.07746478873239436 0.22652582159624413 
0 0.06492077464788733 0.47857981220657275 0.12191901408450705 0.04518779342723005 
0 0.3615757042253521 0.15258215962441316 0.07878521126760564 0.13732394366197184 
0 0.1837588028169014 0.8958333333333334 0.07526408450704225 0.1766431924882629 
0 0.6703345070422535 0.6050469483568075 0.08890845070422536 0.09741784037558686 
0 0.5517165492957746 0.6041666666666666 0.09198943661971831 0.10269953051643192 
0 0.9639084507042254 0.585387323943662 0.0721830985915493 0.14964788732394366 
0 0.3496919014084507 0.8905516431924883 0.08318661971830986 0.21889671361502347 
0 0.9148327464788732 0.3001760563380282 0.0840669014084507 0.1766431924882629 
0 0.441681338028169 0.8876173708920188 0.07878521126760564 0.2177230046948357 
0 0.17143485915492956 0.23884976525821597 0.09991197183098592 0.25234741784037557 
0 0.8283450704225352 0.30076291079812206 0.09507042253521127 0.1813380281690141 
0 0.4397007042253521 0.590669014084507 0.10299295774647887 0.1238262910798122 
0 0.4425616197183099 0.29225352112676056 0.08142605633802817 0.18309859154929578 
0 0.352112676056338 0.3060446009389671 0.08362676056338028 0.14612676056338028 
0 0.5523767605633803 0.2984154929577465 0.09242957746478873 0.18251173708920188 
0 0.2205105633802817 0.6226525821596244 0.12059859154929578 0.057511737089201875 
0 0.8736795774647887 0.5733568075117371 0.09242957746478873 0.1443661971830986 
0 0.2249119718309859 0.5583920187793427 0.11971830985915492 0.0534037558685446 
0 0.5547975352112676 0.11120892018779342 0.09022887323943662 0.17077464788732394 
0 0.4414612676056338 0.10592723004694836 0.09507042253521127 0.18485915492957747 
0 0.05479753521126761 0.24501173708920188 0.10607394366197183 0.2681924882629108 
0 0.21764964788732394 0.48826291079812206 0.11487676056338028 0.062206572769953054 
0 0.6428257042253521 0.2972417840375587 0.08142605633802817 0.1789906103286385 
