0 0.21830985915492956 0.1728286384976526 0.061619718309859156 0.10622065727699531 
0 0.05567781690140845 0.5886150234741784 0.06734154929577464 0.13380281690140844 
0 0.5941901408450704 0.6044600938967136 0.058098591549295774 0.13615023474178403 
0 0.5481954225352113 0.8157276995305164 0.10871478873239436 0.17370892018779344 
0 0.5928697183098591 0.4650821596244131 0.056338028169014086 0.11561032863849766 
0 0.14788732394366197 0.1857394366197183 0.06866197183098592 0.10269953051643192 
0 0.7799295774647887 0.8177816901408451 0.10387323943661972 0.1602112676056338 
0 0.0565580985915493 0.448943661971831 0.07526408450704225 0.12910798122065728 
0 0.7341549295774648 0.4721244131455399 0.06338028169014084 0.12852112676056338 
0 0.06580105633802817 0.2937206572769953 0.06382042253521127 0.09330985915492958 
0 0.07900528169014084 0.846830985915493 0.0743838028169014 0.0715962441314554 
0 0.8556338028169014 0.25586854460093894 0.04929577464788732 0.17488262910798122 
0 0.898987676056338 0.7344483568075117 0.07526408450704225 0.058098591549295774 
0 0.2535211267605634 0.829518779342723 0.07042253521126761 0.11795774647887323 
0 0.43463908450704225 0.8318661971830986 0.06734154929577464 0.11678403755868545 
0 0.1701144366197183 0.8348004694835681 0.0682218309859155 0.08509389671361503 
0 0.07108274647887323 0.18544600938967137 0.06910211267605634 0.1056338028169014 
0 0.07768485915492958 0.7573356807511737 0.07702464788732394 0.07687793427230047 
0 0.17297535211267606 0.755575117370892 0.06954225352112677 0.07453051643192488 
0 0.01232394366197183 0.28843896713615025 0.01936619718309859 0.08509389671361503 
0 0.01716549295774648 0.18603286384976525 0.029049295774647887 0.09859154929577464 
0 0.2227112676056338 0.29577464788732394 0.07130281690140845 0.10446009389671361 
0 0.9077904929577465 0.5481220657276995 0.1131161971830986 0.04812206572769953 
0 0.2992957746478873 0.29958920187793425 0.06426056338028169 0.09917840375586855 
0 0.8945862676056338 0.8034037558685446 0.09286971830985916 0.062206572769953054 
0 0.2984154929577465 0.17634976525821597 0.06778169014084508 0.1073943661971831 
0 0.3554137323943662 0.6062206572769953 0.06205985915492958 0.13380281690140844 
0 0.6626320422535211 0.8145539906103286 0.11399647887323944 0.16314553990610328 
0 0.6043133802816901 0.2517605633802817 0.05457746478873239 0.2300469483568075 
0 0.9346390845070423 0.2177230046948357 0.11663732394366197 0.1960093896713615 
0 0.7154489436619719 0.2335680751173709 0.047975352112676055 0.24530516431924881 
0 0.4397007042253521 0.21742957746478872 0.05017605633802817 0.267018779342723 
0 0.49691901408450706 0.22036384976525822 0.05369718309859155 0.27406103286384975 
0 0.773987676056338 0.2391431924882629 0.05413732394366197 0.24589201877934272 
0 0.659330985915493 0.23268779342723006 0.04137323943661972 0.2517605633802817 
0 0.3842429577464789 0.21508215962441316 0.05457746478873239 0.2564553990610329 
0 0.5488556338028169 0.23943661971830985 0.04401408450704225 0.2300469483568075 
0 0.43485915492957744 0.4914906103286385 0.06866197183098592 0.08039906103286384 
0 0.6624119718309859 0.6091549295774648 0.05897887323943662 0.1267605633802817 
0 0.6659330985915493 0.4727112676056338 0.06514084507042253 0.125 
0 0.4295774647887324 0.6097417840375586 0.06073943661971831 0.13497652582159625 
0 0.5242077464788732 0.4650821596244131 0.05193661971830986 0.11795774647887323 
0 0.27266725352112675 0.6056338028169014 0.06470070422535211 0.13380281690140844 
0 0.5200264084507042 0.6015258215962441 0.058538732394366196 0.1267605633802817 
0 0.9091109154929577 0.4765258215962441 0.11663732394366197 0.06690140845070422 
0 0.797975352112676 0.6117957746478874 0.06073943661971831 0.1273474178403756 
0 0.20004401408450703 0.5947769953051644 0.05941901408450704 0.13673708920187794 
0 0.8023767605633803 0.477406103286385 0.05897887323943662 0.1238262910798122 
0 0.7293133802816901 0.6088615023474179 0.061619718309859156 0.1273474178403756 
0 0.34375 0.8303990610328639 0.07306338028169014 0.13262910798122066 
0 0.21830985915492956 0.1728286384976526 0.061619718309859156 0.10622065727699531 
0 0.05567781690140845 0.5886150234741784 0.06734154929577464 0.13380281690140844 
0 0.5941901408450704 0.6044600938967136 0.058098591549295774 0.13615023474178403 
0 0.5481954225352113 0.8157276995305164 0.10871478873239436 0.17370892018779344 
0 0.5928697183098591 0.4650821596244131 0.056338028169014086 0.11561032863849766 
0 0.14788732394366197 0.1857394366197183 0.06866197183098592 0.10269953051643192 
0 0.7799295774647887 0.8177816901408451 0.10387323943661972 0.1602112676056338 
0 0.0565580985915493 0.448943661971831 0.07526408450704225 0.12910798122065728 
0 0.7341549295774648 0.4721244131455399 0.06338028169014084 0.12852112676056338 
0 0.06580105633802817 0.2937206572769953 0.06382042253521127 0.09330985915492958 
0 0.07900528169014084 0.846830985915493 0.0743838028169014 0.0715962441314554 
0 0.8556338028169014 0.25586854460093894 0.04929577464788732 0.17488262910798122 
0 0.898987676056338 0.7344483568075117 0.07526408450704225 0.058098591549295774 
0 0.2535211267605634 0.829518779342723 0.07042253521126761 0.11795774647887323 
0 0.43463908450704225 0.8318661971830986 0.06734154929577464 0.11678403755868545 
0 0.1701144366197183 0.8348004694835681 0.0682218309859155 0.08509389671361503 
0 0.07108274647887323 0.18544600938967137 0.06910211267605634 0.1056338028169014 
0 0.07768485915492958 0.7573356807511737 0.07702464788732394 0.07687793427230047 
0 0.17297535211267606 0.755575117370892 0.06954225352112677 0.07453051643192488 
0 0.01232394366197183 0.28843896713615025 0.01936619718309859 0.08509389671361503 
0 0.01716549295774648 0.18603286384976525 0.029049295774647887 0.09859154929577464 
0 0.2227112676056338 0.29577464788732394 0.07130281690140845 0.10446009389671361 
0 0.9077904929577465 0.5481220657276995 0.1131161971830986 0.04812206572769953 
0 0.2992957746478873 0.29958920187793425 0.06426056338028169 0.09917840375586855 
0 0.8945862676056338 0.8034037558685446 0.09286971830985916 0.062206572769953054 
0 0.2984154929577465 0.17634976525821597 0.06778169014084508 0.1073943661971831 
0 0.3554137323943662 0.6062206572769953 0.06205985915492958 0.13380281690140844 
0 0.6626320422535211 0.8145539906103286 0.11399647887323944 0.16314553990610328 
0 0.6043133802816901 0.2517605633802817 0.05457746478873239 0.2300469483568075 
0 0.9346390845070423 0.2177230046948357 0.11663732394366197 0.1960093896713615 
0 0.7154489436619719 0.2335680751173709 0.047975352112676055 0.24530516431924881 
0 0.4397007042253521 0.21742957746478872 0.05017605633802817 0.267018779342723 
0 0.49691901408450706 0.22036384976525822 0.05369718309859155 0.27406103286384975 
0 0.773987676056338 0.2391431924882629 0.05413732394366197 0.24589201877934272 
0 0.659330985915493 0.23268779342723006 0.04137323943661972 0.2517605633802817 
0 0.3842429577464789 0.21508215962441316 0.05457746478873239 0.2564553990610329 
0 0.5488556338028169 0.23943661971830985 0.04401408450704225 0.2300469483568075 
0 0.43485915492957744 0.4914906103286385 0.06866197183098592 0.08039906103286384 
0 0.6624119718309859 0.6091549295774648 0.05897887323943662 0.1267605633802817 
0 0.6659330985915493 0.4727112676056338 0.06514084507042253 0.125 
0 0.4295774647887324 0.6097417840375586 0.06073943661971831 0.13497652582159625 
0 0.5242077464788732 0.4650821596244131 0.05193661971830986 0.11795774647887323 
0 0.27266725352112675 0.6056338028169014 0.06470070422535211 0.13380281690140844 
0 0.5200264084507042 0.6015258215962441 0.058538732394366196 0.1267605633802817 
0 0.9091109154929577 0.4765258215962441 0.11663732394366197 0.06690140845070422 
0 0.797975352112676 0.6117957746478874 0.06073943661971831 0.1273474178403756 
0 0.20004401408450703 0.5947769953051644 0.05941901408450704 0.13673708920187794 
0 0.8023767605633803 0.477406103286385 0.05897887323943662 0.1238262910798122 
0 0.7293133802816901 0.6088615023474179 0.061619718309859156 0.1273474178403756 
0 0.34375 0.8303990610328639 0.07306338028169014 0.13262910798122066 
0 0.21830985915492956 0.1728286384976526 0.061619718309859156 0.10622065727699531 
0 0.05567781690140845 0.5886150234741784 0.06734154929577464 0.13380281690140844 
0 0.5941901408450704 0.6044600938967136 0.058098591549295774 0.13615023474178403 
0 0.5481954225352113 0.8157276995305164 0.10871478873239436 0.17370892018779344 
0 0.5928697183098591 0.4650821596244131 0.056338028169014086 0.11561032863849766 
0 0.14788732394366197 0.1857394366197183 0.06866197183098592 0.10269953051643192 
0 0.7799295774647887 0.8177816901408451 0.10387323943661972 0.1602112676056338 
0 0.0565580985915493 0.448943661971831 0.07526408450704225 0.12910798122065728 
0 0.7341549295774648 0.4721244131455399 0.06338028169014084 0.12852112676056338 
0 0.06580105633802817 0.2937206572769953 0.06382042253521127 0.09330985915492958 
0 0.07900528169014084 0.846830985915493 0.0743838028169014 0.0715962441314554 
0 0.8556338028169014 0.25586854460093894 0.04929577464788732 0.17488262910798122 
0 0.898987676056338 0.7344483568075117 0.07526408450704225 0.058098591549295774 
0 0.2535211267605634 0.829518779342723 0.07042253521126761 0.11795774647887323 
0 0.43463908450704225 0.8318661971830986 0.06734154929577464 0.11678403755868545 
0 0.1701144366197183 0.8348004694835681 0.0682218309859155 0.08509389671361503 
0 0.07108274647887323 0.18544600938967137 0.06910211267605634 0.1056338028169014 
0 0.07768485915492958 0.7573356807511737 0.07702464788732394 0.07687793427230047 
0 0.17297535211267606 0.755575117370892 0.06954225352112677 0.07453051643192488 
0 0.01232394366197183 0.28843896713615025 0.01936619718309859 0.08509389671361503 
0 0.01716549295774648 0.18603286384976525 0.029049295774647887 0.09859154929577464 
0 0.2227112676056338 0.29577464788732394 0.07130281690140845 0.10446009389671361 
0 0.9077904929577465 0.5481220657276995 0.1131161971830986 0.04812206572769953 
0 0.2992957746478873 0.29958920187793425 0.06426056338028169 0.09917840375586855 
0 0.8945862676056338 0.8034037558685446 0.09286971830985916 0.062206572769953054 
0 0.2984154929577465 0.17634976525821597 0.06778169014084508 0.1073943661971831 
0 0.3554137323943662 0.6062206572769953 0.06205985915492958 0.13380281690140844 
0 0.6626320422535211 0.8145539906103286 0.11399647887323944 0.16314553990610328 
0 0.6043133802816901 0.2517605633802817 0.05457746478873239 0.2300469483568075 
0 0.9346390845070423 0.2177230046948357 0.11663732394366197 0.1960093896713615 
0 0.7154489436619719 0.2335680751173709 0.047975352112676055 0.24530516431924881 
0 0.4397007042253521 0.21742957746478872 0.05017605633802817 0.267018779342723 
0 0.49691901408450706 0.22036384976525822 0.05369718309859155 0.27406103286384975 
0 0.773987676056338 0.2391431924882629 0.05413732394366197 0.24589201877934272 
0 0.659330985915493 0.23268779342723006 0.04137323943661972 0.2517605633802817 
0 0.3842429577464789 0.21508215962441316 0.05457746478873239 0.2564553990610329 
0 0.5488556338028169 0.23943661971830985 0.04401408450704225 0.2300469483568075 
0 0.43485915492957744 0.4914906103286385 0.06866197183098592 0.08039906103286384 
0 0.6624119718309859 0.6091549295774648 0.05897887323943662 0.1267605633802817 
0 0.6659330985915493 0.4727112676056338 0.06514084507042253 0.125 
0 0.4295774647887324 0.6097417840375586 0.06073943661971831 0.13497652582159625 
0 0.5242077464788732 0.4650821596244131 0.05193661971830986 0.11795774647887323 
0 0.27266725352112675 0.6056338028169014 0.06470070422535211 0.13380281690140844 
0 0.5200264084507042 0.6015258215962441 0.058538732394366196 0.1267605633802817 
0 0.9091109154929577 0.4765258215962441 0.11663732394366197 0.06690140845070422 
0 0.797975352112676 0.6117957746478874 0.06073943661971831 0.1273474178403756 
0 0.20004401408450703 0.5947769953051644 0.05941901408450704 0.13673708920187794 
0 0.8023767605633803 0.477406103286385 0.05897887323943662 0.1238262910798122 
0 0.7293133802816901 0.6088615023474179 0.061619718309859156 0.1273474178403756 
0 0.34375 0.8303990610328639 0.07306338028169014 0.13262910798122066 
