0 0.04159330985915493 0.4110915492957746 0.08230633802816902 0.1414319248826291 
0 0.07746478873239436 0.21684272300469484 0.0721830985915493 0.1437793427230047 
0 0.14282570422535212 0.22359154929577466 0.06470070422535211 0.13028169014084506 
0 0.41087147887323944 0.20980046948356806 0.07262323943661972 0.16725352112676056 
0 0.2753080985915493 0.22007042253521128 0.05941901408450704 0.13262910798122066 
0 0.06558098591549295 0.7767018779342723 0.09595070422535211 0.1273474178403756 
0 0.7669454225352113 0.7734741784037559 0.07086267605633803 0.1267605633802817 
0 0.6852992957746479 0.7743544600938967 0.09154929577464789 0.12030516431924883 
0 0.0488556338028169 0.6000586854460094 0.09683098591549295 0.13204225352112675 
0 0.976012323943662 0.7684859154929577 0.047975352112676055 0.12852112676056338 
0 0.9113116197183099 0.5980046948356808 0.07966549295774648 0.14906103286384975 
0 0.9022887323943662 0.7711267605633803 0.10475352112676056 0.12793427230046947 
0 0.832306338028169 0.5982981220657277 0.07658450704225352 0.14964788732394366 
0 0.7134683098591549 0.9313380281690141 0.09242957746478873 0.11502347417840375 
0 0.860475352112676 0.9289906103286385 0.06690140845070422 0.12206572769953052 
0 0.7915933098591549 0.931924882629108 0.06998239436619719 0.11384976525821597 
0 0.9390404929577465 0.9295774647887324 0.09198943661971831 0.12441314553990611 
0 0.9746919014084507 0.5991784037558685 0.04709507042253521 0.1396713615023474 
0 0.03389084507042254 0.9301643192488263 0.06514084507042253 0.11737089201877934 
0 0.28257042253521125 0.7761150234741784 0.0977112676056338 0.12617370892018778 
0 0.3930457746478873 0.6059272300469484 0.08362676056338028 0.1437793427230047 
0 0.0977112676056338 0.9292840375586855 0.06514084507042253 0.11561032863849766 
0 0.480193661971831 0.6026995305164319 0.0897887323943662 0.1467136150234742 
0 0.1386443661971831 0.4193075117370892 0.08714788732394366 0.16725352112676056 
0 0.3457306338028169 0.21390845070422534 0.06029929577464789 0.14612676056338028 
0 0.3769806338028169 0.4102112676056338 0.08846830985915492 0.16666666666666666 
0 0.47161091549295775 0.41519953051643194 0.09551056338028169 0.14964788732394366 
0 0.2962147887323944 0.414612676056338 0.07482394366197183 0.16607981220657278 
0 0.6976232394366197 0.1977699530516432 0.0818661971830986 0.1643192488262911 
0 0.261443661971831 0.6026995305164319 0.08450704225352113 0.13380281690140844 
0 0.6076144366197183 0.20657276995305165 0.08318661971830986 0.1643192488262911 
0 0.9555457746478874 0.19982394366197184 0.07658450704225352 0.15316901408450703 
0 0.8659771126760564 0.19718309859154928 0.09551056338028169 0.17136150234741784 
0 0.836487676056338 0.40874413145539906 0.07702464788732394 0.15786384976525822 
0 0.7794894366197183 0.19953051643192488 0.07658450704225352 0.176056338028169 
0 0.7504401408450704 0.4046361502347418 0.09154929577464789 0.17312206572769953 
0 0.48811619718309857 0.2068661971830986 0.07834507042253522 0.1613849765258216 
0 0.17165492957746478 0.5985915492957746 0.0994718309859155 0.13849765258215962 
0 0.6740757042253521 0.6012323943661971 0.08494718309859155 0.14964788732394366 
0 0.22007042253521128 0.4166666666666667 0.07658450704225352 0.17018779342723006 
0 0.7559419014084507 0.6009389671361502 0.07790492957746478 0.15140845070422534 
0 0.18904049295774647 0.7752347417840375 0.08670774647887323 0.12441314553990611 
0 0.9238556338028169 0.4084507042253521 0.09419014084507042 0.1572769953051643 
0 0.20840669014084506 0.2221244131455399 0.0682218309859155 0.125 
0 0.04159330985915493 0.4110915492957746 0.08230633802816902 0.1414319248826291 
0 0.07746478873239436 0.21684272300469484 0.0721830985915493 0.1437793427230047 
0 0.14282570422535212 0.22359154929577466 0.06470070422535211 0.13028169014084506 
0 0.41087147887323944 0.20980046948356806 0.07262323943661972 0.16725352112676056 
0 0.2753080985915493 0.22007042253521128 0.05941901408450704 0.13262910798122066 
0 0.06558098591549295 0.7767018779342723 0.09595070422535211 0.1273474178403756 
0 0.7669454225352113 0.7734741784037559 0.07086267605633803 0.1267605633802817 
0 0.6852992957746479 0.7743544600938967 0.09154929577464789 0.12030516431924883 
0 0.0488556338028169 0.6000586854460094 0.09683098591549295 0.13204225352112675 
0 0.976012323943662 0.7684859154929577 0.047975352112676055 0.12852112676056338 
0 0.9113116197183099 0.5980046948356808 0.07966549295774648 0.14906103286384975 
0 0.9022887323943662 0.7711267605633803 0.10475352112676056 0.12793427230046947 
0 0.832306338028169 0.5982981220657277 0.07658450704225352 0.14964788732394366 
0 0.7134683098591549 0.9313380281690141 0.09242957746478873 0.11502347417840375 
0 0.860475352112676 0.9289906103286385 0.06690140845070422 0.12206572769953052 
0 0.7915933098591549 0.931924882629108 0.06998239436619719 0.11384976525821597 
0 0.9390404929577465 0.9295774647887324 0.09198943661971831 0.12441314553990611 
0 0.9746919014084507 0.5991784037558685 0.04709507042253521 0.1396713615023474 
0 0.03389084507042254 0.9301643192488263 0.06514084507042253 0.11737089201877934 
0 0.28257042253521125 0.7761150234741784 0.0977112676056338 0.12617370892018778 
0 0.3930457746478873 0.6059272300469484 0.08362676056338028 0.1437793427230047 
0 0.0977112676056338 0.9292840375586855 0.06514084507042253 0.11561032863849766 
0 0.480193661971831 0.6026995305164319 0.0897887323943662 0.1467136150234742 
0 0.1386443661971831 0.4193075117370892 0.08714788732394366 0.16725352112676056 
0 0.3457306338028169 0.21390845070422534 0.06029929577464789 0.14612676056338028 
0 0.3769806338028169 0.4102112676056338 0.08846830985915492 0.16666666666666666 
0 0.47161091549295775 0.41519953051643194 0.09551056338028169 0.14964788732394366 
0 0.2962147887323944 0.414612676056338 0.07482394366197183 0.16607981220657278 
0 0.6976232394366197 0.1977699530516432 0.0818661971830986 0.1643192488262911 
0 0.261443661971831 0.6026995305164319 0.08450704225352113 0.13380281690140844 
0 0.6076144366197183 0.20657276995305165 0.08318661971830986 0.1643192488262911 
0 0.9555457746478874 0.19982394366197184 0.07658450704225352 0.15316901408450703 
0 0.8659771126760564 0.19718309859154928 0.09551056338028169 0.17136150234741784 
0 0.836487676056338 0.40874413145539906 0.07702464788732394 0.15786384976525822 
0 0.7794894366197183 0.19953051643192488 0.07658450704225352 0.176056338028169 
0 0.7504401408450704 0.4046361502347418 0.09154929577464789 0.17312206572769953 
0 0.48811619718309857 0.2068661971830986 0.07834507042253522 0.1613849765258216 
0 0.17165492957746478 0.5985915492957746 0.0994718309859155 0.13849765258215962 
0 0.6740757042253521 0.6012323943661971 0.08494718309859155 0.14964788732394366 
0 0.22007042253521128 0.4166666666666667 0.07658450704225352 0.17018779342723006 
0 0.7559419014084507 0.6009389671361502 0.07790492957746478 0.15140845070422534 
0 0.18904049295774647 0.7752347417840375 0.08670774647887323 0.12441314553990611 
0 0.9238556338028169 0.4084507042253521 0.09419014084507042 0.1572769953051643 
0 0.20840669014084506 0.2221244131455399 0.0682218309859155 0.125 
0 0.04159330985915493 0.4110915492957746 0.08230633802816902 0.1414319248826291 
0 0.07746478873239436 0.21684272300469484 0.0721830985915493 0.1437793427230047 
0 0.14282570422535212 0.22359154929577466 0.06470070422535211 0.13028169014084506 
0 0.41087147887323944 0.20980046948356806 0.07262323943661972 0.16725352112676056 
0 0.2753080985915493 0.22007042253521128 0.05941901408450704 0.13262910798122066 
0 0.06558098591549295 0.7767018779342723 0.09595070422535211 0.1273474178403756 
0 0.7669454225352113 0.7734741784037559 0.07086267605633803 0.1267605633802817 
0 0.6852992957746479 0.7743544600938967 0.09154929577464789 0.12030516431924883 
0 0.0488556338028169 0.6000586854460094 0.09683098591549295 0.13204225352112675 
0 0.976012323943662 0.7684859154929577 0.047975352112676055 0.12852112676056338 
0 0.9113116197183099 0.5980046948356808 0.07966549295774648 0.14906103286384975 
0 0.9022887323943662 0.7711267605633803 0.10475352112676056 0.12793427230046947 
0 0.832306338028169 0.5982981220657277 0.07658450704225352 0.14964788732394366 
0 0.7134683098591549 0.9313380281690141 0.09242957746478873 0.11502347417840375 
0 0.860475352112676 0.9289906103286385 0.06690140845070422 0.12206572769953052 
0 0.7915933098591549 0.931924882629108 0.06998239436619719 0.11384976525821597 
0 0.9390404929577465 0.9295774647887324 0.09198943661971831 0.12441314553990611 
0 0.9746919014084507 0.5991784037558685 0.04709507042253521 0.1396713615023474 
0 0.03389084507042254 0.9301643192488263 0.06514084507042253 0.11737089201877934 
0 0.28257042253521125 0.7761150234741784 0.0977112676056338 0.12617370892018778 
0 0.3930457746478873 0.6059272300469484 0.08362676056338028 0.1437793427230047 
0 0.0977112676056338 0.9292840375586855 0.06514084507042253 0.11561032863849766 
0 0.480193661971831 0.6026995305164319 0.0897887323943662 0.1467136150234742 
0 0.1386443661971831 0.4193075117370892 0.08714788732394366 0.16725352112676056 
0 0.3457306338028169 0.21390845070422534 0.06029929577464789 0.14612676056338028 
0 0.3769806338028169 0.4102112676056338 0.08846830985915492 0.16666666666666666 
0 0.47161091549295775 0.41519953051643194 0.09551056338028169 0.14964788732394366 
0 0.2962147887323944 0.414612676056338 0.07482394366197183 0.16607981220657278 
0 0.6976232394366197 0.1977699530516432 0.0818661971830986 0.1643192488262911 
0 0.261443661971831 0.6026995305164319 0.08450704225352113 0.13380281690140844 
0 0.6076144366197183 0.20657276995305165 0.08318661971830986 0.1643192488262911 
0 0.9555457746478874 0.19982394366197184 0.07658450704225352 0.15316901408450703 
0 0.8659771126760564 0.19718309859154928 0.09551056338028169 0.17136150234741784 
0 0.836487676056338 0.40874413145539906 0.07702464788732394 0.15786384976525822 
0 0.7794894366197183 0.19953051643192488 0.07658450704225352 0.176056338028169 
0 0.7504401408450704 0.4046361502347418 0.09154929577464789 0.17312206572769953 
0 0.48811619718309857 0.2068661971830986 0.07834507042253522 0.1613849765258216 
0 0.17165492957746478 0.5985915492957746 0.0994718309859155 0.13849765258215962 
0 0.6740757042253521 0.6012323943661971 0.08494718309859155 0.14964788732394366 
0 0.22007042253521128 0.4166666666666667 0.07658450704225352 0.17018779342723006 
0 0.7559419014084507 0.6009389671361502 0.07790492957746478 0.15140845070422534 
0 0.18904049295774647 0.7752347417840375 0.08670774647887323 0.12441314553990611 
0 0.9238556338028169 0.4084507042253521 0.09419014084507042 0.1572769953051643 
0 0.20840669014084506 0.2221244131455399 0.0682218309859155 0.125 
