0 0.10607394366197183 0.9366197183098591 0.136443661971831 0.10093896713615023 
0 0.370818661971831 0.23767605633802816 0.11839788732394366 0.09389671361502347 
0 0.9194542253521126 0.9468896713615024 0.0897887323943662 0.09096244131455399 
0 0.27420774647887325 0.9040492957746479 0.12323943661971831 0.05457746478873239 
0 0.5974911971830986 0.9154929577464789 0.09375 0.0880281690140845 
0 0.7117077464788732 0.920774647887324 0.09683098591549295 0.0903755868544601 
0 0.4859154929577465 0.9595070422535211 0.1056338028169014 0.07042253521126761 
0 0.3692781690140845 0.1402582159624413 0.11707746478873239 0.10328638497652583 
0 0.3628961267605634 0.335093896713615 0.11575704225352113 0.11267605633802817 
0 0.8149207746478874 0.9160798122065728 0.08582746478873239 0.0903755868544601 
0 0.48723591549295775 0.2585093896713615 0.11267605633802817 0.10856807511737089 
0 0.4865757042253521 0.3503521126760563 0.11575704225352113 0.09741784037558686 
0 0.9731514084507042 0.22476525821596244 0.051056338028169015 0.15140845070422534 
0 0.9709507042253521 0.3559272300469484 0.05545774647887324 0.12969483568075119 
0 0.4137323943661972 0.5730633802816901 0.06954225352112677 0.13438967136150234 
0 0.6846390845070423 0.5413732394366197 0.07174295774647887 0.1637323943661972 
0 0.27244718309859156 0.9598004694835681 0.12940140845070422 0.061619718309859156 
0 0.8199823943661971 0.3438967136150235 0.0818661971830986 0.12323943661971831 
0 0.4865757042253521 0.15434272300469484 0.1113556338028169 0.10328638497652583 
0 0.8213028169014085 0.2136150234741784 0.08626760563380281 0.12323943661971831 
0 0.7317341549295775 0.21508215962441316 0.08670774647887323 0.12969483568075119 
0 0.6419454225352113 0.3453638497652582 0.09022887323943662 0.10387323943661972 
0 0.22887323943661972 0.32805164319248825 0.11267605633802817 0.1431924882629108 
0 0.9509242957746479 0.715962441314554 0.08494718309859155 0.18192488262910797 
0 0.03675176056338028 0.6605046948356808 0.07086267605633803 0.2529342723004695 
0 0.22997359154929578 0.653462441314554 0.09375 0.2353286384976526 
0 0.11949823943661972 0.659330985915493 0.10167253521126761 0.2576291079812207 
0 0.5930897887323944 0.7133215962441315 0.09551056338028169 0.17781690140845072 
0 0.48745598591549294 0.710387323943662 0.07966549295774648 0.17077464788732394 
0 0.40316901408450706 0.721537558685446 0.08098591549295775 0.15199530516431925 
0 0.48899647887323944 0.5311032863849765 0.08098591549295775 0.16549295774647887 
0 0.862455985915493 0.7130281690140845 0.08494718309859155 0.18427230046948356 
0 0.08076584507042253 0.15316901408450703 0.08670774647887323 0.13849765258215962 
0 0.9027288732394366 0.3459507042253521 0.08098591549295775 0.13673708920187794 
0 0.905149647887324 0.2106807511737089 0.07350352112676056 0.13849765258215962 
0 0.6443661971830986 0.21566901408450703 0.08098591549295775 0.14730046948356806 
0 0.5963908450704225 0.5390258215962441 0.09066901408450705 0.1613849765258216 
0 0.07966549295774648 0.3028169014084507 0.08890845070422536 0.15492957746478872 
0 0.6850792253521126 0.7133215962441315 0.07262323943661972 0.18955399061032863 
0 0.7288732394366197 0.3430164319248826 0.09507042253521127 0.125 
0 0.10607394366197183 0.9366197183098591 0.136443661971831 0.10093896713615023 
0 0.370818661971831 0.23767605633802816 0.11839788732394366 0.09389671361502347 
0 0.9194542253521126 0.9468896713615024 0.0897887323943662 0.09096244131455399 
0 0.27420774647887325 0.9040492957746479 0.12323943661971831 0.05457746478873239 
0 0.5974911971830986 0.9154929577464789 0.09375 0.0880281690140845 
0 0.7117077464788732 0.920774647887324 0.09683098591549295 0.0903755868544601 
0 0.4859154929577465 0.9595070422535211 0.1056338028169014 0.07042253521126761 
0 0.3692781690140845 0.1402582159624413 0.11707746478873239 0.10328638497652583 
0 0.3628961267605634 0.335093896713615 0.11575704225352113 0.11267605633802817 
0 0.8149207746478874 0.9160798122065728 0.08582746478873239 0.0903755868544601 
0 0.48723591549295775 0.2585093896713615 0.11267605633802817 0.10856807511737089 
0 0.4865757042253521 0.3503521126760563 0.11575704225352113 0.09741784037558686 
0 0.9731514084507042 0.22476525821596244 0.051056338028169015 0.15140845070422534 
0 0.9709507042253521 0.3559272300469484 0.05545774647887324 0.12969483568075119 
0 0.4137323943661972 0.5730633802816901 0.06954225352112677 0.13438967136150234 
0 0.6846390845070423 0.5413732394366197 0.07174295774647887 0.1637323943661972 
0 0.27244718309859156 0.9598004694835681 0.12940140845070422 0.061619718309859156 
0 0.8199823943661971 0.3438967136150235 0.0818661971830986 0.12323943661971831 
0 0.4865757042253521 0.15434272300469484 0.1113556338028169 0.10328638497652583 
0 0.8213028169014085 0.2136150234741784 0.08626760563380281 0.12323943661971831 
0 0.7317341549295775 0.21508215962441316 0.08670774647887323 0.12969483568075119 
0 0.6419454225352113 0.3453638497652582 0.09022887323943662 0.10387323943661972 
0 0.22887323943661972 0.32805164319248825 0.11267605633802817 0.1431924882629108 
0 0.9509242957746479 0.715962441314554 0.08494718309859155 0.18192488262910797 
0 0.03675176056338028 0.6605046948356808 0.07086267605633803 0.2529342723004695 
0 0.22997359154929578 0.653462441314554 0.09375 0.2353286384976526 
0 0.11949823943661972 0.659330985915493 0.10167253521126761 0.2576291079812207 
0 0.5930897887323944 0.7133215962441315 0.09551056338028169 0.17781690140845072 
0 0.48745598591549294 0.710387323943662 0.07966549295774648 0.17077464788732394 
0 0.40316901408450706 0.721537558685446 0.08098591549295775 0.15199530516431925 
0 0.48899647887323944 0.5311032863849765 0.08098591549295775 0.16549295774647887 
0 0.862455985915493 0.7130281690140845 0.08494718309859155 0.18427230046948356 
0 0.08076584507042253 0.15316901408450703 0.08670774647887323 0.13849765258215962 
0 0.9027288732394366 0.3459507042253521 0.08098591549295775 0.13673708920187794 
0 0.905149647887324 0.2106807511737089 0.07350352112676056 0.13849765258215962 
0 0.6443661971830986 0.21566901408450703 0.08098591549295775 0.14730046948356806 
0 0.5963908450704225 0.5390258215962441 0.09066901408450705 0.1613849765258216 
0 0.07966549295774648 0.3028169014084507 0.08890845070422536 0.15492957746478872 
0 0.6850792253521126 0.7133215962441315 0.07262323943661972 0.18955399061032863 
0 0.7288732394366197 0.3430164319248826 0.09507042253521127 0.125 
0 0.10607394366197183 0.9366197183098591 0.136443661971831 0.10093896713615023 
0 0.370818661971831 0.23767605633802816 0.11839788732394366 0.09389671361502347 
0 0.9194542253521126 0.9468896713615024 0.0897887323943662 0.09096244131455399 
0 0.27420774647887325 0.9040492957746479 0.12323943661971831 0.05457746478873239 
0 0.5974911971830986 0.9154929577464789 0.09375 0.0880281690140845 
0 0.7117077464788732 0.920774647887324 0.09683098591549295 0.0903755868544601 
0 0.4859154929577465 0.9595070422535211 0.1056338028169014 0.07042253521126761 
0 0.3692781690140845 0.1402582159624413 0.11707746478873239 0.10328638497652583 
0 0.3628961267605634 0.335093896713615 0.11575704225352113 0.11267605633802817 
0 0.8149207746478874 0.9160798122065728 0.08582746478873239 0.0903755868544601 
0 0.48723591549295775 0.2585093896713615 0.11267605633802817 0.10856807511737089 
0 0.4865757042253521 0.3503521126760563 0.11575704225352113 0.09741784037558686 
0 0.9731514084507042 0.22476525821596244 0.051056338028169015 0.15140845070422534 
0 0.9709507042253521 0.3559272300469484 0.05545774647887324 0.12969483568075119 
0 0.4137323943661972 0.5730633802816901 0.06954225352112677 0.13438967136150234 
0 0.6846390845070423 0.5413732394366197 0.07174295774647887 0.1637323943661972 
0 0.27244718309859156 0.9598004694835681 0.12940140845070422 0.061619718309859156 
0 0.8199823943661971 0.3438967136150235 0.0818661971830986 0.12323943661971831 
0 0.4865757042253521 0.15434272300469484 0.1113556338028169 0.10328638497652583 
0 0.8213028169014085 0.2136150234741784 0.08626760563380281 0.12323943661971831 
0 0.7317341549295775 0.21508215962441316 0.08670774647887323 0.12969483568075119 
0 0.6419454225352113 0.3453638497652582 0.09022887323943662 0.10387323943661972 
0 0.22887323943661972 0.32805164319248825 0.11267605633802817 0.1431924882629108 
0 0.9509242957746479 0.715962441314554 0.08494718309859155 0.18192488262910797 
0 0.03675176056338028 0.6605046948356808 0.07086267605633803 0.2529342723004695 
0 0.22997359154929578 0.653462441314554 0.09375 0.2353286384976526 
0 0.11949823943661972 0.659330985915493 0.10167253521126761 0.2576291079812207 
0 0.5930897887323944 0.7133215962441315 0.09551056338028169 0.17781690140845072 
0 0.48745598591549294 0.710387323943662 0.07966549295774648 0.17077464788732394 
0 0.40316901408450706 0.721537558685446 0.08098591549295775 0.15199530516431925 
0 0.48899647887323944 0.5311032863849765 0.08098591549295775 0.16549295774647887 
0 0.862455985915493 0.7130281690140845 0.08494718309859155 0.18427230046948356 
0 0.08076584507042253 0.15316901408450703 0.08670774647887323 0.13849765258215962 
0 0.9027288732394366 0.3459507042253521 0.08098591549295775 0.13673708920187794 
0 0.905149647887324 0.2106807511737089 0.07350352112676056 0.13849765258215962 
0 0.6443661971830986 0.21566901408450703 0.08098591549295775 0.14730046948356806 
0 0.5963908450704225 0.5390258215962441 0.09066901408450705 0.1613849765258216 
0 0.07966549295774648 0.3028169014084507 0.08890845070422536 0.15492957746478872 
0 0.6850792253521126 0.7133215962441315 0.07262323943661972 0.18955399061032863 
0 0.7288732394366197 0.3430164319248826 0.09507042253521127 0.125 
