0 0.9493838028169014 0.37734741784037557 0.0818661971830986 0.1607981220657277 
0 0.902068661971831 0.5542840375586855 0.08934859154929578 0.08509389671361503 
0 0.934419014084507 0.24794600938967137 0.07746478873239436 0.10856807511737089 
0 0.4738116197183099 0.17546948356807512 0.05501760563380282 0.1467136150234742 
0 0.7867517605633803 0.19219483568075119 0.09903169014084508 0.1637323943661972 
0 0.852112676056338 0.37588028169014087 0.07570422535211267 0.14730046948356806 
0 0.7601232394366197 0.9313380281690141 0.06426056338028169 0.09741784037558686 
0 0.39766725352112675 0.9313380281690141 0.21346830985915494 0.13145539906103287 
0 0.6153169014084507 0.9375 0.20598591549295775 0.11913145539906103 
0 0.03961267605633803 0.15404929577464788 0.07834507042253522 0.25880281690140844 
0 0.9755721830985915 0.5657276995305164 0.0488556338028169 0.09859154929577464 
0 0.4727112676056338 0.3324530516431925 0.06954225352112677 0.1637323943661972 
0 0.9749119718309859 0.6528755868544601 0.05017605633802817 0.09213615023474178 
0 0.3996478873239437 0.17370892018779344 0.08098591549295775 0.17018779342723006 
0 0.6811179577464789 0.8095657276995305 0.22315140845070422 0.12265258215962441 
0 0.8851232394366197 0.2482394366197183 0.02992957746478873 0.10915492957746478 
0 0.6734154929577465 0.17634976525821597 0.10035211267605634 0.1602112676056338 
0 0.8646566901408451 0.9289906103286385 0.08494718309859155 0.14906103286384975 
0 0.17737676056338028 0.47417840375586856 0.07658450704225352 0.22769953051643194 
0 0.06954225352112677 0.47183098591549294 0.07658450704225352 0.21948356807511737 
0 0.1738556338028169 0.7928403755868545 0.08098591549295775 0.2687793427230047 
0 0.6672535211267606 0.34624413145539906 0.09066901408450705 0.16549295774647887 
0 0.5431338028169014 0.3403755868544601 0.07042253521126761 0.15140845070422534 
0 0.5407130281690141 0.5801056338028169 0.09551056338028169 0.18251173708920188 
0 0.04379401408450704 0.7969483568075117 0.08054577464788733 0.2664319248826291 
0 0.545774647887324 0.1784037558685446 0.08538732394366197 0.1607981220657277 
0 0.38798415492957744 0.3371478873239437 0.08758802816901408 0.1637323943661972 
0 0.43705985915492956 0.8086854460093896 0.238556338028169 0.13262910798122066 
0 0.43705985915492956 0.5803990610328639 0.0994718309859155 0.18661971830985916 
0 0.16527288732394366 0.1637323943661972 0.09639084507042253 0.24882629107981222 
0 0.9007482394366197 0.6499413145539906 0.09375 0.0886150234741784 
0 0.7715669014084507 0.3488849765258216 0.09242957746478873 0.159037558685446 
0 0.9493838028169014 0.37734741784037557 0.0818661971830986 0.1607981220657277 
0 0.902068661971831 0.5542840375586855 0.08934859154929578 0.08509389671361503 
0 0.934419014084507 0.24794600938967137 0.07746478873239436 0.10856807511737089 
0 0.4738116197183099 0.17546948356807512 0.05501760563380282 0.1467136150234742 
0 0.7867517605633803 0.19219483568075119 0.09903169014084508 0.1637323943661972 
0 0.852112676056338 0.37588028169014087 0.07570422535211267 0.14730046948356806 
0 0.7601232394366197 0.9313380281690141 0.06426056338028169 0.09741784037558686 
0 0.39766725352112675 0.9313380281690141 0.21346830985915494 0.13145539906103287 
0 0.6153169014084507 0.9375 0.20598591549295775 0.11913145539906103 
0 0.03961267605633803 0.15404929577464788 0.07834507042253522 0.25880281690140844 
0 0.9755721830985915 0.5657276995305164 0.0488556338028169 0.09859154929577464 
0 0.4727112676056338 0.3324530516431925 0.06954225352112677 0.1637323943661972 
0 0.9749119718309859 0.6528755868544601 0.05017605633802817 0.09213615023474178 
0 0.3996478873239437 0.17370892018779344 0.08098591549295775 0.17018779342723006 
0 0.6811179577464789 0.8095657276995305 0.22315140845070422 0.12265258215962441 
0 0.8851232394366197 0.2482394366197183 0.02992957746478873 0.10915492957746478 
0 0.6734154929577465 0.17634976525821597 0.10035211267605634 0.1602112676056338 
0 0.8646566901408451 0.9289906103286385 0.08494718309859155 0.14906103286384975 
0 0.17737676056338028 0.47417840375586856 0.07658450704225352 0.22769953051643194 
0 0.06954225352112677 0.47183098591549294 0.07658450704225352 0.21948356807511737 
0 0.1738556338028169 0.7928403755868545 0.08098591549295775 0.2687793427230047 
0 0.6672535211267606 0.34624413145539906 0.09066901408450705 0.16549295774647887 
0 0.5431338028169014 0.3403755868544601 0.07042253521126761 0.15140845070422534 
0 0.5407130281690141 0.5801056338028169 0.09551056338028169 0.18251173708920188 
0 0.04379401408450704 0.7969483568075117 0.08054577464788733 0.2664319248826291 
0 0.545774647887324 0.1784037558685446 0.08538732394366197 0.1607981220657277 
0 0.38798415492957744 0.3371478873239437 0.08758802816901408 0.1637323943661972 
0 0.43705985915492956 0.8086854460093896 0.238556338028169 0.13262910798122066 
0 0.43705985915492956 0.5803990610328639 0.0994718309859155 0.18661971830985916 
0 0.16527288732394366 0.1637323943661972 0.09639084507042253 0.24882629107981222 
0 0.9007482394366197 0.6499413145539906 0.09375 0.0886150234741784 
0 0.7715669014084507 0.3488849765258216 0.09242957746478873 0.159037558685446 
0 0.9493838028169014 0.37734741784037557 0.0818661971830986 0.1607981220657277 
0 0.902068661971831 0.5542840375586855 0.08934859154929578 0.08509389671361503 
0 0.934419014084507 0.24794600938967137 0.07746478873239436 0.10856807511737089 
0 0.4738116197183099 0.17546948356807512 0.05501760563380282 0.1467136150234742 
0 0.7867517605633803 0.19219483568075119 0.09903169014084508 0.1637323943661972 
0 0.852112676056338 0.37588028169014087 0.07570422535211267 0.14730046948356806 
0 0.7601232394366197 0.9313380281690141 0.06426056338028169 0.09741784037558686 
0 0.39766725352112675 0.9313380281690141 0.21346830985915494 0.13145539906103287 
0 0.6153169014084507 0.9375 0.20598591549295775 0.11913145539906103 
0 0.03961267605633803 0.15404929577464788 0.07834507042253522 0.25880281690140844 
0 0.9755721830985915 0.5657276995305164 0.0488556338028169 0.09859154929577464 
0 0.4727112676056338 0.3324530516431925 0.06954225352112677 0.1637323943661972 
0 0.9749119718309859 0.6528755868544601 0.05017605633802817 0.09213615023474178 
0 0.3996478873239437 0.17370892018779344 0.08098591549295775 0.17018779342723006 
0 0.6811179577464789 0.8095657276995305 0.22315140845070422 0.12265258215962441 
0 0.8851232394366197 0.2482394366197183 0.02992957746478873 0.10915492957746478 
0 0.6734154929577465 0.17634976525821597 0.10035211267605634 0.1602112676056338 
0 0.8646566901408451 0.9289906103286385 0.08494718309859155 0.14906103286384975 
0 0.17737676056338028 0.47417840375586856 0.07658450704225352 0.22769953051643194 
0 0.06954225352112677 0.47183098591549294 0.07658450704225352 0.21948356807511737 
0 0.1738556338028169 0.7928403755868545 0.08098591549295775 0.2687793427230047 
0 0.6672535211267606 0.34624413145539906 0.09066901408450705 0.16549295774647887 
0 0.5431338028169014 0.3403755868544601 0.07042253521126761 0.15140845070422534 
0 0.5407130281690141 0.5801056338028169 0.09551056338028169 0.18251173708920188 
0 0.04379401408450704 0.7969483568075117 0.08054577464788733 0.2664319248826291 
0 0.545774647887324 0.1784037558685446 0.08538732394366197 0.1607981220657277 
0 0.38798415492957744 0.3371478873239437 0.08758802816901408 0.1637323943661972 
0 0.43705985915492956 0.8086854460093896 0.238556338028169 0.13262910798122066 
0 0.43705985915492956 0.5803990610328639 0.0994718309859155 0.18661971830985916 
0 0.16527288732394366 0.1637323943661972 0.09639084507042253 0.24882629107981222 
0 0.9007482394366197 0.6499413145539906 0.09375 0.0886150234741784 
0 0.7715669014084507 0.3488849765258216 0.09242957746478873 0.159037558685446 
