0 0.6040933098591549 0.8392018779342723 0.11223591549295775 0.26291079812206575 
0 0.040713028169014086 0.340962441314554 0.0761443661971831 0.1960093896713615 
0 0.49691901408450706 0.9058098591549296 0.0994718309859155 0.15082159624413147 
0 0.8191021126760564 0.8984741784037559 0.08098591549295775 0.15610328638497653 
0 0.9198943661971831 0.9072769953051644 0.10211267605633803 0.13615023474178403 
0 0.3983274647887324 0.886443661971831 0.09419014084507042 0.18603286384976525 
0 0.769806338028169 0.2863849765258216 0.10299295774647887 0.3403755868544601 
0 0.944762323943662 0.35651408450704225 0.08230633802816902 0.22124413145539906 
0 0.9478433098591549 0.6965962441314554 0.10431338028169014 0.27699530516431925 
0 0.5787852112676056 0.608274647887324 0.0818661971830986 0.18955399061032863 
0 0.726012323943662 0.9008215962441315 0.09639084507042253 0.15140845070422534 
0 0.5719630281690141 0.1869131455399061 0.2442781690140845 0.18368544600938966 
0 0.48723591549295775 0.6907276995305164 0.11267605633802817 0.30633802816901406 
0 0.8393485915492958 0.6857394366197183 0.10651408450704225 0.27992957746478875 
0 0.7405369718309859 0.6848591549295775 0.1034330985915493 0.29107981220657275 
0 0.867737676056338 0.2934272300469484 0.08582746478873239 0.3415492957746479 
0 0.3956866197183099 0.6496478873239436 0.09859154929577464 0.27699530516431925 
0 0.1949823943661972 0.34125586854460094 0.08538732394366197 0.1742957746478873 
0 0.565580985915493 0.36502347417840375 0.238556338028169 0.17253521126760563 
0 0.31360035211267606 0.3506455399061033 0.08494718309859155 0.16842723004694835 
0 0.6525088028169014 0.6088615023474179 0.05765845070422535 0.18016431924882628 
0 0.6040933098591549 0.8392018779342723 0.11223591549295775 0.26291079812206575 
0 0.040713028169014086 0.340962441314554 0.0761443661971831 0.1960093896713615 
0 0.49691901408450706 0.9058098591549296 0.0994718309859155 0.15082159624413147 
0 0.8191021126760564 0.8984741784037559 0.08098591549295775 0.15610328638497653 
0 0.9198943661971831 0.9072769953051644 0.10211267605633803 0.13615023474178403 
0 0.3983274647887324 0.886443661971831 0.09419014084507042 0.18603286384976525 
0 0.769806338028169 0.2863849765258216 0.10299295774647887 0.3403755868544601 
0 0.944762323943662 0.35651408450704225 0.08230633802816902 0.22124413145539906 
0 0.9478433098591549 0.6965962441314554 0.10431338028169014 0.27699530516431925 
0 0.5787852112676056 0.608274647887324 0.0818661971830986 0.18955399061032863 
0 0.726012323943662 0.9008215962441315 0.09639084507042253 0.15140845070422534 
0 0.5719630281690141 0.1869131455399061 0.2442781690140845 0.18368544600938966 
0 0.48723591549295775 0.6907276995305164 0.11267605633802817 0.30633802816901406 
0 0.8393485915492958 0.6857394366197183 0.10651408450704225 0.27992957746478875 
0 0.7405369718309859 0.6848591549295775 0.1034330985915493 0.29107981220657275 
0 0.867737676056338 0.2934272300469484 0.08582746478873239 0.3415492957746479 
0 0.3956866197183099 0.6496478873239436 0.09859154929577464 0.27699530516431925 
0 0.1949823943661972 0.34125586854460094 0.08538732394366197 0.1742957746478873 
0 0.565580985915493 0.36502347417840375 0.238556338028169 0.17253521126760563 
0 0.31360035211267606 0.3506455399061033 0.08494718309859155 0.16842723004694835 
0 0.6525088028169014 0.6088615023474179 0.05765845070422535 0.18016431924882628 
0 0.6040933098591549 0.8392018779342723 0.11223591549295775 0.26291079812206575 
0 0.040713028169014086 0.340962441314554 0.0761443661971831 0.1960093896713615 
0 0.49691901408450706 0.9058098591549296 0.0994718309859155 0.15082159624413147 
0 0.8191021126760564 0.8984741784037559 0.08098591549295775 0.15610328638497653 
0 0.9198943661971831 0.9072769953051644 0.10211267605633803 0.13615023474178403 
0 0.3983274647887324 0.886443661971831 0.09419014084507042 0.18603286384976525 
0 0.769806338028169 0.2863849765258216 0.10299295774647887 0.3403755868544601 
0 0.944762323943662 0.35651408450704225 0.08230633802816902 0.22124413145539906 
0 0.9478433098591549 0.6965962441314554 0.10431338028169014 0.27699530516431925 
0 0.5787852112676056 0.608274647887324 0.0818661971830986 0.18955399061032863 
0 0.726012323943662 0.9008215962441315 0.09639084507042253 0.15140845070422534 
0 0.5719630281690141 0.1869131455399061 0.2442781690140845 0.18368544600938966 
0 0.48723591549295775 0.6907276995305164 0.11267605633802817 0.30633802816901406 
0 0.8393485915492958 0.6857394366197183 0.10651408450704225 0.27992957746478875 
0 0.7405369718309859 0.6848591549295775 0.1034330985915493 0.29107981220657275 
0 0.867737676056338 0.2934272300469484 0.08582746478873239 0.3415492957746479 
0 0.3956866197183099 0.6496478873239436 0.09859154929577464 0.27699530516431925 
0 0.1949823943661972 0.34125586854460094 0.08538732394366197 0.1742957746478873 
0 0.565580985915493 0.36502347417840375 0.238556338028169 0.17253521126760563 
0 0.31360035211267606 0.3506455399061033 0.08494718309859155 0.16842723004694835 
0 0.6525088028169014 0.6088615023474179 0.05765845070422535 0.18016431924882628 
