0 0.4828345070422535 0.8562206572769953 0.0528169014084507 0.22183098591549297 
0 0.6932218309859155 0.8600352112676056 0.07834507042253522 0.23650234741784038 
0 0.795774647887324 0.857981220657277 0.07394366197183098 0.22417840375586853 
0 0.2929137323943662 0.8661971830985915 0.06910211267605634 0.2300469483568075 
0 0.3716989436619718 0.8615023474178404 0.06382042253521127 0.22417840375586853 
0 0.5376320422535211 0.21684272300469484 0.09727112676056338 0.24706572769953053 
0 0.6201584507042254 0.8450704225352113 0.05985915492957746 0.1983568075117371 
0 0.8609154929577465 0.8453638497652582 0.058098591549295774 0.20715962441314553 
0 0.023987676056338027 0.891725352112676 0.04709507042253521 0.20363849765258216 
0 0.03102992957746479 0.5390258215962441 0.05677816901408451 0.2764084507042254 
0 0.9762323943661971 0.5921361502347418 0.04753521126760563 0.3615023474178404 
0 0.8809419014084507 0.539612676056338 0.07350352112676056 0.24119718309859156 
0 0.549955985915493 0.8653169014084507 0.0664612676056338 0.2318075117370892 
0 0.9735915492957746 0.29782863849765256 0.05721830985915493 0.125 
0 0.6857394366197183 0.22476525821596244 0.08626760563380281 0.22535211267605634 
0 0.8061179577464789 0.5448943661971831 0.09198943661971831 0.2494131455399061 
0 0.7772887323943662 0.2268192488262911 0.08626760563380281 0.232981220657277 
0 0.8710387323943662 0.22740610328638497 0.08362676056338028 0.24471830985915494 
0 0.2519806338028169 0.17458920187793428 0.09903169014084508 0.3104460093896714 
0 0.14414612676056338 0.17370892018779344 0.09463028169014084 0.31220657276995306 
0 0.34463028169014087 0.17077464788732394 0.0897887323943662 0.3227699530516432 
0 0.9658890845070423 0.13791079812206572 0.0682218309859155 0.17370892018779344 
0 0.2966549295774648 0.5422535211267606 0.09419014084507042 0.2535211267605634 
0 0.5653609154929577 0.54518779342723 0.10431338028169014 0.23943661971830985 
0 0.11377640845070422 0.5404929577464789 0.09991197183098592 0.2734741784037559 
0 0.20796654929577466 0.5366784037558685 0.09110915492957747 0.2623239436619718 
0 0.05039612676056338 0.17458920187793428 0.09991197183098592 0.301056338028169 
0 0.44366197183098594 0.2112676056338028 0.09330985915492958 0.24882629107981222 
0 0.6661531690140845 0.5463615023474179 0.08054577464788733 0.25234741784037557 
0 0.4828345070422535 0.8562206572769953 0.0528169014084507 0.22183098591549297 
0 0.6932218309859155 0.8600352112676056 0.07834507042253522 0.23650234741784038 
0 0.795774647887324 0.857981220657277 0.07394366197183098 0.22417840375586853 
0 0.2929137323943662 0.8661971830985915 0.06910211267605634 0.2300469483568075 
0 0.3716989436619718 0.8615023474178404 0.06382042253521127 0.22417840375586853 
0 0.5376320422535211 0.21684272300469484 0.09727112676056338 0.24706572769953053 
0 0.6201584507042254 0.8450704225352113 0.05985915492957746 0.1983568075117371 
0 0.8609154929577465 0.8453638497652582 0.058098591549295774 0.20715962441314553 
0 0.023987676056338027 0.891725352112676 0.04709507042253521 0.20363849765258216 
0 0.03102992957746479 0.5390258215962441 0.05677816901408451 0.2764084507042254 
0 0.9762323943661971 0.5921361502347418 0.04753521126760563 0.3615023474178404 
0 0.8809419014084507 0.539612676056338 0.07350352112676056 0.24119718309859156 
0 0.549955985915493 0.8653169014084507 0.0664612676056338 0.2318075117370892 
0 0.9735915492957746 0.29782863849765256 0.05721830985915493 0.125 
0 0.6857394366197183 0.22476525821596244 0.08626760563380281 0.22535211267605634 
0 0.8061179577464789 0.5448943661971831 0.09198943661971831 0.2494131455399061 
0 0.7772887323943662 0.2268192488262911 0.08626760563380281 0.232981220657277 
0 0.8710387323943662 0.22740610328638497 0.08362676056338028 0.24471830985915494 
0 0.2519806338028169 0.17458920187793428 0.09903169014084508 0.3104460093896714 
0 0.14414612676056338 0.17370892018779344 0.09463028169014084 0.31220657276995306 
0 0.34463028169014087 0.17077464788732394 0.0897887323943662 0.3227699530516432 
0 0.9658890845070423 0.13791079812206572 0.0682218309859155 0.17370892018779344 
0 0.2966549295774648 0.5422535211267606 0.09419014084507042 0.2535211267605634 
0 0.5653609154929577 0.54518779342723 0.10431338028169014 0.23943661971830985 
0 0.11377640845070422 0.5404929577464789 0.09991197183098592 0.2734741784037559 
0 0.20796654929577466 0.5366784037558685 0.09110915492957747 0.2623239436619718 
0 0.05039612676056338 0.17458920187793428 0.09991197183098592 0.301056338028169 
0 0.44366197183098594 0.2112676056338028 0.09330985915492958 0.24882629107981222 
0 0.6661531690140845 0.5463615023474179 0.08054577464788733 0.25234741784037557 
0 0.4828345070422535 0.8562206572769953 0.0528169014084507 0.22183098591549297 
0 0.6932218309859155 0.8600352112676056 0.07834507042253522 0.23650234741784038 
0 0.795774647887324 0.857981220657277 0.07394366197183098 0.22417840375586853 
0 0.2929137323943662 0.8661971830985915 0.06910211267605634 0.2300469483568075 
0 0.3716989436619718 0.8615023474178404 0.06382042253521127 0.22417840375586853 
0 0.5376320422535211 0.21684272300469484 0.09727112676056338 0.24706572769953053 
0 0.6201584507042254 0.8450704225352113 0.05985915492957746 0.1983568075117371 
0 0.8609154929577465 0.8453638497652582 0.058098591549295774 0.20715962441314553 
0 0.023987676056338027 0.891725352112676 0.04709507042253521 0.20363849765258216 
0 0.03102992957746479 0.5390258215962441 0.05677816901408451 0.2764084507042254 
0 0.9762323943661971 0.5921361502347418 0.04753521126760563 0.3615023474178404 
0 0.8809419014084507 0.539612676056338 0.07350352112676056 0.24119718309859156 
0 0.549955985915493 0.8653169014084507 0.0664612676056338 0.2318075117370892 
0 0.9735915492957746 0.29782863849765256 0.05721830985915493 0.125 
0 0.6857394366197183 0.22476525821596244 0.08626760563380281 0.22535211267605634 
0 0.8061179577464789 0.5448943661971831 0.09198943661971831 0.2494131455399061 
0 0.7772887323943662 0.2268192488262911 0.08626760563380281 0.232981220657277 
0 0.8710387323943662 0.22740610328638497 0.08362676056338028 0.24471830985915494 
0 0.2519806338028169 0.17458920187793428 0.09903169014084508 0.3104460093896714 
0 0.14414612676056338 0.17370892018779344 0.09463028169014084 0.31220657276995306 
0 0.34463028169014087 0.17077464788732394 0.0897887323943662 0.3227699530516432 
0 0.9658890845070423 0.13791079812206572 0.0682218309859155 0.17370892018779344 
0 0.2966549295774648 0.5422535211267606 0.09419014084507042 0.2535211267605634 
0 0.5653609154929577 0.54518779342723 0.10431338028169014 0.23943661971830985 
0 0.11377640845070422 0.5404929577464789 0.09991197183098592 0.2734741784037559 
0 0.20796654929577466 0.5366784037558685 0.09110915492957747 0.2623239436619718 
0 0.05039612676056338 0.17458920187793428 0.09991197183098592 0.301056338028169 
0 0.44366197183098594 0.2112676056338028 0.09330985915492958 0.24882629107981222 
0 0.6661531690140845 0.5463615023474179 0.08054577464788733 0.25234741784037557 
