0 0.02112676056338028 0.31103286384976525 0.03697183098591549 0.2746478873239437 
0 0.18265845070422534 0.32805164319248825 0.02640845070422535 0.2687793427230047 
0 0.9408010563380281 0.8098591549295775 0.07878521126760564 0.14788732394366197 
0 0.09837147887323944 0.04724178403755869 0.19058098591549297 0.09213615023474178 
0 0.7849911971830986 0.15669014084507044 0.03829225352112676 0.07981220657276995 
0 0.8527728873239436 0.812206572769953 0.07878521126760564 0.16549295774647887 
0 0.9375 0.18104460093896713 0.09507042253521127 0.0897887323943662 
0 0.9443221830985915 0.0897887323943662 0.09551056338028169 0.07981220657276995 
0 0.417693661971831 0.8251173708920188 0.3485915492957746 0.1607981220657277 
0 0.8507922535211268 0.08303990610328639 0.09595070422535211 0.09096244131455399 
0 0.9650088028169014 0.4556924882629108 0.055897887323943664 0.11913145539906103 
0 0.4194542253521127 0.6693075117370892 0.3477112676056338 0.13908450704225353 
0 0.3921654929577465 0.3142605633802817 0.22359154929577466 0.1449530516431925 
0 0.8488116197183099 0.17517605633802816 0.08054577464788733 0.08274647887323944 
0 0.3857834507042254 0.09477699530516431 0.09727112676056338 0.18838028169014084 
0 0.4933978873239437 0.10446009389671361 0.09595070422535211 0.17136150234741784 
0 0.35651408450704225 0.45774647887323944 0.22359154929577466 0.15492957746478872 
0 0.2068661971830986 0.744131455399061 0.06338028169014084 0.24882629107981222 
0 0.05699823943661972 0.7406103286384976 0.07790492957746478 0.23708920187793428 
0 0.7273327464788732 0.8113262910798122 0.07262323943661972 0.15669014084507044 
0 0.12455985915492958 0.3171948356807512 0.0818661971830986 0.2681924882629108 
0 0.8107394366197183 0.4636150234741784 0.08274647887323944 0.1396713615023474 
0 0.5774647887323944 0.4677230046948357 0.21654929577464788 0.13145539906103287 
0 0.6309419014084507 0.3286384976525822 0.22843309859154928 0.1467136150234742 
0 0.7053257042253521 0.4609741784037559 0.058538732394366196 0.1073943661971831 
0 0.13138204225352113 0.738849765258216 0.06998239436619719 0.2476525821596244 
0 0.02112676056338028 0.31103286384976525 0.03697183098591549 0.2746478873239437 
0 0.18265845070422534 0.32805164319248825 0.02640845070422535 0.2687793427230047 
0 0.9408010563380281 0.8098591549295775 0.07878521126760564 0.14788732394366197 
0 0.09837147887323944 0.04724178403755869 0.19058098591549297 0.09213615023474178 
0 0.7849911971830986 0.15669014084507044 0.03829225352112676 0.07981220657276995 
0 0.8527728873239436 0.812206572769953 0.07878521126760564 0.16549295774647887 
0 0.9375 0.18104460093896713 0.09507042253521127 0.0897887323943662 
0 0.9443221830985915 0.0897887323943662 0.09551056338028169 0.07981220657276995 
0 0.417693661971831 0.8251173708920188 0.3485915492957746 0.1607981220657277 
0 0.8507922535211268 0.08303990610328639 0.09595070422535211 0.09096244131455399 
0 0.9650088028169014 0.4556924882629108 0.055897887323943664 0.11913145539906103 
0 0.4194542253521127 0.6693075117370892 0.3477112676056338 0.13908450704225353 
0 0.3921654929577465 0.3142605633802817 0.22359154929577466 0.1449530516431925 
0 0.8488116197183099 0.17517605633802816 0.08054577464788733 0.08274647887323944 
0 0.3857834507042254 0.09477699530516431 0.09727112676056338 0.18838028169014084 
0 0.4933978873239437 0.10446009389671361 0.09595070422535211 0.17136150234741784 
0 0.35651408450704225 0.45774647887323944 0.22359154929577466 0.15492957746478872 
0 0.2068661971830986 0.744131455399061 0.06338028169014084 0.24882629107981222 
0 0.05699823943661972 0.7406103286384976 0.07790492957746478 0.23708920187793428 
0 0.7273327464788732 0.8113262910798122 0.07262323943661972 0.15669014084507044 
0 0.12455985915492958 0.3171948356807512 0.0818661971830986 0.2681924882629108 
0 0.8107394366197183 0.4636150234741784 0.08274647887323944 0.1396713615023474 
0 0.5774647887323944 0.4677230046948357 0.21654929577464788 0.13145539906103287 
0 0.6309419014084507 0.3286384976525822 0.22843309859154928 0.1467136150234742 
0 0.7053257042253521 0.4609741784037559 0.058538732394366196 0.1073943661971831 
0 0.13138204225352113 0.738849765258216 0.06998239436619719 0.2476525821596244 
0 0.02112676056338028 0.31103286384976525 0.03697183098591549 0.2746478873239437 
0 0.18265845070422534 0.32805164319248825 0.02640845070422535 0.2687793427230047 
0 0.9408010563380281 0.8098591549295775 0.07878521126760564 0.14788732394366197 
0 0.09837147887323944 0.04724178403755869 0.19058098591549297 0.09213615023474178 
0 0.7849911971830986 0.15669014084507044 0.03829225352112676 0.07981220657276995 
0 0.8527728873239436 0.812206572769953 0.07878521126760564 0.16549295774647887 
0 0.9375 0.18104460093896713 0.09507042253521127 0.0897887323943662 
0 0.9443221830985915 0.0897887323943662 0.09551056338028169 0.07981220657276995 
0 0.417693661971831 0.8251173708920188 0.3485915492957746 0.1607981220657277 
0 0.8507922535211268 0.08303990610328639 0.09595070422535211 0.09096244131455399 
0 0.9650088028169014 0.4556924882629108 0.055897887323943664 0.11913145539906103 
0 0.4194542253521127 0.6693075117370892 0.3477112676056338 0.13908450704225353 
0 0.3921654929577465 0.3142605633802817 0.22359154929577466 0.1449530516431925 
0 0.8488116197183099 0.17517605633802816 0.08054577464788733 0.08274647887323944 
0 0.3857834507042254 0.09477699530516431 0.09727112676056338 0.18838028169014084 
0 0.4933978873239437 0.10446009389671361 0.09595070422535211 0.17136150234741784 
0 0.35651408450704225 0.45774647887323944 0.22359154929577466 0.15492957746478872 
0 0.2068661971830986 0.744131455399061 0.06338028169014084 0.24882629107981222 
0 0.05699823943661972 0.7406103286384976 0.07790492957746478 0.23708920187793428 
0 0.7273327464788732 0.8113262910798122 0.07262323943661972 0.15669014084507044 
0 0.12455985915492958 0.3171948356807512 0.0818661971830986 0.2681924882629108 
0 0.8107394366197183 0.4636150234741784 0.08274647887323944 0.1396713615023474 
0 0.5774647887323944 0.4677230046948357 0.21654929577464788 0.13145539906103287 
0 0.6309419014084507 0.3286384976525822 0.22843309859154928 0.1467136150234742 
0 0.7053257042253521 0.4609741784037559 0.058538732394366196 0.1073943661971831 
0 0.13138204225352113 0.738849765258216 0.06998239436619719 0.2476525821596244 
