0 0.08560739436619719 0.09976525821596244 0.11223591549295775 0.1936619718309859 
0 0.676056338028169 0.11326291079812206 0.1056338028169014 0.21948356807511737 
0 0.39194542253521125 0.10622065727699531 0.09463028169014084 0.20539906103286384 
0 0.9485035211267606 0.7925469483568075 0.09859154929577464 0.2881455399061033 
0 0.18882042253521128 0.10299295774647887 0.10211267605633803 0.1942488262910798 
0 0.9236355633802817 0.12323943661971831 0.11399647887323944 0.22769953051643194 
0 0.42143485915492956 0.7564553990610329 0.0840669014084507 0.23943661971830985 
0 0.058098591549295774 0.43838028169014087 0.10651408450704225 0.2147887323943662 
0 0.02046654929577465 0.10123239436619719 0.03829225352112676 0.1977699530516432 
0 0.9650088028169014 0.43838028169014087 0.06734154929577464 0.2335680751173709 
0 0.7775088028169014 0.11678403755868545 0.09463028169014084 0.22769953051643194 
0 0.6397447183098591 0.4357394366197183 0.07174295774647887 0.22946009389671362 
0 0.1287411971830986 0.7852112676056338 0.09022887323943662 0.2934272300469484 
0 0.37455985915492956 0.43133802816901406 0.07922535211267606 0.21830985915492956 
0 0.7845510563380281 0.4375 0.08054577464788733 0.23767605633802816 
0 0.8899647887323944 0.44865023474178406 0.07658450704225352 0.23767605633802816 
0 0.852112676056338 0.7931338028169014 0.09154929577464789 0.27406103286384975 
0 0.722931338028169 0.7943075117370892 0.09022887323943662 0.2846244131455399 
0 0.2902728873239437 0.10240610328638497 0.10519366197183098 0.20363849765258216 
0 0.2244718309859155 0.7805164319248826 0.09330985915492958 0.2934272300469484 
0 0.45400528169014087 0.42282863849765256 0.06998239436619719 0.20129107981220656 
0 0.49911971830985913 0.7318075117370892 0.0721830985915493 0.21830985915492956 
0 0.7125880281690141 0.4254694835680751 0.0625 0.22183098591549297 
0 0.5677816901408451 0.4289906103286385 0.0625 0.2147887323943662 
0 0.6287411971830986 0.7866784037558685 0.08670774647887323 0.2681924882629108 
0 0.08560739436619719 0.09976525821596244 0.11223591549295775 0.1936619718309859 
0 0.676056338028169 0.11326291079812206 0.1056338028169014 0.21948356807511737 
0 0.39194542253521125 0.10622065727699531 0.09463028169014084 0.20539906103286384 
0 0.9485035211267606 0.7925469483568075 0.09859154929577464 0.2881455399061033 
0 0.18882042253521128 0.10299295774647887 0.10211267605633803 0.1942488262910798 
0 0.9236355633802817 0.12323943661971831 0.11399647887323944 0.22769953051643194 
0 0.42143485915492956 0.7564553990610329 0.0840669014084507 0.23943661971830985 
0 0.058098591549295774 0.43838028169014087 0.10651408450704225 0.2147887323943662 
0 0.02046654929577465 0.10123239436619719 0.03829225352112676 0.1977699530516432 
0 0.9650088028169014 0.43838028169014087 0.06734154929577464 0.2335680751173709 
0 0.7775088028169014 0.11678403755868545 0.09463028169014084 0.22769953051643194 
0 0.6397447183098591 0.4357394366197183 0.07174295774647887 0.22946009389671362 
0 0.1287411971830986 0.7852112676056338 0.09022887323943662 0.2934272300469484 
0 0.37455985915492956 0.43133802816901406 0.07922535211267606 0.21830985915492956 
0 0.7845510563380281 0.4375 0.08054577464788733 0.23767605633802816 
0 0.8899647887323944 0.44865023474178406 0.07658450704225352 0.23767605633802816 
0 0.852112676056338 0.7931338028169014 0.09154929577464789 0.27406103286384975 
0 0.722931338028169 0.7943075117370892 0.09022887323943662 0.2846244131455399 
0 0.2902728873239437 0.10240610328638497 0.10519366197183098 0.20363849765258216 
0 0.2244718309859155 0.7805164319248826 0.09330985915492958 0.2934272300469484 
0 0.45400528169014087 0.42282863849765256 0.06998239436619719 0.20129107981220656 
0 0.49911971830985913 0.7318075117370892 0.0721830985915493 0.21830985915492956 
0 0.7125880281690141 0.4254694835680751 0.0625 0.22183098591549297 
0 0.5677816901408451 0.4289906103286385 0.0625 0.2147887323943662 
0 0.6287411971830986 0.7866784037558685 0.08670774647887323 0.2681924882629108 
0 0.08560739436619719 0.09976525821596244 0.11223591549295775 0.1936619718309859 
0 0.676056338028169 0.11326291079812206 0.1056338028169014 0.21948356807511737 
0 0.39194542253521125 0.10622065727699531 0.09463028169014084 0.20539906103286384 
0 0.9485035211267606 0.7925469483568075 0.09859154929577464 0.2881455399061033 
0 0.18882042253521128 0.10299295774647887 0.10211267605633803 0.1942488262910798 
0 0.9236355633802817 0.12323943661971831 0.11399647887323944 0.22769953051643194 
0 0.42143485915492956 0.7564553990610329 0.0840669014084507 0.23943661971830985 
0 0.058098591549295774 0.43838028169014087 0.10651408450704225 0.2147887323943662 
0 0.02046654929577465 0.10123239436619719 0.03829225352112676 0.1977699530516432 
0 0.9650088028169014 0.43838028169014087 0.06734154929577464 0.2335680751173709 
0 0.7775088028169014 0.11678403755868545 0.09463028169014084 0.22769953051643194 
0 0.6397447183098591 0.4357394366197183 0.07174295774647887 0.22946009389671362 
0 0.1287411971830986 0.7852112676056338 0.09022887323943662 0.2934272300469484 
0 0.37455985915492956 0.43133802816901406 0.07922535211267606 0.21830985915492956 
0 0.7845510563380281 0.4375 0.08054577464788733 0.23767605633802816 
0 0.8899647887323944 0.44865023474178406 0.07658450704225352 0.23767605633802816 
0 0.852112676056338 0.7931338028169014 0.09154929577464789 0.27406103286384975 
0 0.722931338028169 0.7943075117370892 0.09022887323943662 0.2846244131455399 
0 0.2902728873239437 0.10240610328638497 0.10519366197183098 0.20363849765258216 
0 0.2244718309859155 0.7805164319248826 0.09330985915492958 0.2934272300469484 
0 0.45400528169014087 0.42282863849765256 0.06998239436619719 0.20129107981220656 
0 0.49911971830985913 0.7318075117370892 0.0721830985915493 0.21830985915492956 
0 0.7125880281690141 0.4254694835680751 0.0625 0.22183098591549297 
0 0.5677816901408451 0.4289906103286385 0.0625 0.2147887323943662 
0 0.6287411971830986 0.7866784037558685 0.08670774647887323 0.2681924882629108 
