0 0.9410211267605634 0.3796948356807512 0.07482394366197183 0.20892018779342722 
0 0.417693661971831 0.8248239436619719 0.09330985915492958 0.22476525821596244 
0 0.5147447183098591 0.8849765258215962 0.0840669014084507 0.23708920187793428 
0 0.7946742957746479 0.9439553990610329 0.08494718309859155 0.07687793427230047 
0 0.702024647887324 0.9380868544600939 0.07130281690140845 0.11091549295774648 
0 0.9394806338028169 0.06308685446009389 0.1113556338028169 0.125 
0 0.2944542253521127 0.047828638497652586 0.08538732394366197 0.09096244131455399 
0 0.59375 0.04078638497652582 0.1056338028169014 0.08039906103286384 
0 0.032570422535211266 0.04548122065727699 0.05545774647887324 0.08039906103286384 
0 0.8620158450704225 0.3967136150234742 0.09286971830985916 0.19953051643192488 
0 0.3345070422535211 0.9366197183098591 0.0801056338028169 0.11737089201877934 
0 0.9454225352112676 0.8453638497652582 0.11355633802816902 0.2717136150234742 
0 0.49713908450704225 0.4284037558685446 0.24075704225352113 0.13615023474178403 
0 0.6223591549295775 0.9419014084507042 0.07394366197183098 0.10328638497652583 
0 0.492737676056338 0.2746478873239437 0.2381161971830986 0.15023474178403756 
0 0.41813380281690143 0.636443661971831 0.07042253521126761 0.0886150234741784 
0 0.08362676056338028 0.8626760563380281 0.15492957746478872 0.25 
0 0.8287852112676056 0.7904929577464789 0.10299295774647887 0.2147887323943662 
0 0.12786091549295775 0.4278169014084507 0.08494718309859155 0.18427230046948356 
0 0.7282130281690141 0.7761150234741784 0.08670774647887323 0.22476525821596244 
0 0.6393045774647887 0.7802230046948356 0.09639084507042253 0.24002347417840375 
0 0.6934419014084507 0.35710093896713613 0.10783450704225352 0.3245305164319249 
0 0.24339788732394366 0.4166666666666667 0.08362676056338028 0.17136150234741784 
0 0.785431338028169 0.3512323943661972 0.09375 0.31161971830985913 
0 0.501100352112676 0.636443661971831 0.06558098591549295 0.09683098591549295 
0 0.3301056338028169 0.7403169014084507 0.07922535211267606 0.22593896713615025 
0 0.9410211267605634 0.3796948356807512 0.07482394366197183 0.20892018779342722 
0 0.417693661971831 0.8248239436619719 0.09330985915492958 0.22476525821596244 
0 0.5147447183098591 0.8849765258215962 0.0840669014084507 0.23708920187793428 
0 0.7946742957746479 0.9439553990610329 0.08494718309859155 0.07687793427230047 
0 0.702024647887324 0.9380868544600939 0.07130281690140845 0.11091549295774648 
0 0.9394806338028169 0.06308685446009389 0.1113556338028169 0.125 
0 0.2944542253521127 0.047828638497652586 0.08538732394366197 0.09096244131455399 
0 0.59375 0.04078638497652582 0.1056338028169014 0.08039906103286384 
0 0.032570422535211266 0.04548122065727699 0.05545774647887324 0.08039906103286384 
0 0.8620158450704225 0.3967136150234742 0.09286971830985916 0.19953051643192488 
0 0.3345070422535211 0.9366197183098591 0.0801056338028169 0.11737089201877934 
0 0.9454225352112676 0.8453638497652582 0.11355633802816902 0.2717136150234742 
0 0.49713908450704225 0.4284037558685446 0.24075704225352113 0.13615023474178403 
0 0.6223591549295775 0.9419014084507042 0.07394366197183098 0.10328638497652583 
0 0.492737676056338 0.2746478873239437 0.2381161971830986 0.15023474178403756 
0 0.41813380281690143 0.636443661971831 0.07042253521126761 0.0886150234741784 
0 0.08362676056338028 0.8626760563380281 0.15492957746478872 0.25 
0 0.8287852112676056 0.7904929577464789 0.10299295774647887 0.2147887323943662 
0 0.12786091549295775 0.4278169014084507 0.08494718309859155 0.18427230046948356 
0 0.7282130281690141 0.7761150234741784 0.08670774647887323 0.22476525821596244 
0 0.6393045774647887 0.7802230046948356 0.09639084507042253 0.24002347417840375 
0 0.6934419014084507 0.35710093896713613 0.10783450704225352 0.3245305164319249 
0 0.24339788732394366 0.4166666666666667 0.08362676056338028 0.17136150234741784 
0 0.785431338028169 0.3512323943661972 0.09375 0.31161971830985913 
0 0.501100352112676 0.636443661971831 0.06558098591549295 0.09683098591549295 
0 0.3301056338028169 0.7403169014084507 0.07922535211267606 0.22593896713615025 
0 0.9410211267605634 0.3796948356807512 0.07482394366197183 0.20892018779342722 
0 0.417693661971831 0.8248239436619719 0.09330985915492958 0.22476525821596244 
0 0.5147447183098591 0.8849765258215962 0.0840669014084507 0.23708920187793428 
0 0.7946742957746479 0.9439553990610329 0.08494718309859155 0.07687793427230047 
0 0.702024647887324 0.9380868544600939 0.07130281690140845 0.11091549295774648 
0 0.9394806338028169 0.06308685446009389 0.1113556338028169 0.125 
0 0.2944542253521127 0.047828638497652586 0.08538732394366197 0.09096244131455399 
0 0.59375 0.04078638497652582 0.1056338028169014 0.08039906103286384 
0 0.032570422535211266 0.04548122065727699 0.05545774647887324 0.08039906103286384 
0 0.8620158450704225 0.3967136150234742 0.09286971830985916 0.19953051643192488 
0 0.3345070422535211 0.9366197183098591 0.0801056338028169 0.11737089201877934 
0 0.9454225352112676 0.8453638497652582 0.11355633802816902 0.2717136150234742 
0 0.49713908450704225 0.4284037558685446 0.24075704225352113 0.13615023474178403 
0 0.6223591549295775 0.9419014084507042 0.07394366197183098 0.10328638497652583 
0 0.492737676056338 0.2746478873239437 0.2381161971830986 0.15023474178403756 
0 0.41813380281690143 0.636443661971831 0.07042253521126761 0.0886150234741784 
0 0.08362676056338028 0.8626760563380281 0.15492957746478872 0.25 
0 0.8287852112676056 0.7904929577464789 0.10299295774647887 0.2147887323943662 
0 0.12786091549295775 0.4278169014084507 0.08494718309859155 0.18427230046948356 
0 0.7282130281690141 0.7761150234741784 0.08670774647887323 0.22476525821596244 
0 0.6393045774647887 0.7802230046948356 0.09639084507042253 0.24002347417840375 
0 0.6934419014084507 0.35710093896713613 0.10783450704225352 0.3245305164319249 
0 0.24339788732394366 0.4166666666666667 0.08362676056338028 0.17136150234741784 
0 0.785431338028169 0.3512323943661972 0.09375 0.31161971830985913 
0 0.501100352112676 0.636443661971831 0.06558098591549295 0.09683098591549295 
0 0.3301056338028169 0.7403169014084507 0.07922535211267606 0.22593896713615025 
