0 0.10959507042253522 0.29284037558685444 0.09595070422535211 0.18427230046948356 
0 0.9245158450704225 0.835093896713615 0.08582746478873239 0.22183098591549297 
0 0.0724031690140845 0.6176643192488263 0.11399647887323944 0.08509389671361503 
0 0.1382042253521127 0.15434272300469484 0.0721830985915493 0.07276995305164319 
0 0.05017605633802817 0.15669014084507044 0.07482394366197183 0.07746478873239436 
0 0.9419014084507042 0.08949530516431925 0.09066901408450705 0.16842723004694835 
0 0.5123239436619719 0.8515258215962441 0.09242957746478873 0.2312206572769953 
0 0.6566901408450704 0.852112676056338 0.056338028169014086 0.16901408450704225 
0 0.8382482394366197 0.8453638497652582 0.09198943661971831 0.20950704225352113 
0 0.733274647887324 0.8477112676056338 0.06690140845070422 0.1613849765258216 
0 0.2227112676056338 0.153462441314554 0.08098591549295775 0.07453051643192488 
0 0.3047975352112676 0.14964788732394366 0.09286971830985916 0.07511737089201878 
0 0.03279049295774648 0.29313380281690143 0.06029929577464789 0.17781690140845072 
0 0.0644806338028169 0.5272887323943662 0.10079225352112677 0.06514084507042253 
0 0.5550176056338029 0.44454225352112675 0.12764084507042253 0.04753521126760563 
0 0.9819542253521126 0.835387323943662 0.029049295774647887 0.22711267605633803 
0 0.22425176056338028 0.9333920187793427 0.10079225352112677 0.12969483568075119 
0 0.35057218309859156 0.591255868544601 0.1034330985915493 0.10387323943661972 
0 0.8543133802816901 0.13204225352112675 0.06514084507042253 0.12089201877934272 
0 0.9432218309859155 0.2596830985915493 0.07482394366197183 0.17077464788732394 
0 0.6001320422535211 0.8248239436619719 0.050616197183098594 0.1613849765258216 
0 0.22557218309859156 0.8142605633802817 0.08670774647887323 0.14612676056338028 
0 0.4027288732394366 0.24471830985915494 0.08890845070422536 0.25938967136150237 
0 0.3527728873239437 0.4909037558685446 0.09727112676056338 0.08392018779342723 
0 0.6764964788732394 0.22505868544600938 0.07658450704225352 0.2494131455399061 
0 0.5884683098591549 0.22916666666666666 0.08714788732394366 0.2658450704225352 
0 0.3140404929577465 0.2881455399061033 0.09022887323943662 0.1784037558685446 
0 0.21368838028169015 0.2890258215962441 0.09551056338028169 0.18016431924882628 
0 0.49889964788732394 0.2347417840375587 0.08670774647887323 0.2511737089201878 
0 0.5900088028169014 0.6000586854460094 0.1289612676056338 0.051056338028169015 
0 0.738556338028169 0.4551056338028169 0.1267605633802817 0.05457746478873239 
0 0.7405369718309859 0.5859741784037559 0.14568661971830985 0.05575117370892019 
0 0.5858274647887324 0.5331572769953051 0.11883802816901408 0.07805164319248827 
0 0.9220950704225352 0.5501760563380281 0.09507042253521127 0.12147887323943662 
0 0.7387764084507042 0.5214201877934272 0.13776408450704225 0.058098591549295774 
0 0.8694982394366197 0.2764084507042254 0.07526408450704225 0.14084507042253522 
0 0.10959507042253522 0.29284037558685444 0.09595070422535211 0.18427230046948356 
0 0.9245158450704225 0.835093896713615 0.08582746478873239 0.22183098591549297 
0 0.0724031690140845 0.6176643192488263 0.11399647887323944 0.08509389671361503 
0 0.1382042253521127 0.15434272300469484 0.0721830985915493 0.07276995305164319 
0 0.05017605633802817 0.15669014084507044 0.07482394366197183 0.07746478873239436 
0 0.9419014084507042 0.08949530516431925 0.09066901408450705 0.16842723004694835 
0 0.5123239436619719 0.8515258215962441 0.09242957746478873 0.2312206572769953 
0 0.6566901408450704 0.852112676056338 0.056338028169014086 0.16901408450704225 
0 0.8382482394366197 0.8453638497652582 0.09198943661971831 0.20950704225352113 
0 0.733274647887324 0.8477112676056338 0.06690140845070422 0.1613849765258216 
0 0.2227112676056338 0.153462441314554 0.08098591549295775 0.07453051643192488 
0 0.3047975352112676 0.14964788732394366 0.09286971830985916 0.07511737089201878 
0 0.03279049295774648 0.29313380281690143 0.06029929577464789 0.17781690140845072 
0 0.0644806338028169 0.5272887323943662 0.10079225352112677 0.06514084507042253 
0 0.5550176056338029 0.44454225352112675 0.12764084507042253 0.04753521126760563 
0 0.9819542253521126 0.835387323943662 0.029049295774647887 0.22711267605633803 
0 0.22425176056338028 0.9333920187793427 0.10079225352112677 0.12969483568075119 
0 0.35057218309859156 0.591255868544601 0.1034330985915493 0.10387323943661972 
0 0.8543133802816901 0.13204225352112675 0.06514084507042253 0.12089201877934272 
0 0.9432218309859155 0.2596830985915493 0.07482394366197183 0.17077464788732394 
0 0.6001320422535211 0.8248239436619719 0.050616197183098594 0.1613849765258216 
0 0.22557218309859156 0.8142605633802817 0.08670774647887323 0.14612676056338028 
0 0.4027288732394366 0.24471830985915494 0.08890845070422536 0.25938967136150237 
0 0.3527728873239437 0.4909037558685446 0.09727112676056338 0.08392018779342723 
0 0.6764964788732394 0.22505868544600938 0.07658450704225352 0.2494131455399061 
0 0.5884683098591549 0.22916666666666666 0.08714788732394366 0.2658450704225352 
0 0.3140404929577465 0.2881455399061033 0.09022887323943662 0.1784037558685446 
0 0.21368838028169015 0.2890258215962441 0.09551056338028169 0.18016431924882628 
0 0.49889964788732394 0.2347417840375587 0.08670774647887323 0.2511737089201878 
0 0.5900088028169014 0.6000586854460094 0.1289612676056338 0.051056338028169015 
0 0.738556338028169 0.4551056338028169 0.1267605633802817 0.05457746478873239 
0 0.7405369718309859 0.5859741784037559 0.14568661971830985 0.05575117370892019 
0 0.5858274647887324 0.5331572769953051 0.11883802816901408 0.07805164319248827 
0 0.9220950704225352 0.5501760563380281 0.09507042253521127 0.12147887323943662 
0 0.7387764084507042 0.5214201877934272 0.13776408450704225 0.058098591549295774 
0 0.8694982394366197 0.2764084507042254 0.07526408450704225 0.14084507042253522 
0 0.10959507042253522 0.29284037558685444 0.09595070422535211 0.18427230046948356 
0 0.9245158450704225 0.835093896713615 0.08582746478873239 0.22183098591549297 
0 0.0724031690140845 0.6176643192488263 0.11399647887323944 0.08509389671361503 
0 0.1382042253521127 0.15434272300469484 0.0721830985915493 0.07276995305164319 
0 0.05017605633802817 0.15669014084507044 0.07482394366197183 0.07746478873239436 
0 0.9419014084507042 0.08949530516431925 0.09066901408450705 0.16842723004694835 
0 0.5123239436619719 0.8515258215962441 0.09242957746478873 0.2312206572769953 
0 0.6566901408450704 0.852112676056338 0.056338028169014086 0.16901408450704225 
0 0.8382482394366197 0.8453638497652582 0.09198943661971831 0.20950704225352113 
0 0.733274647887324 0.8477112676056338 0.06690140845070422 0.1613849765258216 
0 0.2227112676056338 0.153462441314554 0.08098591549295775 0.07453051643192488 
0 0.3047975352112676 0.14964788732394366 0.09286971830985916 0.07511737089201878 
0 0.03279049295774648 0.29313380281690143 0.06029929577464789 0.17781690140845072 
0 0.0644806338028169 0.5272887323943662 0.10079225352112677 0.06514084507042253 
0 0.5550176056338029 0.44454225352112675 0.12764084507042253 0.04753521126760563 
0 0.9819542253521126 0.835387323943662 0.029049295774647887 0.22711267605633803 
0 0.22425176056338028 0.9333920187793427 0.10079225352112677 0.12969483568075119 
0 0.35057218309859156 0.591255868544601 0.1034330985915493 0.10387323943661972 
0 0.8543133802816901 0.13204225352112675 0.06514084507042253 0.12089201877934272 
0 0.9432218309859155 0.2596830985915493 0.07482394366197183 0.17077464788732394 
0 0.6001320422535211 0.8248239436619719 0.050616197183098594 0.1613849765258216 
0 0.22557218309859156 0.8142605633802817 0.08670774647887323 0.14612676056338028 
0 0.4027288732394366 0.24471830985915494 0.08890845070422536 0.25938967136150237 
0 0.3527728873239437 0.4909037558685446 0.09727112676056338 0.08392018779342723 
0 0.6764964788732394 0.22505868544600938 0.07658450704225352 0.2494131455399061 
0 0.5884683098591549 0.22916666666666666 0.08714788732394366 0.2658450704225352 
0 0.3140404929577465 0.2881455399061033 0.09022887323943662 0.1784037558685446 
0 0.21368838028169015 0.2890258215962441 0.09551056338028169 0.18016431924882628 
0 0.49889964788732394 0.2347417840375587 0.08670774647887323 0.2511737089201878 
0 0.5900088028169014 0.6000586854460094 0.1289612676056338 0.051056338028169015 
0 0.738556338028169 0.4551056338028169 0.1267605633802817 0.05457746478873239 
0 0.7405369718309859 0.5859741784037559 0.14568661971830985 0.05575117370892019 
0 0.5858274647887324 0.5331572769953051 0.11883802816901408 0.07805164319248827 
0 0.9220950704225352 0.5501760563380281 0.09507042253521127 0.12147887323943662 
0 0.7387764084507042 0.5214201877934272 0.13776408450704225 0.058098591549295774 
0 0.8694982394366197 0.2764084507042254 0.07526408450704225 0.14084507042253522 
