0 0.01936619718309859 0.8471244131455399 0.037852112676056336 0.3057511737089202 
0 0.26848591549295775 0.818075117370892 0.09154929577464789 0.35563380281690143 
0 0.788512323943662 0.8506455399061033 0.09815140845070422 0.2975352112676056 
0 0.9612676056338029 0.8544600938967136 0.08274647887323944 0.284037558685446 
0 0.7288732394366197 0.8348004694835681 0.04401408450704225 0.2775821596244131 
0 0.8712588028169014 0.3840962441314554 0.0488556338028169 0.2494131455399061 
0 0.9381602112676056 0.3664906103286385 0.08846830985915492 0.2811032863849765 
0 0.6412852112676056 0.37059859154929575 0.037852112676056336 0.26115023474178406 
0 0.5563380281690141 0.3937793427230047 0.06954225352112677 0.2112676056338028 
0 0.683318661971831 0.8195422535211268 0.06029929577464789 0.2705399061032864 
0 0.09903169014084508 0.3826291079812207 0.0528169014084507 0.20305164319248825 
0 0.4044894366197183 0.40375586854460094 0.05369718309859155 0.18192488262910797 
0 0.11773767605633803 0.8107394366197183 0.042693661971830985 0.2576291079812207 
0 0.47755281690140844 0.38615023474178406 0.07658450704225352 0.21830985915492956 
0 0.7995158450704225 0.36414319248826293 0.08582746478873239 0.2857981220657277 
0 0.7002640845070423 0.36502347417840375 0.07746478873239436 0.284037558685446 
0 0.8838028169014085 0.8544600938967136 0.08626760563380281 0.29577464788732394 
0 0.17341549295774647 0.3389084507042254 0.09595070422535211 0.2904929577464789 
0 0.06205985915492958 0.8421361502347418 0.040492957746478875 0.2934272300469484 
0 0.3573943661971831 0.8160211267605634 0.0801056338028169 0.3585680751173709 
0 0.2761883802816901 0.34507042253521125 0.09639084507042253 0.2875586854460094 
0 0.19982394366197184 0.7940140845070423 0.0448943661971831 0.27230046948356806 
0 0.01936619718309859 0.8471244131455399 0.037852112676056336 0.3057511737089202 
0 0.26848591549295775 0.818075117370892 0.09154929577464789 0.35563380281690143 
0 0.788512323943662 0.8506455399061033 0.09815140845070422 0.2975352112676056 
0 0.9612676056338029 0.8544600938967136 0.08274647887323944 0.284037558685446 
0 0.7288732394366197 0.8348004694835681 0.04401408450704225 0.2775821596244131 
0 0.8712588028169014 0.3840962441314554 0.0488556338028169 0.2494131455399061 
0 0.9381602112676056 0.3664906103286385 0.08846830985915492 0.2811032863849765 
0 0.6412852112676056 0.37059859154929575 0.037852112676056336 0.26115023474178406 
0 0.5563380281690141 0.3937793427230047 0.06954225352112677 0.2112676056338028 
0 0.683318661971831 0.8195422535211268 0.06029929577464789 0.2705399061032864 
0 0.09903169014084508 0.3826291079812207 0.0528169014084507 0.20305164319248825 
0 0.4044894366197183 0.40375586854460094 0.05369718309859155 0.18192488262910797 
0 0.11773767605633803 0.8107394366197183 0.042693661971830985 0.2576291079812207 
0 0.47755281690140844 0.38615023474178406 0.07658450704225352 0.21830985915492956 
0 0.7995158450704225 0.36414319248826293 0.08582746478873239 0.2857981220657277 
0 0.7002640845070423 0.36502347417840375 0.07746478873239436 0.284037558685446 
0 0.8838028169014085 0.8544600938967136 0.08626760563380281 0.29577464788732394 
0 0.17341549295774647 0.3389084507042254 0.09595070422535211 0.2904929577464789 
0 0.06205985915492958 0.8421361502347418 0.040492957746478875 0.2934272300469484 
0 0.3573943661971831 0.8160211267605634 0.0801056338028169 0.3585680751173709 
0 0.2761883802816901 0.34507042253521125 0.09639084507042253 0.2875586854460094 
0 0.19982394366197184 0.7940140845070423 0.0448943661971831 0.27230046948356806 
0 0.01936619718309859 0.8471244131455399 0.037852112676056336 0.3057511737089202 
0 0.26848591549295775 0.818075117370892 0.09154929577464789 0.35563380281690143 
0 0.788512323943662 0.8506455399061033 0.09815140845070422 0.2975352112676056 
0 0.9612676056338029 0.8544600938967136 0.08274647887323944 0.284037558685446 
0 0.7288732394366197 0.8348004694835681 0.04401408450704225 0.2775821596244131 
0 0.8712588028169014 0.3840962441314554 0.0488556338028169 0.2494131455399061 
0 0.9381602112676056 0.3664906103286385 0.08846830985915492 0.2811032863849765 
0 0.6412852112676056 0.37059859154929575 0.037852112676056336 0.26115023474178406 
0 0.5563380281690141 0.3937793427230047 0.06954225352112677 0.2112676056338028 
0 0.683318661971831 0.8195422535211268 0.06029929577464789 0.2705399061032864 
0 0.09903169014084508 0.3826291079812207 0.0528169014084507 0.20305164319248825 
0 0.4044894366197183 0.40375586854460094 0.05369718309859155 0.18192488262910797 
0 0.11773767605633803 0.8107394366197183 0.042693661971830985 0.2576291079812207 
0 0.47755281690140844 0.38615023474178406 0.07658450704225352 0.21830985915492956 
0 0.7995158450704225 0.36414319248826293 0.08582746478873239 0.2857981220657277 
0 0.7002640845070423 0.36502347417840375 0.07746478873239436 0.284037558685446 
0 0.8838028169014085 0.8544600938967136 0.08626760563380281 0.29577464788732394 
0 0.17341549295774647 0.3389084507042254 0.09595070422535211 0.2904929577464789 
0 0.06205985915492958 0.8421361502347418 0.040492957746478875 0.2934272300469484 
0 0.3573943661971831 0.8160211267605634 0.0801056338028169 0.3585680751173709 
0 0.2761883802816901 0.34507042253521125 0.09639084507042253 0.2875586854460094 
0 0.19982394366197184 0.7940140845070423 0.0448943661971831 0.27230046948356806 
