0 0.9650088028169014 0.6296948356807511 0.06910211267605634 0.11971830985915492 
0 0.48899647887323944 0.7227112676056338 0.07482394366197183 0.15669014084507044 
0 0.698943661971831 0.5604460093896714 0.1056338028169014 0.1443661971830986 
0 0.41747359154929575 0.551349765258216 0.08318661971830986 0.17781690140845072 
0 0.05435739436619718 0.5501760563380281 0.10519366197183098 0.2564553990610329 
0 0.9731514084507042 0.7767018779342723 0.04665492957746479 0.1402582159624413 
0 0.8102992957746479 0.5704225352112676 0.09595070422535211 0.14788732394366197 
0 0.883362676056338 0.7640845070422535 0.0801056338028169 0.14084507042253522 
0 0.9119718309859155 0.6205985915492958 0.04401408450704225 0.12852112676056338 
0 0.07042253521126761 0.8688380281690141 0.06954225352112677 0.22593896713615025 
0 0.5688820422535211 0.9480633802816901 0.09286971830985916 0.10035211267605634 
0 0.952024647887324 0.9571596244131455 0.0880281690140845 0.06690140845070422 
0 0.9779929577464789 0.18339201877934272 0.04401408450704225 0.18016431924882628 
0 0.971830985915493 0.3626760563380282 0.051056338028169015 0.1772300469483568 
0 0.45268485915492956 0.9457159624413145 0.11047535211267606 0.10856807511737089 
0 0.49471830985915494 0.5557511737089202 0.06073943661971831 0.14906103286384975 
0 0.18199823943661972 0.8723591549295775 0.0743838028169014 0.24237089201877934 
0 0.6960827464788732 0.7294600938967136 0.09286971830985916 0.16666666666666666 
0 0.8967869718309859 0.1643192488262911 0.11487676056338028 0.18309859154929578 
0 0.801056338028169 0.7309272300469484 0.0897887323943662 0.1613849765258216 
0 0.5616197183098591 0.7206572769953051 0.07658450704225352 0.14788732394366197 
0 0.47249119718309857 0.32981220657276994 0.09286971830985916 0.17018779342723006 
0 0.47249119718309857 0.18456572769953053 0.0761443661971831 0.1449530516431925 
0 0.7753080985915493 0.16784037558685447 0.11399647887323944 0.17136150234741784 
0 0.6613116197183099 0.3474178403755869 0.08846830985915492 0.16784037558685447 
0 0.40580985915492956 0.7312206572769953 0.09242957746478873 0.16666666666666666 
0 0.36883802816901406 0.32922535211267606 0.08362676056338028 0.17370892018779344 
0 0.15184859154929578 0.2391431924882629 0.09507042253521127 0.232981220657277 
0 0.8926056338028169 0.35944835680751175 0.11355633802816902 0.1766431924882629 
0 0.17869718309859156 0.5601525821596244 0.10475352112676056 0.24471830985915494 
0 0.370818661971831 0.15375586854460094 0.08054577464788733 0.1784037558685446 
0 0.559419014084507 0.17576291079812206 0.08626760563380281 0.13791079812206572 
0 0.5664612676056338 0.5592723004694836 0.06778169014084508 0.15023474178403756 
0 0.5642605633802817 0.34125586854460094 0.08538732394366197 0.16490610328638497 
0 0.23767605633802816 0.24266431924882628 0.08362676056338028 0.23884976525821597 
0 0.6617517605633803 0.1728286384976526 0.09463028169014084 0.17194835680751175 
0 0.05919894366197183 0.2397300469483568 0.09551056338028169 0.23415492957746478 
0 0.777068661971831 0.35269953051643194 0.11047535211267606 0.1795774647887324 
0 0.9650088028169014 0.6296948356807511 0.06910211267605634 0.11971830985915492 
0 0.48899647887323944 0.7227112676056338 0.07482394366197183 0.15669014084507044 
0 0.698943661971831 0.5604460093896714 0.1056338028169014 0.1443661971830986 
0 0.41747359154929575 0.551349765258216 0.08318661971830986 0.17781690140845072 
0 0.05435739436619718 0.5501760563380281 0.10519366197183098 0.2564553990610329 
0 0.9731514084507042 0.7767018779342723 0.04665492957746479 0.1402582159624413 
0 0.8102992957746479 0.5704225352112676 0.09595070422535211 0.14788732394366197 
0 0.883362676056338 0.7640845070422535 0.0801056338028169 0.14084507042253522 
0 0.9119718309859155 0.6205985915492958 0.04401408450704225 0.12852112676056338 
0 0.07042253521126761 0.8688380281690141 0.06954225352112677 0.22593896713615025 
0 0.5688820422535211 0.9480633802816901 0.09286971830985916 0.10035211267605634 
0 0.952024647887324 0.9571596244131455 0.0880281690140845 0.06690140845070422 
0 0.9779929577464789 0.18339201877934272 0.04401408450704225 0.18016431924882628 
0 0.971830985915493 0.3626760563380282 0.051056338028169015 0.1772300469483568 
0 0.45268485915492956 0.9457159624413145 0.11047535211267606 0.10856807511737089 
0 0.49471830985915494 0.5557511737089202 0.06073943661971831 0.14906103286384975 
0 0.18199823943661972 0.8723591549295775 0.0743838028169014 0.24237089201877934 
0 0.6960827464788732 0.7294600938967136 0.09286971830985916 0.16666666666666666 
0 0.8967869718309859 0.1643192488262911 0.11487676056338028 0.18309859154929578 
0 0.801056338028169 0.7309272300469484 0.0897887323943662 0.1613849765258216 
0 0.5616197183098591 0.7206572769953051 0.07658450704225352 0.14788732394366197 
0 0.47249119718309857 0.32981220657276994 0.09286971830985916 0.17018779342723006 
0 0.47249119718309857 0.18456572769953053 0.0761443661971831 0.1449530516431925 
0 0.7753080985915493 0.16784037558685447 0.11399647887323944 0.17136150234741784 
0 0.6613116197183099 0.3474178403755869 0.08846830985915492 0.16784037558685447 
0 0.40580985915492956 0.7312206572769953 0.09242957746478873 0.16666666666666666 
0 0.36883802816901406 0.32922535211267606 0.08362676056338028 0.17370892018779344 
0 0.15184859154929578 0.2391431924882629 0.09507042253521127 0.232981220657277 
0 0.8926056338028169 0.35944835680751175 0.11355633802816902 0.1766431924882629 
0 0.17869718309859156 0.5601525821596244 0.10475352112676056 0.24471830985915494 
0 0.370818661971831 0.15375586854460094 0.08054577464788733 0.1784037558685446 
0 0.559419014084507 0.17576291079812206 0.08626760563380281 0.13791079812206572 
0 0.5664612676056338 0.5592723004694836 0.06778169014084508 0.15023474178403756 
0 0.5642605633802817 0.34125586854460094 0.08538732394366197 0.16490610328638497 
0 0.23767605633802816 0.24266431924882628 0.08362676056338028 0.23884976525821597 
0 0.6617517605633803 0.1728286384976526 0.09463028169014084 0.17194835680751175 
0 0.05919894366197183 0.2397300469483568 0.09551056338028169 0.23415492957746478 
0 0.777068661971831 0.35269953051643194 0.11047535211267606 0.1795774647887324 
0 0.9650088028169014 0.6296948356807511 0.06910211267605634 0.11971830985915492 
0 0.48899647887323944 0.7227112676056338 0.07482394366197183 0.15669014084507044 
0 0.698943661971831 0.5604460093896714 0.1056338028169014 0.1443661971830986 
0 0.41747359154929575 0.551349765258216 0.08318661971830986 0.17781690140845072 
0 0.05435739436619718 0.5501760563380281 0.10519366197183098 0.2564553990610329 
0 0.9731514084507042 0.7767018779342723 0.04665492957746479 0.1402582159624413 
0 0.8102992957746479 0.5704225352112676 0.09595070422535211 0.14788732394366197 
0 0.883362676056338 0.7640845070422535 0.0801056338028169 0.14084507042253522 
0 0.9119718309859155 0.6205985915492958 0.04401408450704225 0.12852112676056338 
0 0.07042253521126761 0.8688380281690141 0.06954225352112677 0.22593896713615025 
0 0.5688820422535211 0.9480633802816901 0.09286971830985916 0.10035211267605634 
0 0.952024647887324 0.9571596244131455 0.0880281690140845 0.06690140845070422 
0 0.9779929577464789 0.18339201877934272 0.04401408450704225 0.18016431924882628 
0 0.971830985915493 0.3626760563380282 0.051056338028169015 0.1772300469483568 
0 0.45268485915492956 0.9457159624413145 0.11047535211267606 0.10856807511737089 
0 0.49471830985915494 0.5557511737089202 0.06073943661971831 0.14906103286384975 
0 0.18199823943661972 0.8723591549295775 0.0743838028169014 0.24237089201877934 
0 0.6960827464788732 0.7294600938967136 0.09286971830985916 0.16666666666666666 
0 0.8967869718309859 0.1643192488262911 0.11487676056338028 0.18309859154929578 
0 0.801056338028169 0.7309272300469484 0.0897887323943662 0.1613849765258216 
0 0.5616197183098591 0.7206572769953051 0.07658450704225352 0.14788732394366197 
0 0.47249119718309857 0.32981220657276994 0.09286971830985916 0.17018779342723006 
0 0.47249119718309857 0.18456572769953053 0.0761443661971831 0.1449530516431925 
0 0.7753080985915493 0.16784037558685447 0.11399647887323944 0.17136150234741784 
0 0.6613116197183099 0.3474178403755869 0.08846830985915492 0.16784037558685447 
0 0.40580985915492956 0.7312206572769953 0.09242957746478873 0.16666666666666666 
0 0.36883802816901406 0.32922535211267606 0.08362676056338028 0.17370892018779344 
0 0.15184859154929578 0.2391431924882629 0.09507042253521127 0.232981220657277 
0 0.8926056338028169 0.35944835680751175 0.11355633802816902 0.1766431924882629 
0 0.17869718309859156 0.5601525821596244 0.10475352112676056 0.24471830985915494 
0 0.370818661971831 0.15375586854460094 0.08054577464788733 0.1784037558685446 
0 0.559419014084507 0.17576291079812206 0.08626760563380281 0.13791079812206572 
0 0.5664612676056338 0.5592723004694836 0.06778169014084508 0.15023474178403756 
0 0.5642605633802817 0.34125586854460094 0.08538732394366197 0.16490610328638497 
0 0.23767605633802816 0.24266431924882628 0.08362676056338028 0.23884976525821597 
0 0.6617517605633803 0.1728286384976526 0.09463028169014084 0.17194835680751175 
0 0.05919894366197183 0.2397300469483568 0.09551056338028169 0.23415492957746478 
0 0.777068661971831 0.35269953051643194 0.11047535211267606 0.1795774647887324 
