0 0.43045774647887325 0.4014084507042254 0.29577464788732394 0.12793427230046947 
0 0.8485915492957746 0.5525234741784038 0.05721830985915493 0.26115023474178406 
0 0.8347271126760564 0.89231220657277 0.05413732394366197 0.20246478873239437 
0 0.4014084507042254 0.8438967136150235 0.3028169014084507 0.1607981220657277 
0 0.8554137323943662 0.1983568075117371 0.07526408450704225 0.2992957746478873 
0 0.9474031690140845 0.2051056338028169 0.07966549295774648 0.301056338028169 
0 0.7891725352112676 0.22740610328638497 0.04841549295774648 0.22593896713615025 
0 0.6782570422535211 0.7282863849765259 0.2306338028169014 0.1255868544600939 
0 0.3970070422535211 0.6880868544600939 0.29313380281690143 0.1637323943661972 
0 0.7418573943661971 0.24178403755868544 0.03829225352112676 0.21244131455399062 
0 0.6921214788732394 0.4081572769953052 0.22227112676056338 0.12030516431924883 
0 0.04709507042253521 0.32423708920187794 0.0818661971830986 0.2705399061032864 
0 0.7009242957746479 0.21156103286384975 0.04357394366197183 0.13204225352112675 
0 0.05985915492957746 0.7517605633802817 0.11707746478873239 0.37910798122065725 
0 0.1212588028169014 0.32541079812206575 0.07790492957746478 0.26467136150234744 
0 0.18045774647887325 0.7417840375586855 0.11707746478873239 0.38615023474178406 
0 0.6828785211267606 0.8559272300469484 0.23547535211267606 0.1238262910798122 
0 0.43441901408450706 0.2831572769953052 0.23415492957746478 0.1238262910798122 
0 0.43045774647887325 0.4014084507042254 0.29577464788732394 0.12793427230046947 
0 0.8485915492957746 0.5525234741784038 0.05721830985915493 0.26115023474178406 
0 0.8347271126760564 0.89231220657277 0.05413732394366197 0.20246478873239437 
0 0.4014084507042254 0.8438967136150235 0.3028169014084507 0.1607981220657277 
0 0.8554137323943662 0.1983568075117371 0.07526408450704225 0.2992957746478873 
0 0.9474031690140845 0.2051056338028169 0.07966549295774648 0.301056338028169 
0 0.7891725352112676 0.22740610328638497 0.04841549295774648 0.22593896713615025 
0 0.6782570422535211 0.7282863849765259 0.2306338028169014 0.1255868544600939 
0 0.3970070422535211 0.6880868544600939 0.29313380281690143 0.1637323943661972 
0 0.7418573943661971 0.24178403755868544 0.03829225352112676 0.21244131455399062 
0 0.6921214788732394 0.4081572769953052 0.22227112676056338 0.12030516431924883 
0 0.04709507042253521 0.32423708920187794 0.0818661971830986 0.2705399061032864 
0 0.7009242957746479 0.21156103286384975 0.04357394366197183 0.13204225352112675 
0 0.05985915492957746 0.7517605633802817 0.11707746478873239 0.37910798122065725 
0 0.1212588028169014 0.32541079812206575 0.07790492957746478 0.26467136150234744 
0 0.18045774647887325 0.7417840375586855 0.11707746478873239 0.38615023474178406 
0 0.6828785211267606 0.8559272300469484 0.23547535211267606 0.1238262910798122 
0 0.43441901408450706 0.2831572769953052 0.23415492957746478 0.1238262910798122 
0 0.43045774647887325 0.4014084507042254 0.29577464788732394 0.12793427230046947 
0 0.8485915492957746 0.5525234741784038 0.05721830985915493 0.26115023474178406 
0 0.8347271126760564 0.89231220657277 0.05413732394366197 0.20246478873239437 
0 0.4014084507042254 0.8438967136150235 0.3028169014084507 0.1607981220657277 
0 0.8554137323943662 0.1983568075117371 0.07526408450704225 0.2992957746478873 
0 0.9474031690140845 0.2051056338028169 0.07966549295774648 0.301056338028169 
0 0.7891725352112676 0.22740610328638497 0.04841549295774648 0.22593896713615025 
0 0.6782570422535211 0.7282863849765259 0.2306338028169014 0.1255868544600939 
0 0.3970070422535211 0.6880868544600939 0.29313380281690143 0.1637323943661972 
0 0.7418573943661971 0.24178403755868544 0.03829225352112676 0.21244131455399062 
0 0.6921214788732394 0.4081572769953052 0.22227112676056338 0.12030516431924883 
0 0.04709507042253521 0.32423708920187794 0.0818661971830986 0.2705399061032864 
0 0.7009242957746479 0.21156103286384975 0.04357394366197183 0.13204225352112675 
0 0.05985915492957746 0.7517605633802817 0.11707746478873239 0.37910798122065725 
0 0.1212588028169014 0.32541079812206575 0.07790492957746478 0.26467136150234744 
0 0.18045774647887325 0.7417840375586855 0.11707746478873239 0.38615023474178406 
0 0.6828785211267606 0.8559272300469484 0.23547535211267606 0.1238262910798122 
0 0.43441901408450706 0.2831572769953052 0.23415492957746478 0.1238262910798122 
