0 0.8318661971830986 0.15815727699530516 0.0721830985915493 0.2564553990610329 
0 0.9504841549295775 0.1698943661971831 0.08934859154929578 0.3034037558685446 
0 0.35409330985915494 0.12588028169014084 0.05413732394366197 0.2505868544600939 
0 0.2777288732394366 0.12793427230046947 0.03345070422535211 0.24882629107981222 
0 0.07592429577464789 0.13438967136150234 0.08318661971830986 0.2676056338028169 
0 0.03675176056338028 0.7350352112676056 0.07262323943661972 0.4125586854460094 
0 0.4319982394366197 0.1487676056338028 0.0840669014084507 0.2963615023474178 
0 0.3199823943661972 0.7256455399061033 0.12764084507042253 0.47476525821596244 
0 0.45928697183098594 0.761150234741784 0.1544894366197183 0.41784037558685444 
0 0.6465669014084507 0.6833920187793427 0.12235915492957747 0.43603286384976525 
0 0.17407570422535212 0.7282863849765259 0.13600352112676056 0.45539906103286387 
0 0.8241637323943662 0.7535211267605634 0.24955985915492956 0.45539906103286387 
0 0.5136443661971831 0.15199530516431925 0.07746478873239436 0.28169014084507044 
0 0.17847711267605634 0.1467136150234742 0.09286971830985916 0.284037558685446 
0 0.8318661971830986 0.15815727699530516 0.0721830985915493 0.2564553990610329 
0 0.9504841549295775 0.1698943661971831 0.08934859154929578 0.3034037558685446 
0 0.35409330985915494 0.12588028169014084 0.05413732394366197 0.2505868544600939 
0 0.2777288732394366 0.12793427230046947 0.03345070422535211 0.24882629107981222 
0 0.07592429577464789 0.13438967136150234 0.08318661971830986 0.2676056338028169 
0 0.03675176056338028 0.7350352112676056 0.07262323943661972 0.4125586854460094 
0 0.4319982394366197 0.1487676056338028 0.0840669014084507 0.2963615023474178 
0 0.3199823943661972 0.7256455399061033 0.12764084507042253 0.47476525821596244 
0 0.45928697183098594 0.761150234741784 0.1544894366197183 0.41784037558685444 
0 0.6465669014084507 0.6833920187793427 0.12235915492957747 0.43603286384976525 
0 0.17407570422535212 0.7282863849765259 0.13600352112676056 0.45539906103286387 
0 0.8241637323943662 0.7535211267605634 0.24955985915492956 0.45539906103286387 
0 0.5136443661971831 0.15199530516431925 0.07746478873239436 0.28169014084507044 
0 0.17847711267605634 0.1467136150234742 0.09286971830985916 0.284037558685446 
0 0.8318661971830986 0.15815727699530516 0.0721830985915493 0.2564553990610329 
0 0.9504841549295775 0.1698943661971831 0.08934859154929578 0.3034037558685446 
0 0.35409330985915494 0.12588028169014084 0.05413732394366197 0.2505868544600939 
0 0.2777288732394366 0.12793427230046947 0.03345070422535211 0.24882629107981222 
0 0.07592429577464789 0.13438967136150234 0.08318661971830986 0.2676056338028169 
0 0.03675176056338028 0.7350352112676056 0.07262323943661972 0.4125586854460094 
0 0.4319982394366197 0.1487676056338028 0.0840669014084507 0.2963615023474178 
0 0.3199823943661972 0.7256455399061033 0.12764084507042253 0.47476525821596244 
0 0.45928697183098594 0.761150234741784 0.1544894366197183 0.41784037558685444 
0 0.6465669014084507 0.6833920187793427 0.12235915492957747 0.43603286384976525 
0 0.17407570422535212 0.7282863849765259 0.13600352112676056 0.45539906103286387 
0 0.8241637323943662 0.7535211267605634 0.24955985915492956 0.45539906103286387 
0 0.5136443661971831 0.15199530516431925 0.07746478873239436 0.28169014084507044 
0 0.17847711267605634 0.1467136150234742 0.09286971830985916 0.284037558685446 
