0 0.7268926056338029 0.04929577464788732 0.07526408450704225 0.09741784037558686 
0 0.21764964788732394 0.7678990610328639 0.20642605633802816 0.11443661971830986 
0 0.04665492957746479 0.09008215962441314 0.09242957746478873 0.1789906103286385 
0 0.969850352112676 0.05516431924882629 0.06029929577464789 0.1068075117370892 
0 0.2070862676056338 0.43838028169014087 0.22315140845070422 0.12206572769953052 
0 0.9478433098591549 0.3104460093896714 0.07878521126760564 0.2323943661971831 
0 0.534330985915493 0.8958333333333334 0.0625 0.19307511737089203 
0 0.6368838028169014 0.9043427230046949 0.07042253521126761 0.18779342723004694 
0 0.8254841549295775 0.9063967136150235 0.07790492957746478 0.18016431924882628 
0 0.45400528169014087 0.9052230046948356 0.07878521126760564 0.1954225352112676 
0 0.3576144366197183 0.8870305164319249 0.05677816901408451 0.2130281690140845 
0 0.21610915492957747 0.8799882629107981 0.20950704225352113 0.10035211267605634 
0 0.05237676056338028 0.9636150234741784 0.09683098591549295 0.06924882629107981 
0 0.8098591549295775 0.04988262910798122 0.07922535211267606 0.09859154929577464 
0 0.04423415492957746 0.3993544600938967 0.08582746478873239 0.12617370892018778 
0 0.9077904929577465 0.9008215962441315 0.061179577464788734 0.1983568075117371 
0 0.043133802816901406 0.5437206572769953 0.08538732394366197 0.1402582159624413 
0 0.2130281690140845 0.9650821596244131 0.20422535211267606 0.0698356807511737 
0 0.894806338028169 0.054284037558685445 0.07658450704225352 0.1073943661971831 
0 0.7194102112676056 0.6267605633802817 0.07702464788732394 0.18661971830985916 
0 0.6628521126760564 0.29019953051643194 0.0880281690140845 0.22359154929577466 
0 0.8540933098591549 0.30545774647887325 0.10167253521126761 0.23650234741784038 
0 0.7533010563380281 0.2990023474178404 0.08054577464788733 0.2282863849765258 
0 0.5398327464788732 0.619424882629108 0.08142605633802817 0.18368544600938966 
0 0.8025968309859155 0.624706572769953 0.08670774647887323 0.1789906103286385 
0 0.20994718309859156 0.10416666666666667 0.22007042253521128 0.17546948356807512 
0 0.3846830985915493 0.2767018779342723 0.09066901408450705 0.25410798122065725 
0 0.2007042253521127 0.5645539906103286 0.21742957746478872 0.12910798122065728 
0 0.4553257042253521 0.6167840375586855 0.07174295774647887 0.19131455399061034 
0 0.04863556338028169 0.7676056338028169 0.09110915492957747 0.11502347417840375 
0 0.367737676056338 0.6141431924882629 0.08054577464788733 0.20011737089201878 
0 0.29159330985915494 0.30633802816901406 0.055897887323943664 0.09624413145539906 
0 0.04951584507042254 0.8811619718309859 0.09110915492957747 0.09565727699530517 
0 0.6324823943661971 0.6226525821596244 0.08362676056338028 0.1795774647887324 
0 0.7268926056338029 0.04929577464788732 0.07526408450704225 0.09741784037558686 
0 0.21764964788732394 0.7678990610328639 0.20642605633802816 0.11443661971830986 
0 0.04665492957746479 0.09008215962441314 0.09242957746478873 0.1789906103286385 
0 0.969850352112676 0.05516431924882629 0.06029929577464789 0.1068075117370892 
0 0.2070862676056338 0.43838028169014087 0.22315140845070422 0.12206572769953052 
0 0.9478433098591549 0.3104460093896714 0.07878521126760564 0.2323943661971831 
0 0.534330985915493 0.8958333333333334 0.0625 0.19307511737089203 
0 0.6368838028169014 0.9043427230046949 0.07042253521126761 0.18779342723004694 
0 0.8254841549295775 0.9063967136150235 0.07790492957746478 0.18016431924882628 
0 0.45400528169014087 0.9052230046948356 0.07878521126760564 0.1954225352112676 
0 0.3576144366197183 0.8870305164319249 0.05677816901408451 0.2130281690140845 
0 0.21610915492957747 0.8799882629107981 0.20950704225352113 0.10035211267605634 
0 0.05237676056338028 0.9636150234741784 0.09683098591549295 0.06924882629107981 
0 0.8098591549295775 0.04988262910798122 0.07922535211267606 0.09859154929577464 
0 0.04423415492957746 0.3993544600938967 0.08582746478873239 0.12617370892018778 
0 0.9077904929577465 0.9008215962441315 0.061179577464788734 0.1983568075117371 
0 0.043133802816901406 0.5437206572769953 0.08538732394366197 0.1402582159624413 
0 0.2130281690140845 0.9650821596244131 0.20422535211267606 0.0698356807511737 
0 0.894806338028169 0.054284037558685445 0.07658450704225352 0.1073943661971831 
0 0.7194102112676056 0.6267605633802817 0.07702464788732394 0.18661971830985916 
0 0.6628521126760564 0.29019953051643194 0.0880281690140845 0.22359154929577466 
0 0.8540933098591549 0.30545774647887325 0.10167253521126761 0.23650234741784038 
0 0.7533010563380281 0.2990023474178404 0.08054577464788733 0.2282863849765258 
0 0.5398327464788732 0.619424882629108 0.08142605633802817 0.18368544600938966 
0 0.8025968309859155 0.624706572769953 0.08670774647887323 0.1789906103286385 
0 0.20994718309859156 0.10416666666666667 0.22007042253521128 0.17546948356807512 
0 0.3846830985915493 0.2767018779342723 0.09066901408450705 0.25410798122065725 
0 0.2007042253521127 0.5645539906103286 0.21742957746478872 0.12910798122065728 
0 0.4553257042253521 0.6167840375586855 0.07174295774647887 0.19131455399061034 
0 0.04863556338028169 0.7676056338028169 0.09110915492957747 0.11502347417840375 
0 0.367737676056338 0.6141431924882629 0.08054577464788733 0.20011737089201878 
0 0.29159330985915494 0.30633802816901406 0.055897887323943664 0.09624413145539906 
0 0.04951584507042254 0.8811619718309859 0.09110915492957747 0.09565727699530517 
0 0.6324823943661971 0.6226525821596244 0.08362676056338028 0.1795774647887324 
0 0.7268926056338029 0.04929577464788732 0.07526408450704225 0.09741784037558686 
0 0.21764964788732394 0.7678990610328639 0.20642605633802816 0.11443661971830986 
0 0.04665492957746479 0.09008215962441314 0.09242957746478873 0.1789906103286385 
0 0.969850352112676 0.05516431924882629 0.06029929577464789 0.1068075117370892 
0 0.2070862676056338 0.43838028169014087 0.22315140845070422 0.12206572769953052 
0 0.9478433098591549 0.3104460093896714 0.07878521126760564 0.2323943661971831 
0 0.534330985915493 0.8958333333333334 0.0625 0.19307511737089203 
0 0.6368838028169014 0.9043427230046949 0.07042253521126761 0.18779342723004694 
0 0.8254841549295775 0.9063967136150235 0.07790492957746478 0.18016431924882628 
0 0.45400528169014087 0.9052230046948356 0.07878521126760564 0.1954225352112676 
0 0.3576144366197183 0.8870305164319249 0.05677816901408451 0.2130281690140845 
0 0.21610915492957747 0.8799882629107981 0.20950704225352113 0.10035211267605634 
0 0.05237676056338028 0.9636150234741784 0.09683098591549295 0.06924882629107981 
0 0.8098591549295775 0.04988262910798122 0.07922535211267606 0.09859154929577464 
0 0.04423415492957746 0.3993544600938967 0.08582746478873239 0.12617370892018778 
0 0.9077904929577465 0.9008215962441315 0.061179577464788734 0.1983568075117371 
0 0.043133802816901406 0.5437206572769953 0.08538732394366197 0.1402582159624413 
0 0.2130281690140845 0.9650821596244131 0.20422535211267606 0.0698356807511737 
0 0.894806338028169 0.054284037558685445 0.07658450704225352 0.1073943661971831 
0 0.7194102112676056 0.6267605633802817 0.07702464788732394 0.18661971830985916 
0 0.6628521126760564 0.29019953051643194 0.0880281690140845 0.22359154929577466 
0 0.8540933098591549 0.30545774647887325 0.10167253521126761 0.23650234741784038 
0 0.7533010563380281 0.2990023474178404 0.08054577464788733 0.2282863849765258 
0 0.5398327464788732 0.619424882629108 0.08142605633802817 0.18368544600938966 
0 0.8025968309859155 0.624706572769953 0.08670774647887323 0.1789906103286385 
0 0.20994718309859156 0.10416666666666667 0.22007042253521128 0.17546948356807512 
0 0.3846830985915493 0.2767018779342723 0.09066901408450705 0.25410798122065725 
0 0.2007042253521127 0.5645539906103286 0.21742957746478872 0.12910798122065728 
0 0.4553257042253521 0.6167840375586855 0.07174295774647887 0.19131455399061034 
0 0.04863556338028169 0.7676056338028169 0.09110915492957747 0.11502347417840375 
0 0.367737676056338 0.6141431924882629 0.08054577464788733 0.20011737089201878 
0 0.29159330985915494 0.30633802816901406 0.055897887323943664 0.09624413145539906 
0 0.04951584507042254 0.8811619718309859 0.09110915492957747 0.09565727699530517 
0 0.6324823943661971 0.6226525821596244 0.08362676056338028 0.1795774647887324 
