0 0.0409330985915493 0.32541079812206575 0.08098591549295775 0.3515258215962441 
0 0.7682658450704225 0.25616197183098594 0.2108274647887324 0.10387323943661972 
0 0.5512764084507042 0.238556338028169 0.21522887323943662 0.11443661971830986 
0 0.5508362676056338 0.36032863849765256 0.2125880281690141 0.11502347417840375 
0 0.9496038732394366 0.8644366197183099 0.0840669014084507 0.2640845070422535 
0 0.8996478873239436 0.4216549295774648 0.05193661971830986 0.2142018779342723 
0 0.7799295774647887 0.029342723004694836 0.2323943661971831 0.057511737089201875 
0 0.1274207746478873 0.8110328638497653 0.09286971830985916 0.3779342723004695 
0 0.9322183098591549 0.07658450704225352 0.0721830985915493 0.14730046948356806 
0 0.9441021126760564 0.4210680751173709 0.045774647887323945 0.22124413145539906 
0 0.769806338028169 0.36384976525821594 0.21214788732394366 0.10915492957746478 
0 0.7724471830985915 0.4765258215962441 0.2227112676056338 0.11032863849765258 
0 0.39678697183098594 0.3403755868544601 0.08934859154929578 0.352112676056338 
0 0.7706866197183099 0.8157276995305164 0.09242957746478873 0.3591549295774648 
0 0.03807218309859155 0.8063380281690141 0.07526408450704225 0.38028169014084506 
0 0.547975352112676 0.4703638497652582 0.2112676056338028 0.09800469483568075 
0 0.3274647887323944 0.8145539906103286 0.09595070422535211 0.37089201877934275 
0 0.22381161971830985 0.8163145539906104 0.09463028169014084 0.3673708920187793 
0 0.6668133802816901 0.8125 0.1056338028169014 0.36208920187793425 
0 0.5713028169014085 0.8136737089201878 0.08362676056338028 0.3573943661971831 
0 0.8591549295774648 0.8233568075117371 0.09330985915492958 0.3532863849765258 
0 0.4610475352112676 0.8145539906103286 0.09286971830985916 0.36384976525821594 
0 0.13468309859154928 0.3392018779342723 0.08274647887323944 0.3392018779342723 
0 0.21720950704225353 0.34125586854460094 0.07350352112676056 0.3315727699530516 
0 0.3025968309859155 0.3380281690140845 0.09022887323943662 0.35093896713615025 
0 0.0409330985915493 0.32541079812206575 0.08098591549295775 0.3515258215962441 
0 0.7682658450704225 0.25616197183098594 0.2108274647887324 0.10387323943661972 
0 0.5512764084507042 0.238556338028169 0.21522887323943662 0.11443661971830986 
0 0.5508362676056338 0.36032863849765256 0.2125880281690141 0.11502347417840375 
0 0.9496038732394366 0.8644366197183099 0.0840669014084507 0.2640845070422535 
0 0.8996478873239436 0.4216549295774648 0.05193661971830986 0.2142018779342723 
0 0.7799295774647887 0.029342723004694836 0.2323943661971831 0.057511737089201875 
0 0.1274207746478873 0.8110328638497653 0.09286971830985916 0.3779342723004695 
0 0.9322183098591549 0.07658450704225352 0.0721830985915493 0.14730046948356806 
0 0.9441021126760564 0.4210680751173709 0.045774647887323945 0.22124413145539906 
0 0.769806338028169 0.36384976525821594 0.21214788732394366 0.10915492957746478 
0 0.7724471830985915 0.4765258215962441 0.2227112676056338 0.11032863849765258 
0 0.39678697183098594 0.3403755868544601 0.08934859154929578 0.352112676056338 
0 0.7706866197183099 0.8157276995305164 0.09242957746478873 0.3591549295774648 
0 0.03807218309859155 0.8063380281690141 0.07526408450704225 0.38028169014084506 
0 0.547975352112676 0.4703638497652582 0.2112676056338028 0.09800469483568075 
0 0.3274647887323944 0.8145539906103286 0.09595070422535211 0.37089201877934275 
0 0.22381161971830985 0.8163145539906104 0.09463028169014084 0.3673708920187793 
0 0.6668133802816901 0.8125 0.1056338028169014 0.36208920187793425 
0 0.5713028169014085 0.8136737089201878 0.08362676056338028 0.3573943661971831 
0 0.8591549295774648 0.8233568075117371 0.09330985915492958 0.3532863849765258 
0 0.4610475352112676 0.8145539906103286 0.09286971830985916 0.36384976525821594 
0 0.13468309859154928 0.3392018779342723 0.08274647887323944 0.3392018779342723 
0 0.21720950704225353 0.34125586854460094 0.07350352112676056 0.3315727699530516 
0 0.3025968309859155 0.3380281690140845 0.09022887323943662 0.35093896713615025 
0 0.0409330985915493 0.32541079812206575 0.08098591549295775 0.3515258215962441 
0 0.7682658450704225 0.25616197183098594 0.2108274647887324 0.10387323943661972 
0 0.5512764084507042 0.238556338028169 0.21522887323943662 0.11443661971830986 
0 0.5508362676056338 0.36032863849765256 0.2125880281690141 0.11502347417840375 
0 0.9496038732394366 0.8644366197183099 0.0840669014084507 0.2640845070422535 
0 0.8996478873239436 0.4216549295774648 0.05193661971830986 0.2142018779342723 
0 0.7799295774647887 0.029342723004694836 0.2323943661971831 0.057511737089201875 
0 0.1274207746478873 0.8110328638497653 0.09286971830985916 0.3779342723004695 
0 0.9322183098591549 0.07658450704225352 0.0721830985915493 0.14730046948356806 
0 0.9441021126760564 0.4210680751173709 0.045774647887323945 0.22124413145539906 
0 0.769806338028169 0.36384976525821594 0.21214788732394366 0.10915492957746478 
0 0.7724471830985915 0.4765258215962441 0.2227112676056338 0.11032863849765258 
0 0.39678697183098594 0.3403755868544601 0.08934859154929578 0.352112676056338 
0 0.7706866197183099 0.8157276995305164 0.09242957746478873 0.3591549295774648 
0 0.03807218309859155 0.8063380281690141 0.07526408450704225 0.38028169014084506 
0 0.547975352112676 0.4703638497652582 0.2112676056338028 0.09800469483568075 
0 0.3274647887323944 0.8145539906103286 0.09595070422535211 0.37089201877934275 
0 0.22381161971830985 0.8163145539906104 0.09463028169014084 0.3673708920187793 
0 0.6668133802816901 0.8125 0.1056338028169014 0.36208920187793425 
0 0.5713028169014085 0.8136737089201878 0.08362676056338028 0.3573943661971831 
0 0.8591549295774648 0.8233568075117371 0.09330985915492958 0.3532863849765258 
0 0.4610475352112676 0.8145539906103286 0.09286971830985916 0.36384976525821594 
0 0.13468309859154928 0.3392018779342723 0.08274647887323944 0.3392018779342723 
0 0.21720950704225353 0.34125586854460094 0.07350352112676056 0.3315727699530516 
0 0.3025968309859155 0.3380281690140845 0.09022887323943662 0.35093896713615025 
