0 0.06470070422535211 0.8098591549295775 0.12852112676056338 0.3274647887323944 
0 0.7200704225352113 0.744424882629108 0.12147887323943662 0.42077464788732394 
0 0.018265845070422535 0.18045774647887325 0.035651408450704226 0.3597417840375587 
0 0.9632482394366197 0.2432511737089202 0.0682218309859155 0.2529342723004695 
0 0.9658890845070423 0.767018779342723 0.0682218309859155 0.36619718309859156 
0 0.6084947183098591 0.18867370892018778 0.09110915492957747 0.375 
0 0.5002200704225352 0.1875 0.09110915492957747 0.3738262910798122 
0 0.7022447183098591 0.1898474178403756 0.10695422535211267 0.3785211267605634 
0 0.8871038732394366 0.1977699530516432 0.08230633802816902 0.3544600938967136 
0 0.7986355633802817 0.19131455399061034 0.08142605633802817 0.3568075117370892 
0 0.4355193661971831 0.7819835680751174 0.14656690140845072 0.3855633802816901 
0 0.17825704225352113 0.17811032863849766 0.09330985915492958 0.3550469483568075 
0 0.2753080985915493 0.18045774647887325 0.09110915492957747 0.3597417840375587 
0 0.8547535211267606 0.7544014084507042 0.13204225352112675 0.40316901408450706 
0 0.3716989436619718 0.18427230046948356 0.08670774647887323 0.3673708920187793 
0 0.5882482394366197 0.7009976525821596 0.11663732394366197 0.3937793427230047 
0 0.08230633802816902 0.18045774647887325 0.0977112676056338 0.3597417840375587 
0 0.06470070422535211 0.8098591549295775 0.12852112676056338 0.3274647887323944 
0 0.7200704225352113 0.744424882629108 0.12147887323943662 0.42077464788732394 
0 0.018265845070422535 0.18045774647887325 0.035651408450704226 0.3597417840375587 
0 0.9632482394366197 0.2432511737089202 0.0682218309859155 0.2529342723004695 
0 0.9658890845070423 0.767018779342723 0.0682218309859155 0.36619718309859156 
0 0.6084947183098591 0.18867370892018778 0.09110915492957747 0.375 
0 0.5002200704225352 0.1875 0.09110915492957747 0.3738262910798122 
0 0.7022447183098591 0.1898474178403756 0.10695422535211267 0.3785211267605634 
0 0.8871038732394366 0.1977699530516432 0.08230633802816902 0.3544600938967136 
0 0.7986355633802817 0.19131455399061034 0.08142605633802817 0.3568075117370892 
0 0.4355193661971831 0.7819835680751174 0.14656690140845072 0.3855633802816901 
0 0.17825704225352113 0.17811032863849766 0.09330985915492958 0.3550469483568075 
0 0.2753080985915493 0.18045774647887325 0.09110915492957747 0.3597417840375587 
0 0.8547535211267606 0.7544014084507042 0.13204225352112675 0.40316901408450706 
0 0.3716989436619718 0.18427230046948356 0.08670774647887323 0.3673708920187793 
0 0.5882482394366197 0.7009976525821596 0.11663732394366197 0.3937793427230047 
0 0.08230633802816902 0.18045774647887325 0.0977112676056338 0.3597417840375587 
0 0.06470070422535211 0.8098591549295775 0.12852112676056338 0.3274647887323944 
0 0.7200704225352113 0.744424882629108 0.12147887323943662 0.42077464788732394 
0 0.018265845070422535 0.18045774647887325 0.035651408450704226 0.3597417840375587 
0 0.9632482394366197 0.2432511737089202 0.0682218309859155 0.2529342723004695 
0 0.9658890845070423 0.767018779342723 0.0682218309859155 0.36619718309859156 
0 0.6084947183098591 0.18867370892018778 0.09110915492957747 0.375 
0 0.5002200704225352 0.1875 0.09110915492957747 0.3738262910798122 
0 0.7022447183098591 0.1898474178403756 0.10695422535211267 0.3785211267605634 
0 0.8871038732394366 0.1977699530516432 0.08230633802816902 0.3544600938967136 
0 0.7986355633802817 0.19131455399061034 0.08142605633802817 0.3568075117370892 
0 0.4355193661971831 0.7819835680751174 0.14656690140845072 0.3855633802816901 
0 0.17825704225352113 0.17811032863849766 0.09330985915492958 0.3550469483568075 
0 0.2753080985915493 0.18045774647887325 0.09110915492957747 0.3597417840375587 
0 0.8547535211267606 0.7544014084507042 0.13204225352112675 0.40316901408450706 
0 0.3716989436619718 0.18427230046948356 0.08670774647887323 0.3673708920187793 
0 0.5882482394366197 0.7009976525821596 0.11663732394366197 0.3937793427230047 
0 0.08230633802816902 0.18045774647887325 0.0977112676056338 0.3597417840375587 
