0 0.7577024647887324 0.7649647887323944 0.1993838028169014 0.10504694835680752 
0 0.5565580985915493 0.6602112676056338 0.2055457746478873 0.11971830985915492 
0 0.7761883802816901 0.4439553990610329 0.2108274647887324 0.12030516431924883 
0 0.920774647887324 0.7928403755868545 0.04841549295774648 0.2147887323943662 
0 0.926056338028169 0.477406103286385 0.06866197183098592 0.15786384976525822 
0 0.9452024647887324 0.1613849765258216 0.07174295774647887 0.2312206572769953 
0 0.8778609154929577 0.7893192488262911 0.04181338028169014 0.19953051643192488 
0 0.7544014084507042 0.8741197183098591 0.20334507042253522 0.11208920187793427 
0 0.546875 0.02699530516431925 0.2777288732394366 0.04929577464788732 
0 0.5528169014084507 0.7661384976525821 0.20598591549295775 0.10035211267605634 
0 0.7616637323943662 0.6499413145539906 0.19586267605633803 0.11326291079812206 
0 0.15492957746478872 0.7323943661971831 0.07482394366197183 0.3345070422535211 
0 0.40514964788732394 0.7643779342723005 0.0840669014084507 0.3562206572769953 
0 0.05567781690140845 0.7634976525821596 0.10255281690140845 0.357981220657277 
0 0.511443661971831 0.2857981220657277 0.2790492957746479 0.1431924882629108 
0 0.31932218309859156 0.7640845070422535 0.0840669014084507 0.36502347417840375 
0 0.07900528169014084 0.3028169014084507 0.1113556338028169 0.3720657276995305 
0 0.3076584507042254 0.3125 0.10299295774647887 0.3585680751173709 
0 0.19454225352112675 0.31161971830985913 0.11179577464788733 0.36619718309859156 
0 0.5171654929577465 0.42869718309859156 0.29313380281690143 0.13908450704225353 
0 0.5473151408450704 0.8679577464788732 0.19586267605633803 0.09741784037558686 
0 0.7757482394366197 0.3330399061032864 0.207306338028169 0.11326291079812206 
0 0.7955545774647887 0.036384976525821594 0.20202464788732394 0.06690140845070422 
0 0.2367957746478873 0.7338615023474179 0.07570422535211267 0.34330985915492956 
0 0.7577024647887324 0.7649647887323944 0.1993838028169014 0.10504694835680752 
0 0.5565580985915493 0.6602112676056338 0.2055457746478873 0.11971830985915492 
0 0.7761883802816901 0.4439553990610329 0.2108274647887324 0.12030516431924883 
0 0.920774647887324 0.7928403755868545 0.04841549295774648 0.2147887323943662 
0 0.926056338028169 0.477406103286385 0.06866197183098592 0.15786384976525822 
0 0.9452024647887324 0.1613849765258216 0.07174295774647887 0.2312206572769953 
0 0.8778609154929577 0.7893192488262911 0.04181338028169014 0.19953051643192488 
0 0.7544014084507042 0.8741197183098591 0.20334507042253522 0.11208920187793427 
0 0.546875 0.02699530516431925 0.2777288732394366 0.04929577464788732 
0 0.5528169014084507 0.7661384976525821 0.20598591549295775 0.10035211267605634 
0 0.7616637323943662 0.6499413145539906 0.19586267605633803 0.11326291079812206 
0 0.15492957746478872 0.7323943661971831 0.07482394366197183 0.3345070422535211 
0 0.40514964788732394 0.7643779342723005 0.0840669014084507 0.3562206572769953 
0 0.05567781690140845 0.7634976525821596 0.10255281690140845 0.357981220657277 
0 0.511443661971831 0.2857981220657277 0.2790492957746479 0.1431924882629108 
0 0.31932218309859156 0.7640845070422535 0.0840669014084507 0.36502347417840375 
0 0.07900528169014084 0.3028169014084507 0.1113556338028169 0.3720657276995305 
0 0.3076584507042254 0.3125 0.10299295774647887 0.3585680751173709 
0 0.19454225352112675 0.31161971830985913 0.11179577464788733 0.36619718309859156 
0 0.5171654929577465 0.42869718309859156 0.29313380281690143 0.13908450704225353 
0 0.5473151408450704 0.8679577464788732 0.19586267605633803 0.09741784037558686 
0 0.7757482394366197 0.3330399061032864 0.207306338028169 0.11326291079812206 
0 0.7955545774647887 0.036384976525821594 0.20202464788732394 0.06690140845070422 
0 0.2367957746478873 0.7338615023474179 0.07570422535211267 0.34330985915492956 
0 0.7577024647887324 0.7649647887323944 0.1993838028169014 0.10504694835680752 
0 0.5565580985915493 0.6602112676056338 0.2055457746478873 0.11971830985915492 
0 0.7761883802816901 0.4439553990610329 0.2108274647887324 0.12030516431924883 
0 0.920774647887324 0.7928403755868545 0.04841549295774648 0.2147887323943662 
0 0.926056338028169 0.477406103286385 0.06866197183098592 0.15786384976525822 
0 0.9452024647887324 0.1613849765258216 0.07174295774647887 0.2312206572769953 
0 0.8778609154929577 0.7893192488262911 0.04181338028169014 0.19953051643192488 
0 0.7544014084507042 0.8741197183098591 0.20334507042253522 0.11208920187793427 
0 0.546875 0.02699530516431925 0.2777288732394366 0.04929577464788732 
0 0.5528169014084507 0.7661384976525821 0.20598591549295775 0.10035211267605634 
0 0.7616637323943662 0.6499413145539906 0.19586267605633803 0.11326291079812206 
0 0.15492957746478872 0.7323943661971831 0.07482394366197183 0.3345070422535211 
0 0.40514964788732394 0.7643779342723005 0.0840669014084507 0.3562206572769953 
0 0.05567781690140845 0.7634976525821596 0.10255281690140845 0.357981220657277 
0 0.511443661971831 0.2857981220657277 0.2790492957746479 0.1431924882629108 
0 0.31932218309859156 0.7640845070422535 0.0840669014084507 0.36502347417840375 
0 0.07900528169014084 0.3028169014084507 0.1113556338028169 0.3720657276995305 
0 0.3076584507042254 0.3125 0.10299295774647887 0.3585680751173709 
0 0.19454225352112675 0.31161971830985913 0.11179577464788733 0.36619718309859156 
0 0.5171654929577465 0.42869718309859156 0.29313380281690143 0.13908450704225353 
0 0.5473151408450704 0.8679577464788732 0.19586267605633803 0.09741784037558686 
0 0.7757482394366197 0.3330399061032864 0.207306338028169 0.11326291079812206 
0 0.7955545774647887 0.036384976525821594 0.20202464788732394 0.06690140845070422 
0 0.2367957746478873 0.7338615023474179 0.07570422535211267 0.34330985915492956 
