0 0.704225352112676 0.8503521126760564 0.10211267605633803 0.29225352112676056 
0 0.3730193661971831 0.8213028169014085 0.09903169014084508 0.29518779342723006 
0 0.4779929577464789 0.8392018779342723 0.1073943661971831 0.31220657276995306 
0 0.2480193661971831 0.8054577464788732 0.12015845070422536 0.2834507042253521 
0 0.5889084507042254 0.8430164319248826 0.11443661971830986 0.2916666666666667 
0 0.03455105633802817 0.1977699530516432 0.0682218309859155 0.3345070422535211 
0 0.277068661971831 0.20305164319248825 0.0743838028169014 0.3544600938967136 
0 0.04379401408450704 0.7811032863849765 0.08670774647887323 0.2793427230046948 
0 0.34639084507042256 0.2039319248826291 0.07922535211267606 0.36208920187793425 
0 0.19190140845070422 0.19571596244131456 0.07746478873239436 0.3515258215962441 
0 0.7167693661971831 0.21244131455399062 0.09375 0.3826291079812207 
0 0.8202024647887324 0.21860328638497653 0.09639084507042253 0.3949530516431925 
0 0.4399207746478873 0.2068661971830986 0.09815140845070422 0.3714788732394366 
0 0.13776408450704225 0.7922535211267606 0.09330985915492958 0.2793427230046948 
0 0.9172535211267606 0.21654929577464788 0.09330985915492958 0.3931924882629108 
0 0.10761443661971831 0.19248826291079812 0.0743838028169014 0.34507042253521125 
0 0.6285211267605634 0.2112676056338028 0.09859154929577464 0.3720657276995305 
0 0.704225352112676 0.8503521126760564 0.10211267605633803 0.29225352112676056 
0 0.3730193661971831 0.8213028169014085 0.09903169014084508 0.29518779342723006 
0 0.4779929577464789 0.8392018779342723 0.1073943661971831 0.31220657276995306 
0 0.2480193661971831 0.8054577464788732 0.12015845070422536 0.2834507042253521 
0 0.5889084507042254 0.8430164319248826 0.11443661971830986 0.2916666666666667 
0 0.03455105633802817 0.1977699530516432 0.0682218309859155 0.3345070422535211 
0 0.277068661971831 0.20305164319248825 0.0743838028169014 0.3544600938967136 
0 0.04379401408450704 0.7811032863849765 0.08670774647887323 0.2793427230046948 
0 0.34639084507042256 0.2039319248826291 0.07922535211267606 0.36208920187793425 
0 0.19190140845070422 0.19571596244131456 0.07746478873239436 0.3515258215962441 
0 0.7167693661971831 0.21244131455399062 0.09375 0.3826291079812207 
0 0.8202024647887324 0.21860328638497653 0.09639084507042253 0.3949530516431925 
0 0.4399207746478873 0.2068661971830986 0.09815140845070422 0.3714788732394366 
0 0.13776408450704225 0.7922535211267606 0.09330985915492958 0.2793427230046948 
0 0.9172535211267606 0.21654929577464788 0.09330985915492958 0.3931924882629108 
0 0.10761443661971831 0.19248826291079812 0.0743838028169014 0.34507042253521125 
0 0.6285211267605634 0.2112676056338028 0.09859154929577464 0.3720657276995305 
0 0.704225352112676 0.8503521126760564 0.10211267605633803 0.29225352112676056 
0 0.3730193661971831 0.8213028169014085 0.09903169014084508 0.29518779342723006 
0 0.4779929577464789 0.8392018779342723 0.1073943661971831 0.31220657276995306 
0 0.2480193661971831 0.8054577464788732 0.12015845070422536 0.2834507042253521 
0 0.5889084507042254 0.8430164319248826 0.11443661971830986 0.2916666666666667 
0 0.03455105633802817 0.1977699530516432 0.0682218309859155 0.3345070422535211 
0 0.277068661971831 0.20305164319248825 0.0743838028169014 0.3544600938967136 
0 0.04379401408450704 0.7811032863849765 0.08670774647887323 0.2793427230046948 
0 0.34639084507042256 0.2039319248826291 0.07922535211267606 0.36208920187793425 
0 0.19190140845070422 0.19571596244131456 0.07746478873239436 0.3515258215962441 
0 0.7167693661971831 0.21244131455399062 0.09375 0.3826291079812207 
0 0.8202024647887324 0.21860328638497653 0.09639084507042253 0.3949530516431925 
0 0.4399207746478873 0.2068661971830986 0.09815140845070422 0.3714788732394366 
0 0.13776408450704225 0.7922535211267606 0.09330985915492958 0.2793427230046948 
0 0.9172535211267606 0.21654929577464788 0.09330985915492958 0.3931924882629108 
0 0.10761443661971831 0.19248826291079812 0.0743838028169014 0.34507042253521125 
0 0.6285211267605634 0.2112676056338028 0.09859154929577464 0.3720657276995305 
