0 0.8868838028169014 0.2649647887323944 0.06866197183098592 0.13086854460093897 
0 0.9452024647887324 0.8474178403755869 0.09022887323943662 0.12793427230046947 
0 0.753080985915493 0.2640845070422535 0.07482394366197183 0.13262910798122066 
0 0.9749119718309859 0.46449530516431925 0.05017605633802817 0.1426056338028169 
0 0.9192341549295775 0.46332159624413144 0.05941901408450704 0.15551643192488263 
0 0.7871919014084507 0.4653755868544601 0.0682218309859155 0.15023474178403756 
0 0.2819102112676056 0.07511737089201878 0.1210387323943662 0.14788732394366197 
0 0.04709507042253521 0.6414319248826291 0.058098591549295774 0.13732394366197184 
0 0.254181338028169 0.647887323943662 0.07086267605633803 0.1443661971830986 
0 0.27684859154929575 0.26291079812206575 0.0897887323943662 0.142018779342723 
0 0.585387323943662 0.06426056338028169 0.08450704225352113 0.1273474178403756 
0 0.03829225352112676 0.2705399061032864 0.07570422535211267 0.13380281690140844 
0 0.8547535211267606 0.4647887323943662 0.06514084507042253 0.15258215962441316 
0 0.795774647887324 0.06426056338028169 0.061619718309859156 0.12030516431924883 
0 0.8633362676056338 0.6561032863849765 0.08054577464788733 0.15023474178403756 
0 0.8549735915492958 0.8403755868544601 0.08494718309859155 0.12910798122065728 
0 0.48151408450704225 0.8397887323943662 0.0801056338028169 0.13028169014084506 
0 0.9262764084507042 0.062206572769953054 0.06910211267605634 0.11619718309859155 
0 0.030149647887323945 0.08362676056338028 0.05941901408450704 0.1613849765258216 
0 0.203125 0.9642018779342723 0.07350352112676056 0.0715962441314554 
0 0.27662852112676056 0.9665492957746479 0.0664612676056338 0.06690140845070422 
0 0.10211267605633803 0.07746478873239436 0.07570422535211267 0.15258215962441316 
0 0.4113116197183099 0.971537558685446 0.07350352112676056 0.056924882629107984 
0 0.980193661971831 0.062206572769953054 0.03609154929577465 0.11619718309859155 
0 0.8589348591549296 0.06396713615023474 0.06294014084507042 0.11971830985915492 
0 0.13930457746478872 0.9647887323943662 0.04973591549295775 0.06690140845070422 
0 0.02420774647887324 0.8227699530516432 0.04753521126760563 0.1255868544600939 
0 0.4907570422535211 0.9730046948356808 0.07306338028169014 0.051643192488262914 
0 0.39590669014084506 0.835387323943662 0.0761443661971831 0.13673708920187794 
0 0.23283450704225353 0.846830985915493 0.07130281690140845 0.10093896713615023 
0 0.6346830985915493 0.840962441314554 0.09330985915492958 0.13028169014084506 
0 0.3085387323943662 0.8418427230046949 0.07746478873239436 0.10856807511737089 
0 0.07834507042253522 0.9647887323943662 0.07482394366197183 0.06924882629107981 
0 0.3404489436619718 0.9694835680751174 0.06382042253521127 0.05868544600938967 
0 0.1639524647887324 0.8333333333333334 0.06734154929577464 0.1267605633802817 
0 0.17825704225352113 0.08215962441314555 0.0818661971830986 0.14084507042253522 
0 0.16725352112676056 0.45598591549295775 0.0625 0.15023474178403756 
0 0.7279929577464789 0.8441901408450704 0.08626760563380281 0.1273474178403756 
0 0.5941901408450704 0.4624413145539906 0.07130281690140845 0.14788732394366197 
0 0.6247799295774648 0.6572769953051644 0.09110915492957747 0.1467136150234742 
0 0.45444542253521125 0.2649647887323944 0.09727112676056338 0.13086854460093897 
0 0.784330985915493 0.6566901408450704 0.07394366197183098 0.14906103286384975 
0 0.3904049295774648 0.460387323943662 0.06954225352112677 0.15551643192488263 
0 0.6034330985915493 0.2649647887323944 0.09242957746478873 0.12852112676056338 
0 0.7095070422535211 0.6563967136150235 0.07570422535211267 0.15434272300469484 
0 0.47491197183098594 0.4536384976525822 0.07570422535211267 0.1431924882629108 
0 0.8226232394366197 0.26261737089201875 0.06514084507042253 0.13204225352112675 
0 0.6599911971830986 0.4642018779342723 0.06029929577464789 0.15140845070422534 
0 0.7224911971830986 0.46273474178403756 0.061179577464788734 0.1449530516431925 
0 0.484375 0.6525821596244131 0.07526408450704225 0.15258215962441316 
0 0.4011883802816901 0.6499413145539906 0.06558098591549295 0.14964788732394366 
0 0.9480633802816901 0.6575704225352113 0.08538732394366197 0.15316901408450703 
0 0.10717429577464789 0.4539319248826291 0.05677816901408451 0.15434272300469484 
0 0.1153169014084507 0.2676056338028169 0.07834507042253522 0.13380281690140844 
0 0.042473591549295774 0.4556924882629108 0.06734154929577464 0.1742957746478873 
0 0.7330545774647887 0.0625 0.0664612676056338 0.12265258215962441 
0 0.238556338028169 0.4595070422535211 0.06514084507042253 0.14906103286384975 
0 0.6639524647887324 0.06279342723004695 0.0682218309859155 0.12323943661971831 
0 0.32944542253521125 0.6505281690140845 0.06998239436619719 0.13673708920187794 
0 0.10387323943661972 0.6431924882629108 0.05457746478873239 0.12793427230046947 
0 0.6826584507042254 0.26467136150234744 0.06338028169014084 0.13028169014084506 
0 0.3105193661971831 0.45539906103286387 0.07262323943661972 0.14553990610328638 
0 0.1932218309859155 0.26555164319248825 0.07834507042253522 0.12969483568075119 
0 0.17341549295774647 0.6452464788732394 0.07658450704225352 0.13791079812206572 
0 0.08626760563380281 0.8327464788732394 0.061619718309859156 0.11619718309859155 
0 0.3642165492957746 0.267018779342723 0.08670774647887323 0.13262910798122066 
0 0.9555457746478874 0.2632042253521127 0.05545774647887324 0.13086854460093897 
0 0.8868838028169014 0.2649647887323944 0.06866197183098592 0.13086854460093897 
0 0.9452024647887324 0.8474178403755869 0.09022887323943662 0.12793427230046947 
0 0.753080985915493 0.2640845070422535 0.07482394366197183 0.13262910798122066 
0 0.9749119718309859 0.46449530516431925 0.05017605633802817 0.1426056338028169 
0 0.9192341549295775 0.46332159624413144 0.05941901408450704 0.15551643192488263 
0 0.7871919014084507 0.4653755868544601 0.0682218309859155 0.15023474178403756 
0 0.2819102112676056 0.07511737089201878 0.1210387323943662 0.14788732394366197 
0 0.04709507042253521 0.6414319248826291 0.058098591549295774 0.13732394366197184 
0 0.254181338028169 0.647887323943662 0.07086267605633803 0.1443661971830986 
0 0.27684859154929575 0.26291079812206575 0.0897887323943662 0.142018779342723 
0 0.585387323943662 0.06426056338028169 0.08450704225352113 0.1273474178403756 
0 0.03829225352112676 0.2705399061032864 0.07570422535211267 0.13380281690140844 
0 0.8547535211267606 0.4647887323943662 0.06514084507042253 0.15258215962441316 
0 0.795774647887324 0.06426056338028169 0.061619718309859156 0.12030516431924883 
0 0.8633362676056338 0.6561032863849765 0.08054577464788733 0.15023474178403756 
0 0.8549735915492958 0.8403755868544601 0.08494718309859155 0.12910798122065728 
0 0.48151408450704225 0.8397887323943662 0.0801056338028169 0.13028169014084506 
0 0.9262764084507042 0.062206572769953054 0.06910211267605634 0.11619718309859155 
0 0.030149647887323945 0.08362676056338028 0.05941901408450704 0.1613849765258216 
0 0.203125 0.9642018779342723 0.07350352112676056 0.0715962441314554 
0 0.27662852112676056 0.9665492957746479 0.0664612676056338 0.06690140845070422 
0 0.10211267605633803 0.07746478873239436 0.07570422535211267 0.15258215962441316 
0 0.4113116197183099 0.971537558685446 0.07350352112676056 0.056924882629107984 
0 0.980193661971831 0.062206572769953054 0.03609154929577465 0.11619718309859155 
0 0.8589348591549296 0.06396713615023474 0.06294014084507042 0.11971830985915492 
0 0.13930457746478872 0.9647887323943662 0.04973591549295775 0.06690140845070422 
0 0.02420774647887324 0.8227699530516432 0.04753521126760563 0.1255868544600939 
0 0.4907570422535211 0.9730046948356808 0.07306338028169014 0.051643192488262914 
0 0.39590669014084506 0.835387323943662 0.0761443661971831 0.13673708920187794 
0 0.23283450704225353 0.846830985915493 0.07130281690140845 0.10093896713615023 
0 0.6346830985915493 0.840962441314554 0.09330985915492958 0.13028169014084506 
0 0.3085387323943662 0.8418427230046949 0.07746478873239436 0.10856807511737089 
0 0.07834507042253522 0.9647887323943662 0.07482394366197183 0.06924882629107981 
0 0.3404489436619718 0.9694835680751174 0.06382042253521127 0.05868544600938967 
0 0.1639524647887324 0.8333333333333334 0.06734154929577464 0.1267605633802817 
0 0.17825704225352113 0.08215962441314555 0.0818661971830986 0.14084507042253522 
0 0.16725352112676056 0.45598591549295775 0.0625 0.15023474178403756 
0 0.7279929577464789 0.8441901408450704 0.08626760563380281 0.1273474178403756 
0 0.5941901408450704 0.4624413145539906 0.07130281690140845 0.14788732394366197 
0 0.6247799295774648 0.6572769953051644 0.09110915492957747 0.1467136150234742 
0 0.45444542253521125 0.2649647887323944 0.09727112676056338 0.13086854460093897 
0 0.784330985915493 0.6566901408450704 0.07394366197183098 0.14906103286384975 
0 0.3904049295774648 0.460387323943662 0.06954225352112677 0.15551643192488263 
0 0.6034330985915493 0.2649647887323944 0.09242957746478873 0.12852112676056338 
0 0.7095070422535211 0.6563967136150235 0.07570422535211267 0.15434272300469484 
0 0.47491197183098594 0.4536384976525822 0.07570422535211267 0.1431924882629108 
0 0.8226232394366197 0.26261737089201875 0.06514084507042253 0.13204225352112675 
0 0.6599911971830986 0.4642018779342723 0.06029929577464789 0.15140845070422534 
0 0.7224911971830986 0.46273474178403756 0.061179577464788734 0.1449530516431925 
0 0.484375 0.6525821596244131 0.07526408450704225 0.15258215962441316 
0 0.4011883802816901 0.6499413145539906 0.06558098591549295 0.14964788732394366 
0 0.9480633802816901 0.6575704225352113 0.08538732394366197 0.15316901408450703 
0 0.10717429577464789 0.4539319248826291 0.05677816901408451 0.15434272300469484 
0 0.1153169014084507 0.2676056338028169 0.07834507042253522 0.13380281690140844 
0 0.042473591549295774 0.4556924882629108 0.06734154929577464 0.1742957746478873 
0 0.7330545774647887 0.0625 0.0664612676056338 0.12265258215962441 
0 0.238556338028169 0.4595070422535211 0.06514084507042253 0.14906103286384975 
0 0.6639524647887324 0.06279342723004695 0.0682218309859155 0.12323943661971831 
0 0.32944542253521125 0.6505281690140845 0.06998239436619719 0.13673708920187794 
0 0.10387323943661972 0.6431924882629108 0.05457746478873239 0.12793427230046947 
0 0.6826584507042254 0.26467136150234744 0.06338028169014084 0.13028169014084506 
0 0.3105193661971831 0.45539906103286387 0.07262323943661972 0.14553990610328638 
0 0.1932218309859155 0.26555164319248825 0.07834507042253522 0.12969483568075119 
0 0.17341549295774647 0.6452464788732394 0.07658450704225352 0.13791079812206572 
0 0.08626760563380281 0.8327464788732394 0.061619718309859156 0.11619718309859155 
0 0.3642165492957746 0.267018779342723 0.08670774647887323 0.13262910798122066 
0 0.9555457746478874 0.2632042253521127 0.05545774647887324 0.13086854460093897 
0 0.8868838028169014 0.2649647887323944 0.06866197183098592 0.13086854460093897 
0 0.9452024647887324 0.8474178403755869 0.09022887323943662 0.12793427230046947 
0 0.753080985915493 0.2640845070422535 0.07482394366197183 0.13262910798122066 
0 0.9749119718309859 0.46449530516431925 0.05017605633802817 0.1426056338028169 
0 0.9192341549295775 0.46332159624413144 0.05941901408450704 0.15551643192488263 
0 0.7871919014084507 0.4653755868544601 0.0682218309859155 0.15023474178403756 
0 0.2819102112676056 0.07511737089201878 0.1210387323943662 0.14788732394366197 
0 0.04709507042253521 0.6414319248826291 0.058098591549295774 0.13732394366197184 
0 0.254181338028169 0.647887323943662 0.07086267605633803 0.1443661971830986 
0 0.27684859154929575 0.26291079812206575 0.0897887323943662 0.142018779342723 
0 0.585387323943662 0.06426056338028169 0.08450704225352113 0.1273474178403756 
0 0.03829225352112676 0.2705399061032864 0.07570422535211267 0.13380281690140844 
0 0.8547535211267606 0.4647887323943662 0.06514084507042253 0.15258215962441316 
0 0.795774647887324 0.06426056338028169 0.061619718309859156 0.12030516431924883 
0 0.8633362676056338 0.6561032863849765 0.08054577464788733 0.15023474178403756 
0 0.8549735915492958 0.8403755868544601 0.08494718309859155 0.12910798122065728 
0 0.48151408450704225 0.8397887323943662 0.0801056338028169 0.13028169014084506 
0 0.9262764084507042 0.062206572769953054 0.06910211267605634 0.11619718309859155 
0 0.030149647887323945 0.08362676056338028 0.05941901408450704 0.1613849765258216 
0 0.203125 0.9642018779342723 0.07350352112676056 0.0715962441314554 
0 0.27662852112676056 0.9665492957746479 0.0664612676056338 0.06690140845070422 
0 0.10211267605633803 0.07746478873239436 0.07570422535211267 0.15258215962441316 
0 0.4113116197183099 0.971537558685446 0.07350352112676056 0.056924882629107984 
0 0.980193661971831 0.062206572769953054 0.03609154929577465 0.11619718309859155 
0 0.8589348591549296 0.06396713615023474 0.06294014084507042 0.11971830985915492 
0 0.13930457746478872 0.9647887323943662 0.04973591549295775 0.06690140845070422 
0 0.02420774647887324 0.8227699530516432 0.04753521126760563 0.1255868544600939 
0 0.4907570422535211 0.9730046948356808 0.07306338028169014 0.051643192488262914 
0 0.39590669014084506 0.835387323943662 0.0761443661971831 0.13673708920187794 
0 0.23283450704225353 0.846830985915493 0.07130281690140845 0.10093896713615023 
0 0.6346830985915493 0.840962441314554 0.09330985915492958 0.13028169014084506 
0 0.3085387323943662 0.8418427230046949 0.07746478873239436 0.10856807511737089 
0 0.07834507042253522 0.9647887323943662 0.07482394366197183 0.06924882629107981 
0 0.3404489436619718 0.9694835680751174 0.06382042253521127 0.05868544600938967 
0 0.1639524647887324 0.8333333333333334 0.06734154929577464 0.1267605633802817 
0 0.17825704225352113 0.08215962441314555 0.0818661971830986 0.14084507042253522 
0 0.16725352112676056 0.45598591549295775 0.0625 0.15023474178403756 
0 0.7279929577464789 0.8441901408450704 0.08626760563380281 0.1273474178403756 
0 0.5941901408450704 0.4624413145539906 0.07130281690140845 0.14788732394366197 
0 0.6247799295774648 0.6572769953051644 0.09110915492957747 0.1467136150234742 
0 0.45444542253521125 0.2649647887323944 0.09727112676056338 0.13086854460093897 
0 0.784330985915493 0.6566901408450704 0.07394366197183098 0.14906103286384975 
0 0.3904049295774648 0.460387323943662 0.06954225352112677 0.15551643192488263 
0 0.6034330985915493 0.2649647887323944 0.09242957746478873 0.12852112676056338 
0 0.7095070422535211 0.6563967136150235 0.07570422535211267 0.15434272300469484 
0 0.47491197183098594 0.4536384976525822 0.07570422535211267 0.1431924882629108 
0 0.8226232394366197 0.26261737089201875 0.06514084507042253 0.13204225352112675 
0 0.6599911971830986 0.4642018779342723 0.06029929577464789 0.15140845070422534 
0 0.7224911971830986 0.46273474178403756 0.061179577464788734 0.1449530516431925 
0 0.484375 0.6525821596244131 0.07526408450704225 0.15258215962441316 
0 0.4011883802816901 0.6499413145539906 0.06558098591549295 0.14964788732394366 
0 0.9480633802816901 0.6575704225352113 0.08538732394366197 0.15316901408450703 
0 0.10717429577464789 0.4539319248826291 0.05677816901408451 0.15434272300469484 
0 0.1153169014084507 0.2676056338028169 0.07834507042253522 0.13380281690140844 
0 0.042473591549295774 0.4556924882629108 0.06734154929577464 0.1742957746478873 
0 0.7330545774647887 0.0625 0.0664612676056338 0.12265258215962441 
0 0.238556338028169 0.4595070422535211 0.06514084507042253 0.14906103286384975 
0 0.6639524647887324 0.06279342723004695 0.0682218309859155 0.12323943661971831 
0 0.32944542253521125 0.6505281690140845 0.06998239436619719 0.13673708920187794 
0 0.10387323943661972 0.6431924882629108 0.05457746478873239 0.12793427230046947 
0 0.6826584507042254 0.26467136150234744 0.06338028169014084 0.13028169014084506 
0 0.3105193661971831 0.45539906103286387 0.07262323943661972 0.14553990610328638 
0 0.1932218309859155 0.26555164319248825 0.07834507042253522 0.12969483568075119 
0 0.17341549295774647 0.6452464788732394 0.07658450704225352 0.13791079812206572 
0 0.08626760563380281 0.8327464788732394 0.061619718309859156 0.11619718309859155 
0 0.3642165492957746 0.267018779342723 0.08670774647887323 0.13262910798122066 
0 0.9555457746478874 0.2632042253521127 0.05545774647887324 0.13086854460093897 
