0 0.25088028169014087 0.21185446009389672 0.19806338028169015 0.12323943661971831 
0 0.07306338028169014 0.3259976525821596 0.14172535211267606 0.10269953051643192 
0 0.056117957746478875 0.7265258215962441 0.05941901408450704 0.3086854460093897 
0 0.25374119718309857 0.3330399061032864 0.1949823943661972 0.10152582159624413 
0 0.25308098591549294 0.4395539906103286 0.2051056338028169 0.107981220657277 
0 0.3928257042253521 0.06924882629107981 0.0743838028169014 0.13732394366197184 
0 0.9480633802816901 0.7288732394366197 0.043133802816901406 0.25821596244131456 
0 0.894806338028169 0.7549882629107981 0.06602112676056338 0.2705399061032864 
0 0.8226232394366197 0.6845657276995305 0.06073943661971831 0.20715962441314553 
0 0.06932218309859155 0.4251760563380282 0.13776408450704225 0.09213615023474178 
0 0.8331866197183099 0.08274647887323944 0.08538732394366197 0.14906103286384975 
0 0.7649647887323944 0.6710680751173709 0.04225352112676056 0.17312206572769953 
0 0.5801056338028169 0.6754694835680751 0.04753521126760563 0.19483568075117372 
0 0.8430897887323944 0.38761737089201875 0.08142605633802817 0.24237089201877934 
0 0.5653609154929577 0.07394366197183098 0.08318661971830986 0.1431924882629108 
0 0.4766725352112676 0.06954225352112677 0.08274647887323944 0.13791079812206572 
0 0.7466989436619719 0.08421361502347417 0.08494718309859155 0.14730046948356806 
0 0.06976232394366197 0.21273474178403756 0.13424295774647887 0.11795774647887323 
0 0.12169894366197183 0.7596830985915493 0.07878521126760564 0.32922535211267606 
0 0.308318661971831 0.3644366197183099 0.07262323943661972 0.22652582159624413 
0 0.6591109154929577 0.38204225352112675 0.08142605633802817 0.23826291079812206 
0 0.5616197183098591 0.3711854460093897 0.07746478873239436 0.2529342723004695 
0 0.5231073943661971 0.755868544600939 0.0664612676056338 0.22535211267605634 
0 0.9269366197183099 0.392018779342723 0.07658450704225352 0.2335680751173709 
0 0.637544014084507 0.7796361502347418 0.0682218309859155 0.25410798122065725 
0 0.48063380281690143 0.37265258215962443 0.07306338028169014 0.25 
0 0.39106514084507044 0.7767018779342723 0.0682218309859155 0.24237089201877934 
0 0.2249119718309859 0.7365023474178404 0.08098591549295775 0.3286384976525822 
0 0.3061179577464789 0.7409037558685446 0.07350352112676056 0.31866197183098594 
0 0.45620598591549294 0.7276995305164319 0.058538732394366196 0.215962441314554 
0 0.38974471830985913 0.3506455399061033 0.05941901408450704 0.232981220657277 
0 0.659330985915493 0.07541079812206573 0.08538732394366197 0.14612676056338028 
0 0.7066461267605634 0.7769953051643192 0.06734154929577464 0.24530516431924881 
0 0.25088028169014087 0.21185446009389672 0.19806338028169015 0.12323943661971831 
0 0.07306338028169014 0.3259976525821596 0.14172535211267606 0.10269953051643192 
0 0.056117957746478875 0.7265258215962441 0.05941901408450704 0.3086854460093897 
0 0.25374119718309857 0.3330399061032864 0.1949823943661972 0.10152582159624413 
0 0.25308098591549294 0.4395539906103286 0.2051056338028169 0.107981220657277 
0 0.3928257042253521 0.06924882629107981 0.0743838028169014 0.13732394366197184 
0 0.9480633802816901 0.7288732394366197 0.043133802816901406 0.25821596244131456 
0 0.894806338028169 0.7549882629107981 0.06602112676056338 0.2705399061032864 
0 0.8226232394366197 0.6845657276995305 0.06073943661971831 0.20715962441314553 
0 0.06932218309859155 0.4251760563380282 0.13776408450704225 0.09213615023474178 
0 0.8331866197183099 0.08274647887323944 0.08538732394366197 0.14906103286384975 
0 0.7649647887323944 0.6710680751173709 0.04225352112676056 0.17312206572769953 
0 0.5801056338028169 0.6754694835680751 0.04753521126760563 0.19483568075117372 
0 0.8430897887323944 0.38761737089201875 0.08142605633802817 0.24237089201877934 
0 0.5653609154929577 0.07394366197183098 0.08318661971830986 0.1431924882629108 
0 0.4766725352112676 0.06954225352112677 0.08274647887323944 0.13791079812206572 
0 0.7466989436619719 0.08421361502347417 0.08494718309859155 0.14730046948356806 
0 0.06976232394366197 0.21273474178403756 0.13424295774647887 0.11795774647887323 
0 0.12169894366197183 0.7596830985915493 0.07878521126760564 0.32922535211267606 
0 0.308318661971831 0.3644366197183099 0.07262323943661972 0.22652582159624413 
0 0.6591109154929577 0.38204225352112675 0.08142605633802817 0.23826291079812206 
0 0.5616197183098591 0.3711854460093897 0.07746478873239436 0.2529342723004695 
0 0.5231073943661971 0.755868544600939 0.0664612676056338 0.22535211267605634 
0 0.9269366197183099 0.392018779342723 0.07658450704225352 0.2335680751173709 
0 0.637544014084507 0.7796361502347418 0.0682218309859155 0.25410798122065725 
0 0.48063380281690143 0.37265258215962443 0.07306338028169014 0.25 
0 0.39106514084507044 0.7767018779342723 0.0682218309859155 0.24237089201877934 
0 0.2249119718309859 0.7365023474178404 0.08098591549295775 0.3286384976525822 
0 0.3061179577464789 0.7409037558685446 0.07350352112676056 0.31866197183098594 
0 0.45620598591549294 0.7276995305164319 0.058538732394366196 0.215962441314554 
0 0.38974471830985913 0.3506455399061033 0.05941901408450704 0.232981220657277 
0 0.659330985915493 0.07541079812206573 0.08538732394366197 0.14612676056338028 
0 0.7066461267605634 0.7769953051643192 0.06734154929577464 0.24530516431924881 
0 0.25088028169014087 0.21185446009389672 0.19806338028169015 0.12323943661971831 
0 0.07306338028169014 0.3259976525821596 0.14172535211267606 0.10269953051643192 
0 0.056117957746478875 0.7265258215962441 0.05941901408450704 0.3086854460093897 
0 0.25374119718309857 0.3330399061032864 0.1949823943661972 0.10152582159624413 
0 0.25308098591549294 0.4395539906103286 0.2051056338028169 0.107981220657277 
0 0.3928257042253521 0.06924882629107981 0.0743838028169014 0.13732394366197184 
0 0.9480633802816901 0.7288732394366197 0.043133802816901406 0.25821596244131456 
0 0.894806338028169 0.7549882629107981 0.06602112676056338 0.2705399061032864 
0 0.8226232394366197 0.6845657276995305 0.06073943661971831 0.20715962441314553 
0 0.06932218309859155 0.4251760563380282 0.13776408450704225 0.09213615023474178 
0 0.8331866197183099 0.08274647887323944 0.08538732394366197 0.14906103286384975 
0 0.7649647887323944 0.6710680751173709 0.04225352112676056 0.17312206572769953 
0 0.5801056338028169 0.6754694835680751 0.04753521126760563 0.19483568075117372 
0 0.8430897887323944 0.38761737089201875 0.08142605633802817 0.24237089201877934 
0 0.5653609154929577 0.07394366197183098 0.08318661971830986 0.1431924882629108 
0 0.4766725352112676 0.06954225352112677 0.08274647887323944 0.13791079812206572 
0 0.7466989436619719 0.08421361502347417 0.08494718309859155 0.14730046948356806 
0 0.06976232394366197 0.21273474178403756 0.13424295774647887 0.11795774647887323 
0 0.12169894366197183 0.7596830985915493 0.07878521126760564 0.32922535211267606 
0 0.308318661971831 0.3644366197183099 0.07262323943661972 0.22652582159624413 
0 0.6591109154929577 0.38204225352112675 0.08142605633802817 0.23826291079812206 
0 0.5616197183098591 0.3711854460093897 0.07746478873239436 0.2529342723004695 
0 0.5231073943661971 0.755868544600939 0.0664612676056338 0.22535211267605634 
0 0.9269366197183099 0.392018779342723 0.07658450704225352 0.2335680751173709 
0 0.637544014084507 0.7796361502347418 0.0682218309859155 0.25410798122065725 
0 0.48063380281690143 0.37265258215962443 0.07306338028169014 0.25 
0 0.39106514084507044 0.7767018779342723 0.0682218309859155 0.24237089201877934 
0 0.2249119718309859 0.7365023474178404 0.08098591549295775 0.3286384976525822 
0 0.3061179577464789 0.7409037558685446 0.07350352112676056 0.31866197183098594 
0 0.45620598591549294 0.7276995305164319 0.058538732394366196 0.215962441314554 
0 0.38974471830985913 0.3506455399061033 0.05941901408450704 0.232981220657277 
0 0.659330985915493 0.07541079812206573 0.08538732394366197 0.14612676056338028 
0 0.7066461267605634 0.7769953051643192 0.06734154929577464 0.24530516431924881 
