0 0.4341989436619718 0.15874413145539906 0.06294014084507042 0.2916666666666667 
0 0.9592869718309859 0.18221830985915494 0.08142605633802817 0.3503521126760563 
0 0.5884683098591549 0.16842723004694835 0.0625 0.25586854460093894 
0 0.1505281690140845 0.1511150234741784 0.0977112676056338 0.301056338028169 
0 0.24779929577464788 0.1443661971830986 0.0977112676056338 0.2875586854460094 
0 0.06294014084507042 0.7112676056338029 0.125 0.4636150234741784 
0 0.7981954225352113 0.7599765258215962 0.12015845070422536 0.431924882629108 
0 0.8653169014084507 0.1728286384976526 0.08274647887323944 0.3386150234741784 
0 0.3675176056338028 0.7564553990610329 0.1505281690140845 0.4084507042253521 
0 0.6588908450704225 0.17517605633802816 0.09595070422535211 0.3057511737089202 
0 0.6767165492957746 0.7734741784037559 0.17825704225352113 0.38380281690140844 
0 0.5123239436619719 0.7335680751173709 0.12940140845070422 0.4495305164319249 
0 0.3560739436619718 0.15551643192488263 0.0897887323943662 0.30633802816901406 
0 0.5162852112676056 0.16285211267605634 0.08450704225352113 0.3057511737089202 
0 0.19806338028169015 0.7186032863849765 0.14612676056338028 0.4724178403755869 
0 0.03807218309859155 0.15199530516431925 0.07526408450704225 0.3028169014084507 
0 0.9209947183098591 0.7523474178403756 0.12544014084507044 0.4084507042253521 
0 0.7460387323943662 0.18838028169014084 0.09507042253521127 0.3075117370892019 
0 0.4341989436619718 0.15874413145539906 0.06294014084507042 0.2916666666666667 
0 0.9592869718309859 0.18221830985915494 0.08142605633802817 0.3503521126760563 
0 0.5884683098591549 0.16842723004694835 0.0625 0.25586854460093894 
0 0.1505281690140845 0.1511150234741784 0.0977112676056338 0.301056338028169 
0 0.24779929577464788 0.1443661971830986 0.0977112676056338 0.2875586854460094 
0 0.06294014084507042 0.7112676056338029 0.125 0.4636150234741784 
0 0.7981954225352113 0.7599765258215962 0.12015845070422536 0.431924882629108 
0 0.8653169014084507 0.1728286384976526 0.08274647887323944 0.3386150234741784 
0 0.3675176056338028 0.7564553990610329 0.1505281690140845 0.4084507042253521 
0 0.6588908450704225 0.17517605633802816 0.09595070422535211 0.3057511737089202 
0 0.6767165492957746 0.7734741784037559 0.17825704225352113 0.38380281690140844 
0 0.5123239436619719 0.7335680751173709 0.12940140845070422 0.4495305164319249 
0 0.3560739436619718 0.15551643192488263 0.0897887323943662 0.30633802816901406 
0 0.5162852112676056 0.16285211267605634 0.08450704225352113 0.3057511737089202 
0 0.19806338028169015 0.7186032863849765 0.14612676056338028 0.4724178403755869 
0 0.03807218309859155 0.15199530516431925 0.07526408450704225 0.3028169014084507 
0 0.9209947183098591 0.7523474178403756 0.12544014084507044 0.4084507042253521 
0 0.7460387323943662 0.18838028169014084 0.09507042253521127 0.3075117370892019 
0 0.4341989436619718 0.15874413145539906 0.06294014084507042 0.2916666666666667 
0 0.9592869718309859 0.18221830985915494 0.08142605633802817 0.3503521126760563 
0 0.5884683098591549 0.16842723004694835 0.0625 0.25586854460093894 
0 0.1505281690140845 0.1511150234741784 0.0977112676056338 0.301056338028169 
0 0.24779929577464788 0.1443661971830986 0.0977112676056338 0.2875586854460094 
0 0.06294014084507042 0.7112676056338029 0.125 0.4636150234741784 
0 0.7981954225352113 0.7599765258215962 0.12015845070422536 0.431924882629108 
0 0.8653169014084507 0.1728286384976526 0.08274647887323944 0.3386150234741784 
0 0.3675176056338028 0.7564553990610329 0.1505281690140845 0.4084507042253521 
0 0.6588908450704225 0.17517605633802816 0.09595070422535211 0.3057511737089202 
0 0.6767165492957746 0.7734741784037559 0.17825704225352113 0.38380281690140844 
0 0.5123239436619719 0.7335680751173709 0.12940140845070422 0.4495305164319249 
0 0.3560739436619718 0.15551643192488263 0.0897887323943662 0.30633802816901406 
0 0.5162852112676056 0.16285211267605634 0.08450704225352113 0.3057511737089202 
0 0.19806338028169015 0.7186032863849765 0.14612676056338028 0.4724178403755869 
0 0.03807218309859155 0.15199530516431925 0.07526408450704225 0.3028169014084507 
0 0.9209947183098591 0.7523474178403756 0.12544014084507044 0.4084507042253521 
0 0.7460387323943662 0.18838028169014084 0.09507042253521127 0.3075117370892019 
