0 0.929137323943662 0.8283450704225352 0.08538732394366197 0.2775821596244131 
0 0.8871038732394366 0.8559272300469484 0.08846830985915492 0.21654929577464788 
0 0.6621919014084507 0.8371478873239436 0.09639084507042253 0.2881455399061033 
0 0.5609595070422535 0.8477112676056338 0.10607394366197183 0.2916666666666667 
0 0.8400088028169014 0.29225352112676056 0.06470070422535211 0.3368544600938967 
0 0.7585827464788732 0.30369718309859156 0.08846830985915492 0.3515258215962441 
0 0.26188380281690143 0.278462441314554 0.12323943661971831 0.4043427230046948 
0 0.5070422535211268 0.27816901408450706 0.1073943661971831 0.357981220657277 
0 0.38776408450704225 0.2863849765258216 0.11707746478873239 0.4014084507042254 
0 0.6525088028169014 0.2913732394366197 0.12984154929577466 0.36678403755868544 
0 0.7748679577464789 0.85768779342723 0.12191901408450705 0.24706572769953053 
0 0.929137323943662 0.8283450704225352 0.08538732394366197 0.2775821596244131 
0 0.8871038732394366 0.8559272300469484 0.08846830985915492 0.21654929577464788 
0 0.6621919014084507 0.8371478873239436 0.09639084507042253 0.2881455399061033 
0 0.5609595070422535 0.8477112676056338 0.10607394366197183 0.2916666666666667 
0 0.8400088028169014 0.29225352112676056 0.06470070422535211 0.3368544600938967 
0 0.7585827464788732 0.30369718309859156 0.08846830985915492 0.3515258215962441 
0 0.26188380281690143 0.278462441314554 0.12323943661971831 0.4043427230046948 
0 0.5070422535211268 0.27816901408450706 0.1073943661971831 0.357981220657277 
0 0.38776408450704225 0.2863849765258216 0.11707746478873239 0.4014084507042254 
0 0.6525088028169014 0.2913732394366197 0.12984154929577466 0.36678403755868544 
0 0.7748679577464789 0.85768779342723 0.12191901408450705 0.24706572769953053 
0 0.929137323943662 0.8283450704225352 0.08538732394366197 0.2775821596244131 
0 0.8871038732394366 0.8559272300469484 0.08846830985915492 0.21654929577464788 
0 0.6621919014084507 0.8371478873239436 0.09639084507042253 0.2881455399061033 
0 0.5609595070422535 0.8477112676056338 0.10607394366197183 0.2916666666666667 
0 0.8400088028169014 0.29225352112676056 0.06470070422535211 0.3368544600938967 
0 0.7585827464788732 0.30369718309859156 0.08846830985915492 0.3515258215962441 
0 0.26188380281690143 0.278462441314554 0.12323943661971831 0.4043427230046948 
0 0.5070422535211268 0.27816901408450706 0.1073943661971831 0.357981220657277 
0 0.38776408450704225 0.2863849765258216 0.11707746478873239 0.4014084507042254 
0 0.6525088028169014 0.2913732394366197 0.12984154929577466 0.36678403755868544 
0 0.7748679577464789 0.85768779342723 0.12191901408450705 0.24706572769953053 
