0 0.7869718309859155 0.9421948356807511 0.06602112676056338 0.11561032863849766 
0 0.7880721830985915 0.35710093896713613 0.053257042253521125 0.14847417840375587 
0 0.8452904929577465 0.1596244131455399 0.06558098591549295 0.11150234741784038 
0 0.909330985915493 0.15639671361502347 0.05985915492957746 0.1073943661971831 
0 0.8474911971830986 0.3559272300469484 0.05677816901408451 0.1602112676056338 
0 0.922975352112676 0.7535211267605634 0.056338028169014086 0.15610328638497653 
0 0.976012323943662 0.7564553990610329 0.04709507042253521 0.15375586854460094 
0 0.8576144366197183 0.7529342723004695 0.0682218309859155 0.15140845070422534 
0 0.9705105633802817 0.15669014084507044 0.05897887323943662 0.11150234741784038 
0 0.6492077464788732 0.1602112676056338 0.056338028169014086 0.1267605633802817 
0 0.8688380281690141 0.9421948356807511 0.06514084507042253 0.11561032863849766 
0 0.9408010563380281 0.5698356807511737 0.04181338028169014 0.10093896713615023 
0 0.3996478873239437 0.943075117370892 0.07922535211267606 0.11384976525821597 
0 0.02948943661971831 0.9474765258215962 0.058098591549295774 0.10504694835680752 
0 0.7128080985915493 0.9407276995305164 0.07790492957746478 0.11854460093896714 
0 0.319762323943662 0.9416079812206573 0.0761443661971831 0.11678403755868545 
0 0.09419014084507042 0.9416079812206573 0.07394366197183098 0.11678403755868545 
0 0.6335827464788732 0.9407276995305164 0.08230633802816902 0.11854460093896714 
0 0.9608274647887324 0.9416079812206573 0.07834507042253522 0.11678403755868545 
0 0.1679137323943662 0.9407276995305164 0.08054577464788733 0.11854460093896714 
0 0.24405809859154928 0.9386737089201878 0.07350352112676056 0.12265258215962441 
0 0.09881161971830986 0.1936619718309859 0.09110915492957747 0.13497652582159625 
0 0.02948943661971831 0.1942488262910798 0.05193661971830986 0.142018779342723 
0 0.9658890845070423 0.35563380281690143 0.06734154929577464 0.15375586854460094 
0 0.5759242957746479 0.16637323943661972 0.07702464788732394 0.11326291079812206 
0 0.05765845070422535 0.3779342723004695 0.07042253521126761 0.16549295774647887 
0 0.6575704225352113 0.35475352112676056 0.0625 0.15786384976525822 
0 0.48701584507042256 0.9416079812206573 0.08934859154929578 0.11678403755868545 
0 0.7125880281690141 0.1607981220657277 0.05545774647887324 0.12206572769953052 
0 0.1850792253521127 0.17165492957746478 0.08582746478873239 0.14964788732394366 
0 0.2984154929577465 0.1596244131455399 0.14524647887323944 0.15258215962441316 
0 0.7920334507042254 0.7538145539906104 0.058538732394366196 0.16490610328638497 
0 0.48063380281690143 0.7699530516431925 0.09330985915492958 0.13732394366197184 
0 0.8217429577464789 0.5648474178403756 0.04929577464788732 0.10504694835680752 
0 0.6663732394366197 0.7538145539906104 0.06073943661971831 0.159037558685446 
0 0.6018926056338029 0.7593896713615024 0.06470070422535211 0.15375586854460094 
0 0.3939260563380282 0.7658450704225352 0.08098591549295775 0.15023474178403756 
0 0.31712147887323944 0.7678990610328639 0.07262323943661972 0.14847417840375587 
0 0.610475352112676 0.573650234741784 0.05457746478873239 0.10269953051643192 
0 0.778169014084507 0.1602112676056338 0.06866197183098592 0.10446009389671361 
0 0.375 0.5748239436619719 0.08450704225352113 0.12617370892018778 
0 0.8818221830985915 0.5601525821596244 0.04709507042253521 0.0886150234741784 
0 0.09154929577464789 0.7634976525821596 0.06602112676056338 0.14553990610328638 
0 0.2108274647887324 0.573943661971831 0.07834507042253522 0.12441314553990611 
0 0.4652288732394366 0.5751173708920188 0.09154929577464789 0.12089201877934272 
0 0.13182218309859156 0.5757042253521126 0.07790492957746478 0.12441314553990611 
0 0.7308538732394366 0.7576291079812206 0.05941901408450704 0.16314553990610328 
0 0.20840669014084506 0.3814553990610329 0.07262323943661972 0.15845070422535212 
0 0.2909330985915493 0.5745305164319249 0.08098591549295775 0.12793427230046947 
0 0.1637323943661972 0.7640845070422535 0.06954225352112677 0.1443661971830986 
0 0.13512323943661972 0.3785211267605634 0.07130281690140845 0.1643192488262911 
0 0.24097711267605634 0.772887323943662 0.06294014084507042 0.13497652582159625 
0 0.905149647887324 0.352112676056338 0.05413732394366197 0.15375586854460094 
0 0.5897887323943662 0.3568075117370892 0.07394366197183098 0.16549295774647887 
0 0.6817781690140845 0.5715962441314554 0.04137323943661972 0.10328638497652583 
0 0.7205105633802817 0.35475352112676056 0.058098591549295774 0.15551643192488263 
0 0.30787852112676056 0.3732394366197183 0.12015845070422536 0.15375586854460094 
0 0.7508802816901409 0.5721830985915493 0.040492957746478875 0.10915492957746478 
0 0.02948943661971831 0.7658450704225352 0.056338028169014086 0.11854460093896714 
0 0.7869718309859155 0.9421948356807511 0.06602112676056338 0.11561032863849766 
0 0.7880721830985915 0.35710093896713613 0.053257042253521125 0.14847417840375587 
0 0.8452904929577465 0.1596244131455399 0.06558098591549295 0.11150234741784038 
0 0.909330985915493 0.15639671361502347 0.05985915492957746 0.1073943661971831 
0 0.8474911971830986 0.3559272300469484 0.05677816901408451 0.1602112676056338 
0 0.922975352112676 0.7535211267605634 0.056338028169014086 0.15610328638497653 
0 0.976012323943662 0.7564553990610329 0.04709507042253521 0.15375586854460094 
0 0.8576144366197183 0.7529342723004695 0.0682218309859155 0.15140845070422534 
0 0.9705105633802817 0.15669014084507044 0.05897887323943662 0.11150234741784038 
0 0.6492077464788732 0.1602112676056338 0.056338028169014086 0.1267605633802817 
0 0.8688380281690141 0.9421948356807511 0.06514084507042253 0.11561032863849766 
0 0.9408010563380281 0.5698356807511737 0.04181338028169014 0.10093896713615023 
0 0.3996478873239437 0.943075117370892 0.07922535211267606 0.11384976525821597 
0 0.02948943661971831 0.9474765258215962 0.058098591549295774 0.10504694835680752 
0 0.7128080985915493 0.9407276995305164 0.07790492957746478 0.11854460093896714 
0 0.319762323943662 0.9416079812206573 0.0761443661971831 0.11678403755868545 
0 0.09419014084507042 0.9416079812206573 0.07394366197183098 0.11678403755868545 
0 0.6335827464788732 0.9407276995305164 0.08230633802816902 0.11854460093896714 
0 0.9608274647887324 0.9416079812206573 0.07834507042253522 0.11678403755868545 
0 0.1679137323943662 0.9407276995305164 0.08054577464788733 0.11854460093896714 
0 0.24405809859154928 0.9386737089201878 0.07350352112676056 0.12265258215962441 
0 0.09881161971830986 0.1936619718309859 0.09110915492957747 0.13497652582159625 
0 0.02948943661971831 0.1942488262910798 0.05193661971830986 0.142018779342723 
0 0.9658890845070423 0.35563380281690143 0.06734154929577464 0.15375586854460094 
0 0.5759242957746479 0.16637323943661972 0.07702464788732394 0.11326291079812206 
0 0.05765845070422535 0.3779342723004695 0.07042253521126761 0.16549295774647887 
0 0.6575704225352113 0.35475352112676056 0.0625 0.15786384976525822 
0 0.48701584507042256 0.9416079812206573 0.08934859154929578 0.11678403755868545 
0 0.7125880281690141 0.1607981220657277 0.05545774647887324 0.12206572769953052 
0 0.1850792253521127 0.17165492957746478 0.08582746478873239 0.14964788732394366 
0 0.2984154929577465 0.1596244131455399 0.14524647887323944 0.15258215962441316 
0 0.7920334507042254 0.7538145539906104 0.058538732394366196 0.16490610328638497 
0 0.48063380281690143 0.7699530516431925 0.09330985915492958 0.13732394366197184 
0 0.8217429577464789 0.5648474178403756 0.04929577464788732 0.10504694835680752 
0 0.6663732394366197 0.7538145539906104 0.06073943661971831 0.159037558685446 
0 0.6018926056338029 0.7593896713615024 0.06470070422535211 0.15375586854460094 
0 0.3939260563380282 0.7658450704225352 0.08098591549295775 0.15023474178403756 
0 0.31712147887323944 0.7678990610328639 0.07262323943661972 0.14847417840375587 
0 0.610475352112676 0.573650234741784 0.05457746478873239 0.10269953051643192 
0 0.778169014084507 0.1602112676056338 0.06866197183098592 0.10446009389671361 
0 0.375 0.5748239436619719 0.08450704225352113 0.12617370892018778 
0 0.8818221830985915 0.5601525821596244 0.04709507042253521 0.0886150234741784 
0 0.09154929577464789 0.7634976525821596 0.06602112676056338 0.14553990610328638 
0 0.2108274647887324 0.573943661971831 0.07834507042253522 0.12441314553990611 
0 0.4652288732394366 0.5751173708920188 0.09154929577464789 0.12089201877934272 
0 0.13182218309859156 0.5757042253521126 0.07790492957746478 0.12441314553990611 
0 0.7308538732394366 0.7576291079812206 0.05941901408450704 0.16314553990610328 
0 0.20840669014084506 0.3814553990610329 0.07262323943661972 0.15845070422535212 
0 0.2909330985915493 0.5745305164319249 0.08098591549295775 0.12793427230046947 
0 0.1637323943661972 0.7640845070422535 0.06954225352112677 0.1443661971830986 
0 0.13512323943661972 0.3785211267605634 0.07130281690140845 0.1643192488262911 
0 0.24097711267605634 0.772887323943662 0.06294014084507042 0.13497652582159625 
0 0.905149647887324 0.352112676056338 0.05413732394366197 0.15375586854460094 
0 0.5897887323943662 0.3568075117370892 0.07394366197183098 0.16549295774647887 
0 0.6817781690140845 0.5715962441314554 0.04137323943661972 0.10328638497652583 
0 0.7205105633802817 0.35475352112676056 0.058098591549295774 0.15551643192488263 
0 0.30787852112676056 0.3732394366197183 0.12015845070422536 0.15375586854460094 
0 0.7508802816901409 0.5721830985915493 0.040492957746478875 0.10915492957746478 
0 0.02948943661971831 0.7658450704225352 0.056338028169014086 0.11854460093896714 
0 0.7869718309859155 0.9421948356807511 0.06602112676056338 0.11561032863849766 
0 0.7880721830985915 0.35710093896713613 0.053257042253521125 0.14847417840375587 
0 0.8452904929577465 0.1596244131455399 0.06558098591549295 0.11150234741784038 
0 0.909330985915493 0.15639671361502347 0.05985915492957746 0.1073943661971831 
0 0.8474911971830986 0.3559272300469484 0.05677816901408451 0.1602112676056338 
0 0.922975352112676 0.7535211267605634 0.056338028169014086 0.15610328638497653 
0 0.976012323943662 0.7564553990610329 0.04709507042253521 0.15375586854460094 
0 0.8576144366197183 0.7529342723004695 0.0682218309859155 0.15140845070422534 
0 0.9705105633802817 0.15669014084507044 0.05897887323943662 0.11150234741784038 
0 0.6492077464788732 0.1602112676056338 0.056338028169014086 0.1267605633802817 
0 0.8688380281690141 0.9421948356807511 0.06514084507042253 0.11561032863849766 
0 0.9408010563380281 0.5698356807511737 0.04181338028169014 0.10093896713615023 
0 0.3996478873239437 0.943075117370892 0.07922535211267606 0.11384976525821597 
0 0.02948943661971831 0.9474765258215962 0.058098591549295774 0.10504694835680752 
0 0.7128080985915493 0.9407276995305164 0.07790492957746478 0.11854460093896714 
0 0.319762323943662 0.9416079812206573 0.0761443661971831 0.11678403755868545 
0 0.09419014084507042 0.9416079812206573 0.07394366197183098 0.11678403755868545 
0 0.6335827464788732 0.9407276995305164 0.08230633802816902 0.11854460093896714 
0 0.9608274647887324 0.9416079812206573 0.07834507042253522 0.11678403755868545 
0 0.1679137323943662 0.9407276995305164 0.08054577464788733 0.11854460093896714 
0 0.24405809859154928 0.9386737089201878 0.07350352112676056 0.12265258215962441 
0 0.09881161971830986 0.1936619718309859 0.09110915492957747 0.13497652582159625 
0 0.02948943661971831 0.1942488262910798 0.05193661971830986 0.142018779342723 
0 0.9658890845070423 0.35563380281690143 0.06734154929577464 0.15375586854460094 
0 0.5759242957746479 0.16637323943661972 0.07702464788732394 0.11326291079812206 
0 0.05765845070422535 0.3779342723004695 0.07042253521126761 0.16549295774647887 
0 0.6575704225352113 0.35475352112676056 0.0625 0.15786384976525822 
0 0.48701584507042256 0.9416079812206573 0.08934859154929578 0.11678403755868545 
0 0.7125880281690141 0.1607981220657277 0.05545774647887324 0.12206572769953052 
0 0.1850792253521127 0.17165492957746478 0.08582746478873239 0.14964788732394366 
0 0.2984154929577465 0.1596244131455399 0.14524647887323944 0.15258215962441316 
0 0.7920334507042254 0.7538145539906104 0.058538732394366196 0.16490610328638497 
0 0.48063380281690143 0.7699530516431925 0.09330985915492958 0.13732394366197184 
0 0.8217429577464789 0.5648474178403756 0.04929577464788732 0.10504694835680752 
0 0.6663732394366197 0.7538145539906104 0.06073943661971831 0.159037558685446 
0 0.6018926056338029 0.7593896713615024 0.06470070422535211 0.15375586854460094 
0 0.3939260563380282 0.7658450704225352 0.08098591549295775 0.15023474178403756 
0 0.31712147887323944 0.7678990610328639 0.07262323943661972 0.14847417840375587 
0 0.610475352112676 0.573650234741784 0.05457746478873239 0.10269953051643192 
0 0.778169014084507 0.1602112676056338 0.06866197183098592 0.10446009389671361 
0 0.375 0.5748239436619719 0.08450704225352113 0.12617370892018778 
0 0.8818221830985915 0.5601525821596244 0.04709507042253521 0.0886150234741784 
0 0.09154929577464789 0.7634976525821596 0.06602112676056338 0.14553990610328638 
0 0.2108274647887324 0.573943661971831 0.07834507042253522 0.12441314553990611 
0 0.4652288732394366 0.5751173708920188 0.09154929577464789 0.12089201877934272 
0 0.13182218309859156 0.5757042253521126 0.07790492957746478 0.12441314553990611 
0 0.7308538732394366 0.7576291079812206 0.05941901408450704 0.16314553990610328 
0 0.20840669014084506 0.3814553990610329 0.07262323943661972 0.15845070422535212 
0 0.2909330985915493 0.5745305164319249 0.08098591549295775 0.12793427230046947 
0 0.1637323943661972 0.7640845070422535 0.06954225352112677 0.1443661971830986 
0 0.13512323943661972 0.3785211267605634 0.07130281690140845 0.1643192488262911 
0 0.24097711267605634 0.772887323943662 0.06294014084507042 0.13497652582159625 
0 0.905149647887324 0.352112676056338 0.05413732394366197 0.15375586854460094 
0 0.5897887323943662 0.3568075117370892 0.07394366197183098 0.16549295774647887 
0 0.6817781690140845 0.5715962441314554 0.04137323943661972 0.10328638497652583 
0 0.7205105633802817 0.35475352112676056 0.058098591549295774 0.15551643192488263 
0 0.30787852112676056 0.3732394366197183 0.12015845070422536 0.15375586854460094 
0 0.7508802816901409 0.5721830985915493 0.040492957746478875 0.10915492957746478 
0 0.02948943661971831 0.7658450704225352 0.056338028169014086 0.11854460093896714 
