0 0.7139084507042254 0.28433098591549294 0.11795774647887323 0.3996478873239437 
0 0.02992957746478873 0.24237089201877934 0.05897887323943662 0.3720657276995305 
0 0.046875 0.7866784037558685 0.09286971830985916 0.36326291079812206 
0 0.5911091549295775 0.2828638497652582 0.11795774647887323 0.3908450704225352 
0 0.11597711267605634 0.2535211267605634 0.11399647887323944 0.38967136150234744 
0 0.20224471830985916 0.7778755868544601 0.20290492957746478 0.40082159624413144 
0 0.8241637323943662 0.8089788732394366 0.20994718309859156 0.36913145539906106 
0 0.46786971830985913 0.27406103286384975 0.11443661971830986 0.3884976525821596 
0 0.6139964788732394 0.8022300469483568 0.20158450704225353 0.38028169014084506 
0 0.4077904929577465 0.7928403755868545 0.2108274647887324 0.38967136150234744 
0 0.23107394366197184 0.25616197183098594 0.1153169014084507 0.39730046948356806 
0 0.3477112676056338 0.2658450704225352 0.11619718309859155 0.38967136150234744 
0 0.7139084507042254 0.28433098591549294 0.11795774647887323 0.3996478873239437 
0 0.02992957746478873 0.24237089201877934 0.05897887323943662 0.3720657276995305 
0 0.046875 0.7866784037558685 0.09286971830985916 0.36326291079812206 
0 0.5911091549295775 0.2828638497652582 0.11795774647887323 0.3908450704225352 
0 0.11597711267605634 0.2535211267605634 0.11399647887323944 0.38967136150234744 
0 0.20224471830985916 0.7778755868544601 0.20290492957746478 0.40082159624413144 
0 0.8241637323943662 0.8089788732394366 0.20994718309859156 0.36913145539906106 
0 0.46786971830985913 0.27406103286384975 0.11443661971830986 0.3884976525821596 
0 0.6139964788732394 0.8022300469483568 0.20158450704225353 0.38028169014084506 
0 0.4077904929577465 0.7928403755868545 0.2108274647887324 0.38967136150234744 
0 0.23107394366197184 0.25616197183098594 0.1153169014084507 0.39730046948356806 
0 0.3477112676056338 0.2658450704225352 0.11619718309859155 0.38967136150234744 
0 0.7139084507042254 0.28433098591549294 0.11795774647887323 0.3996478873239437 
0 0.02992957746478873 0.24237089201877934 0.05897887323943662 0.3720657276995305 
0 0.046875 0.7866784037558685 0.09286971830985916 0.36326291079812206 
0 0.5911091549295775 0.2828638497652582 0.11795774647887323 0.3908450704225352 
0 0.11597711267605634 0.2535211267605634 0.11399647887323944 0.38967136150234744 
0 0.20224471830985916 0.7778755868544601 0.20290492957746478 0.40082159624413144 
0 0.8241637323943662 0.8089788732394366 0.20994718309859156 0.36913145539906106 
0 0.46786971830985913 0.27406103286384975 0.11443661971830986 0.3884976525821596 
0 0.6139964788732394 0.8022300469483568 0.20158450704225353 0.38028169014084506 
0 0.4077904929577465 0.7928403755868545 0.2108274647887324 0.38967136150234744 
0 0.23107394366197184 0.25616197183098594 0.1153169014084507 0.39730046948356806 
0 0.3477112676056338 0.2658450704225352 0.11619718309859155 0.38967136150234744 
