0 0.4454225352112676 0.7681924882629108 0.08450704225352113 0.352112676056338 
0 0.6800176056338029 0.38086854460093894 0.09507042253521127 0.25234741784037557 
0 0.9779929577464789 0.34976525821596244 0.04401408450704225 0.3427230046948357 
0 0.14920774647887325 0.7761150234741784 0.09154929577464789 0.3644366197183099 
0 0.0565580985915493 0.7711267605633803 0.09551056338028169 0.36502347417840375 
0 0.8741197183098591 0.750293427230047 0.0448943661971831 0.335093896713615 
0 0.6384242957746479 0.7872652582159625 0.09727112676056338 0.3597417840375587 
0 0.33494718309859156 0.7775821596244131 0.09507042253521127 0.3544600938967136 
0 0.24163732394366197 0.7808098591549296 0.09154929577464789 0.37265258215962443 
0 0.8118397887323944 0.7849178403755869 0.07966549295774648 0.34917840375586856 
0 0.5420334507042254 0.7913732394366197 0.09639084507042253 0.3703051643192488 
0 0.7255721830985915 0.8016431924882629 0.08670774647887323 0.3744131455399061 
0 0.13930457746478872 0.3277582159624413 0.09022887323943662 0.29401408450704225 
0 0.03631161971830986 0.32188967136150237 0.07174295774647887 0.2963615023474178 
0 0.33516725352112675 0.2934272300469484 0.08494718309859155 0.4025821596244131 
0 0.4225352112676056 0.2937206572769953 0.08450704225352113 0.4113849765258216 
0 0.24559859154929578 0.289906103286385 0.09330985915492958 0.40023474178403756 
0 0.9445422535211268 0.7646713615023474 0.08890845070422536 0.3192488262910798 
0 0.518705985915493 0.29988262910798125 0.09375 0.40492957746478875 
0 0.4454225352112676 0.7681924882629108 0.08450704225352113 0.352112676056338 
0 0.6800176056338029 0.38086854460093894 0.09507042253521127 0.25234741784037557 
0 0.9779929577464789 0.34976525821596244 0.04401408450704225 0.3427230046948357 
0 0.14920774647887325 0.7761150234741784 0.09154929577464789 0.3644366197183099 
0 0.0565580985915493 0.7711267605633803 0.09551056338028169 0.36502347417840375 
0 0.8741197183098591 0.750293427230047 0.0448943661971831 0.335093896713615 
0 0.6384242957746479 0.7872652582159625 0.09727112676056338 0.3597417840375587 
0 0.33494718309859156 0.7775821596244131 0.09507042253521127 0.3544600938967136 
0 0.24163732394366197 0.7808098591549296 0.09154929577464789 0.37265258215962443 
0 0.8118397887323944 0.7849178403755869 0.07966549295774648 0.34917840375586856 
0 0.5420334507042254 0.7913732394366197 0.09639084507042253 0.3703051643192488 
0 0.7255721830985915 0.8016431924882629 0.08670774647887323 0.3744131455399061 
0 0.13930457746478872 0.3277582159624413 0.09022887323943662 0.29401408450704225 
0 0.03631161971830986 0.32188967136150237 0.07174295774647887 0.2963615023474178 
0 0.33516725352112675 0.2934272300469484 0.08494718309859155 0.4025821596244131 
0 0.4225352112676056 0.2937206572769953 0.08450704225352113 0.4113849765258216 
0 0.24559859154929578 0.289906103286385 0.09330985915492958 0.40023474178403756 
0 0.9445422535211268 0.7646713615023474 0.08890845070422536 0.3192488262910798 
0 0.518705985915493 0.29988262910798125 0.09375 0.40492957746478875 
0 0.4454225352112676 0.7681924882629108 0.08450704225352113 0.352112676056338 
0 0.6800176056338029 0.38086854460093894 0.09507042253521127 0.25234741784037557 
0 0.9779929577464789 0.34976525821596244 0.04401408450704225 0.3427230046948357 
0 0.14920774647887325 0.7761150234741784 0.09154929577464789 0.3644366197183099 
0 0.0565580985915493 0.7711267605633803 0.09551056338028169 0.36502347417840375 
0 0.8741197183098591 0.750293427230047 0.0448943661971831 0.335093896713615 
0 0.6384242957746479 0.7872652582159625 0.09727112676056338 0.3597417840375587 
0 0.33494718309859156 0.7775821596244131 0.09507042253521127 0.3544600938967136 
0 0.24163732394366197 0.7808098591549296 0.09154929577464789 0.37265258215962443 
0 0.8118397887323944 0.7849178403755869 0.07966549295774648 0.34917840375586856 
0 0.5420334507042254 0.7913732394366197 0.09639084507042253 0.3703051643192488 
0 0.7255721830985915 0.8016431924882629 0.08670774647887323 0.3744131455399061 
0 0.13930457746478872 0.3277582159624413 0.09022887323943662 0.29401408450704225 
0 0.03631161971830986 0.32188967136150237 0.07174295774647887 0.2963615023474178 
0 0.33516725352112675 0.2934272300469484 0.08494718309859155 0.4025821596244131 
0 0.4225352112676056 0.2937206572769953 0.08450704225352113 0.4113849765258216 
0 0.24559859154929578 0.289906103286385 0.09330985915492958 0.40023474178403756 
0 0.9445422535211268 0.7646713615023474 0.08890845070422536 0.3192488262910798 
0 0.518705985915493 0.29988262910798125 0.09375 0.40492957746478875 
