0 0.18683978873239437 0.6851525821596244 0.07174295774647887 0.31161971830985913 
0 0.11113556338028169 0.267018779342723 0.07702464788732394 0.35093896713615025 
0 0.8543133802816901 0.3312793427230047 0.10475352112676056 0.3421361502347418 
0 0.12191901408450705 0.6678403755868545 0.0625 0.3051643192488263 
0 0.9421214788732394 0.45481220657276994 0.10959507042253522 0.09859154929577464 
0 0.03653169014084507 0.26731220657276994 0.07130281690140845 0.32805164319248825 
0 0.948943661971831 0.2438380281690141 0.08538732394366197 0.0886150234741784 
0 0.9445422535211268 0.3474178403755869 0.10299295774647887 0.09389671361502347 
0 0.680237676056338 0.2943075117370892 0.0761443661971831 0.3268779342723005 
0 0.043133802816901406 0.6693075117370892 0.08362676056338028 0.2811032863849765 
0 0.2634242957746479 0.2904929577464789 0.08318661971830986 0.32511737089201875 
0 0.3558538732394366 0.2681924882629108 0.05765845070422535 0.3051643192488263 
0 0.5112235915492958 0.7095070422535211 0.07174295774647887 0.318075117370892 
0 0.5917693661971831 0.7350352112676056 0.08054577464788733 0.3198356807511737 
0 0.9621478873239436 0.767018779342723 0.07570422535211267 0.289906103286385 
0 0.5081426056338029 0.3060446009389671 0.0840669014084507 0.3315727699530516 
0 0.4251760563380282 0.2925469483568075 0.07394366197183098 0.33392018779342725 
0 0.6767165492957746 0.7438380281690141 0.08142605633802817 0.3268779342723005 
0 0.7627640845070423 0.7546948356807511 0.09595070422535211 0.323943661971831 
0 0.8734595070422535 0.7567488262910798 0.10431338028169014 0.3034037558685446 
0 0.4394806338028169 0.698650234741784 0.08142605633802817 0.3268779342723005 
0 0.7638644366197183 0.32130281690140844 0.09375 0.35269953051643194 
0 0.18595950704225353 0.2764084507042254 0.07790492957746478 0.33215962441314556 
0 0.2711267605633803 0.6965962441314554 0.08362676056338028 0.30633802816901406 
0 0.5994718309859155 0.28374413145539906 0.07130281690140845 0.32335680751173707 
0 0.18683978873239437 0.6851525821596244 0.07174295774647887 0.31161971830985913 
0 0.11113556338028169 0.267018779342723 0.07702464788732394 0.35093896713615025 
0 0.8543133802816901 0.3312793427230047 0.10475352112676056 0.3421361502347418 
0 0.12191901408450705 0.6678403755868545 0.0625 0.3051643192488263 
0 0.9421214788732394 0.45481220657276994 0.10959507042253522 0.09859154929577464 
0 0.03653169014084507 0.26731220657276994 0.07130281690140845 0.32805164319248825 
0 0.948943661971831 0.2438380281690141 0.08538732394366197 0.0886150234741784 
0 0.9445422535211268 0.3474178403755869 0.10299295774647887 0.09389671361502347 
0 0.680237676056338 0.2943075117370892 0.0761443661971831 0.3268779342723005 
0 0.043133802816901406 0.6693075117370892 0.08362676056338028 0.2811032863849765 
0 0.2634242957746479 0.2904929577464789 0.08318661971830986 0.32511737089201875 
0 0.3558538732394366 0.2681924882629108 0.05765845070422535 0.3051643192488263 
0 0.5112235915492958 0.7095070422535211 0.07174295774647887 0.318075117370892 
0 0.5917693661971831 0.7350352112676056 0.08054577464788733 0.3198356807511737 
0 0.9621478873239436 0.767018779342723 0.07570422535211267 0.289906103286385 
0 0.5081426056338029 0.3060446009389671 0.0840669014084507 0.3315727699530516 
0 0.4251760563380282 0.2925469483568075 0.07394366197183098 0.33392018779342725 
0 0.6767165492957746 0.7438380281690141 0.08142605633802817 0.3268779342723005 
0 0.7627640845070423 0.7546948356807511 0.09595070422535211 0.323943661971831 
0 0.8734595070422535 0.7567488262910798 0.10431338028169014 0.3034037558685446 
0 0.4394806338028169 0.698650234741784 0.08142605633802817 0.3268779342723005 
0 0.7638644366197183 0.32130281690140844 0.09375 0.35269953051643194 
0 0.18595950704225353 0.2764084507042254 0.07790492957746478 0.33215962441314556 
0 0.2711267605633803 0.6965962441314554 0.08362676056338028 0.30633802816901406 
0 0.5994718309859155 0.28374413145539906 0.07130281690140845 0.32335680751173707 
0 0.18683978873239437 0.6851525821596244 0.07174295774647887 0.31161971830985913 
0 0.11113556338028169 0.267018779342723 0.07702464788732394 0.35093896713615025 
0 0.8543133802816901 0.3312793427230047 0.10475352112676056 0.3421361502347418 
0 0.12191901408450705 0.6678403755868545 0.0625 0.3051643192488263 
0 0.9421214788732394 0.45481220657276994 0.10959507042253522 0.09859154929577464 
0 0.03653169014084507 0.26731220657276994 0.07130281690140845 0.32805164319248825 
0 0.948943661971831 0.2438380281690141 0.08538732394366197 0.0886150234741784 
0 0.9445422535211268 0.3474178403755869 0.10299295774647887 0.09389671361502347 
0 0.680237676056338 0.2943075117370892 0.0761443661971831 0.3268779342723005 
0 0.043133802816901406 0.6693075117370892 0.08362676056338028 0.2811032863849765 
0 0.2634242957746479 0.2904929577464789 0.08318661971830986 0.32511737089201875 
0 0.3558538732394366 0.2681924882629108 0.05765845070422535 0.3051643192488263 
0 0.5112235915492958 0.7095070422535211 0.07174295774647887 0.318075117370892 
0 0.5917693661971831 0.7350352112676056 0.08054577464788733 0.3198356807511737 
0 0.9621478873239436 0.767018779342723 0.07570422535211267 0.289906103286385 
0 0.5081426056338029 0.3060446009389671 0.0840669014084507 0.3315727699530516 
0 0.4251760563380282 0.2925469483568075 0.07394366197183098 0.33392018779342725 
0 0.6767165492957746 0.7438380281690141 0.08142605633802817 0.3268779342723005 
0 0.7627640845070423 0.7546948356807511 0.09595070422535211 0.323943661971831 
0 0.8734595070422535 0.7567488262910798 0.10431338028169014 0.3034037558685446 
0 0.4394806338028169 0.698650234741784 0.08142605633802817 0.3268779342723005 
0 0.7638644366197183 0.32130281690140844 0.09375 0.35269953051643194 
0 0.18595950704225353 0.2764084507042254 0.07790492957746478 0.33215962441314556 
0 0.2711267605633803 0.6965962441314554 0.08362676056338028 0.30633802816901406 
0 0.5994718309859155 0.28374413145539906 0.07130281690140845 0.32335680751173707 
