0 0.9720510563380281 0.7643779342723005 0.055897887323943664 0.38086854460093894 
0 0.9749119718309859 0.2676056338028169 0.0448943661971831 0.4014084507042254 
0 0.058758802816901406 0.8075117370892019 0.10079225352112677 0.2640845070422535 
0 0.4044894366197183 0.7987089201877934 0.09066901408450705 0.2535211267605634 
0 0.7057658450704225 0.7643779342723005 0.10255281690140845 0.38791079812206575 
0 0.6018926056338029 0.8309859154929577 0.09639084507042253 0.2535211267605634 
0 0.514524647887324 0.8233568075117371 0.10211267605633803 0.2734741784037559 
0 0.9018485915492958 0.2623239436619718 0.0897887323943662 0.3908450704225352 
0 0.5387323943661971 0.289612676056338 0.06690140845070422 0.31161971830985913 
0 0.15911091549295775 0.23591549295774647 0.10167253521126761 0.3884976525821596 
0 0.4555457746478873 0.2546948356807512 0.0897887323943662 0.3814553990610329 
0 0.894806338028169 0.7637910798122066 0.09154929577464789 0.3703051643192488 
0 0.8003961267605634 0.766725352112676 0.08142605633802817 0.3761737089201878 
0 0.6170774647887324 0.29782863849765256 0.0801056338028169 0.2916666666666667 
0 0.2581426056338028 0.2432511737089202 0.10255281690140845 0.3796948356807512 
0 0.3600352112676056 0.2511737089201878 0.09330985915492958 0.3755868544600939 
0 0.8061179577464789 0.289906103286385 0.05413732394366197 0.34507042253521125 
0 0.16329225352112675 0.7206572769953051 0.08626760563380281 0.3673708920187793 
0 0.25704225352112675 0.7276995305164319 0.08890845070422536 0.3685446009389671 
0 0.05171654929577465 0.22769953051643194 0.10079225352112677 0.4014084507042254 
0 0.9720510563380281 0.7643779342723005 0.055897887323943664 0.38086854460093894 
0 0.9749119718309859 0.2676056338028169 0.0448943661971831 0.4014084507042254 
0 0.058758802816901406 0.8075117370892019 0.10079225352112677 0.2640845070422535 
0 0.4044894366197183 0.7987089201877934 0.09066901408450705 0.2535211267605634 
0 0.7057658450704225 0.7643779342723005 0.10255281690140845 0.38791079812206575 
0 0.6018926056338029 0.8309859154929577 0.09639084507042253 0.2535211267605634 
0 0.514524647887324 0.8233568075117371 0.10211267605633803 0.2734741784037559 
0 0.9018485915492958 0.2623239436619718 0.0897887323943662 0.3908450704225352 
0 0.5387323943661971 0.289612676056338 0.06690140845070422 0.31161971830985913 
0 0.15911091549295775 0.23591549295774647 0.10167253521126761 0.3884976525821596 
0 0.4555457746478873 0.2546948356807512 0.0897887323943662 0.3814553990610329 
0 0.894806338028169 0.7637910798122066 0.09154929577464789 0.3703051643192488 
0 0.8003961267605634 0.766725352112676 0.08142605633802817 0.3761737089201878 
0 0.6170774647887324 0.29782863849765256 0.0801056338028169 0.2916666666666667 
0 0.2581426056338028 0.2432511737089202 0.10255281690140845 0.3796948356807512 
0 0.3600352112676056 0.2511737089201878 0.09330985915492958 0.3755868544600939 
0 0.8061179577464789 0.289906103286385 0.05413732394366197 0.34507042253521125 
0 0.16329225352112675 0.7206572769953051 0.08626760563380281 0.3673708920187793 
0 0.25704225352112675 0.7276995305164319 0.08890845070422536 0.3685446009389671 
0 0.05171654929577465 0.22769953051643194 0.10079225352112677 0.4014084507042254 
0 0.9720510563380281 0.7643779342723005 0.055897887323943664 0.38086854460093894 
0 0.9749119718309859 0.2676056338028169 0.0448943661971831 0.4014084507042254 
0 0.058758802816901406 0.8075117370892019 0.10079225352112677 0.2640845070422535 
0 0.4044894366197183 0.7987089201877934 0.09066901408450705 0.2535211267605634 
0 0.7057658450704225 0.7643779342723005 0.10255281690140845 0.38791079812206575 
0 0.6018926056338029 0.8309859154929577 0.09639084507042253 0.2535211267605634 
0 0.514524647887324 0.8233568075117371 0.10211267605633803 0.2734741784037559 
0 0.9018485915492958 0.2623239436619718 0.0897887323943662 0.3908450704225352 
0 0.5387323943661971 0.289612676056338 0.06690140845070422 0.31161971830985913 
0 0.15911091549295775 0.23591549295774647 0.10167253521126761 0.3884976525821596 
0 0.4555457746478873 0.2546948356807512 0.0897887323943662 0.3814553990610329 
0 0.894806338028169 0.7637910798122066 0.09154929577464789 0.3703051643192488 
0 0.8003961267605634 0.766725352112676 0.08142605633802817 0.3761737089201878 
0 0.6170774647887324 0.29782863849765256 0.0801056338028169 0.2916666666666667 
0 0.2581426056338028 0.2432511737089202 0.10255281690140845 0.3796948356807512 
0 0.3600352112676056 0.2511737089201878 0.09330985915492958 0.3755868544600939 
0 0.8061179577464789 0.289906103286385 0.05413732394366197 0.34507042253521125 
0 0.16329225352112675 0.7206572769953051 0.08626760563380281 0.3673708920187793 
0 0.25704225352112675 0.7276995305164319 0.08890845070422536 0.3685446009389671 
0 0.05171654929577465 0.22769953051643194 0.10079225352112677 0.4014084507042254 
