0 0.7394366197183099 0.7652582159624414 0.11971830985915492 0.38615023474178406 
0 0.9088908450704225 0.2438380281690141 0.04753521126760563 0.340962441314554 
0 0.8648767605633803 0.2244718309859155 0.040492957746478875 0.33039906103286387 
0 0.0409330985915493 0.6948356807511737 0.08098591549295775 0.31572769953051644 
0 0.10387323943661972 0.24413145539906103 0.10035211267605634 0.4061032863849765 
0 0.6225792253521126 0.27582159624413144 0.13160211267605634 0.41901408450704225 
0 0.9592869718309859 0.2720070422535211 0.08142605633802817 0.39730046948356806 
0 0.24647887323943662 0.7391431924882629 0.12147887323943662 0.3890845070422535 
0 0.3675176056338028 0.738849765258216 0.125 0.397887323943662 
0 0.125 0.7376760563380281 0.12323943661971831 0.3826291079812207 
0 0.492737676056338 0.750293427230047 0.11751760563380281 0.38204225352112675 
0 0.6197183098591549 0.7549882629107981 0.11619718309859155 0.3785211267605634 
0 0.488556338028169 0.2708333333333333 0.13028169014084506 0.4231220657276995 
0 0.35563380281690143 0.2620305164319249 0.13204225352112675 0.43720657276995306 
0 0.21522887323943662 0.2573356807511737 0.14172535211267606 0.43133802816901406 
0 0.7394366197183099 0.7652582159624414 0.11971830985915492 0.38615023474178406 
0 0.9088908450704225 0.2438380281690141 0.04753521126760563 0.340962441314554 
0 0.8648767605633803 0.2244718309859155 0.040492957746478875 0.33039906103286387 
0 0.0409330985915493 0.6948356807511737 0.08098591549295775 0.31572769953051644 
0 0.10387323943661972 0.24413145539906103 0.10035211267605634 0.4061032863849765 
0 0.6225792253521126 0.27582159624413144 0.13160211267605634 0.41901408450704225 
0 0.9592869718309859 0.2720070422535211 0.08142605633802817 0.39730046948356806 
0 0.24647887323943662 0.7391431924882629 0.12147887323943662 0.3890845070422535 
0 0.3675176056338028 0.738849765258216 0.125 0.397887323943662 
0 0.125 0.7376760563380281 0.12323943661971831 0.3826291079812207 
0 0.492737676056338 0.750293427230047 0.11751760563380281 0.38204225352112675 
0 0.6197183098591549 0.7549882629107981 0.11619718309859155 0.3785211267605634 
0 0.488556338028169 0.2708333333333333 0.13028169014084506 0.4231220657276995 
0 0.35563380281690143 0.2620305164319249 0.13204225352112675 0.43720657276995306 
0 0.21522887323943662 0.2573356807511737 0.14172535211267606 0.43133802816901406 
0 0.7394366197183099 0.7652582159624414 0.11971830985915492 0.38615023474178406 
0 0.9088908450704225 0.2438380281690141 0.04753521126760563 0.340962441314554 
0 0.8648767605633803 0.2244718309859155 0.040492957746478875 0.33039906103286387 
0 0.0409330985915493 0.6948356807511737 0.08098591549295775 0.31572769953051644 
0 0.10387323943661972 0.24413145539906103 0.10035211267605634 0.4061032863849765 
0 0.6225792253521126 0.27582159624413144 0.13160211267605634 0.41901408450704225 
0 0.9592869718309859 0.2720070422535211 0.08142605633802817 0.39730046948356806 
0 0.24647887323943662 0.7391431924882629 0.12147887323943662 0.3890845070422535 
0 0.3675176056338028 0.738849765258216 0.125 0.397887323943662 
0 0.125 0.7376760563380281 0.12323943661971831 0.3826291079812207 
0 0.492737676056338 0.750293427230047 0.11751760563380281 0.38204225352112675 
0 0.6197183098591549 0.7549882629107981 0.11619718309859155 0.3785211267605634 
0 0.488556338028169 0.2708333333333333 0.13028169014084506 0.4231220657276995 
0 0.35563380281690143 0.2620305164319249 0.13204225352112675 0.43720657276995306 
0 0.21522887323943662 0.2573356807511737 0.14172535211267606 0.43133802816901406 
