0 0.4515845070422535 0.7508802816901409 0.11443661971830986 0.4113849765258216 
0 0.9790933098591549 0.2811032863849765 0.04181338028169014 0.33215962441314556 
0 0.8199823943661971 0.744131455399061 0.12059859154929578 0.38497652582159625 
0 0.09485035211267606 0.22946009389671362 0.061179577464788734 0.31103286384976525 
0 0.7304137323943662 0.26731220657276994 0.0840669014084507 0.3221830985915493 
0 0.042693661971830985 0.22564553990610328 0.08450704225352113 0.3503521126760563 
0 0.5884683098591549 0.6901408450704225 0.08714788732394366 0.29107981220657275 
0 0.34000880281690143 0.21654929577464788 0.07790492957746478 0.35563380281690143 
0 0.6982834507042254 0.7338615023474179 0.10959507042253522 0.3714788732394366 
0 0.3248239436619718 0.7599765258215962 0.13380281690140844 0.43309859154929575 
0 0.421875 0.21919014084507044 0.07878521126760564 0.3597417840375587 
0 0.5158450704225352 0.2347417840375587 0.09683098591549295 0.3744131455399061 
0 0.9192341549295775 0.2790492957746479 0.09198943661971831 0.32335680751173707 
0 0.8147007042253521 0.2720070422535211 0.09507042253521127 0.3257042253521127 
0 0.6373239436619719 0.2652582159624413 0.09683098591549295 0.32981220657276994 
0 0.941681338028169 0.7482394366197183 0.11663732394366197 0.3732394366197183 
0 0.2070862676056338 0.7250586854460094 0.1034330985915493 0.3738262910798122 
0 0.4515845070422535 0.7508802816901409 0.11443661971830986 0.4113849765258216 
0 0.9790933098591549 0.2811032863849765 0.04181338028169014 0.33215962441314556 
0 0.8199823943661971 0.744131455399061 0.12059859154929578 0.38497652582159625 
0 0.09485035211267606 0.22946009389671362 0.061179577464788734 0.31103286384976525 
0 0.7304137323943662 0.26731220657276994 0.0840669014084507 0.3221830985915493 
0 0.042693661971830985 0.22564553990610328 0.08450704225352113 0.3503521126760563 
0 0.5884683098591549 0.6901408450704225 0.08714788732394366 0.29107981220657275 
0 0.34000880281690143 0.21654929577464788 0.07790492957746478 0.35563380281690143 
0 0.6982834507042254 0.7338615023474179 0.10959507042253522 0.3714788732394366 
0 0.3248239436619718 0.7599765258215962 0.13380281690140844 0.43309859154929575 
0 0.421875 0.21919014084507044 0.07878521126760564 0.3597417840375587 
0 0.5158450704225352 0.2347417840375587 0.09683098591549295 0.3744131455399061 
0 0.9192341549295775 0.2790492957746479 0.09198943661971831 0.32335680751173707 
0 0.8147007042253521 0.2720070422535211 0.09507042253521127 0.3257042253521127 
0 0.6373239436619719 0.2652582159624413 0.09683098591549295 0.32981220657276994 
0 0.941681338028169 0.7482394366197183 0.11663732394366197 0.3732394366197183 
0 0.2070862676056338 0.7250586854460094 0.1034330985915493 0.3738262910798122 
0 0.4515845070422535 0.7508802816901409 0.11443661971830986 0.4113849765258216 
0 0.9790933098591549 0.2811032863849765 0.04181338028169014 0.33215962441314556 
0 0.8199823943661971 0.744131455399061 0.12059859154929578 0.38497652582159625 
0 0.09485035211267606 0.22946009389671362 0.061179577464788734 0.31103286384976525 
0 0.7304137323943662 0.26731220657276994 0.0840669014084507 0.3221830985915493 
0 0.042693661971830985 0.22564553990610328 0.08450704225352113 0.3503521126760563 
0 0.5884683098591549 0.6901408450704225 0.08714788732394366 0.29107981220657275 
0 0.34000880281690143 0.21654929577464788 0.07790492957746478 0.35563380281690143 
0 0.6982834507042254 0.7338615023474179 0.10959507042253522 0.3714788732394366 
0 0.3248239436619718 0.7599765258215962 0.13380281690140844 0.43309859154929575 
0 0.421875 0.21919014084507044 0.07878521126760564 0.3597417840375587 
0 0.5158450704225352 0.2347417840375587 0.09683098591549295 0.3744131455399061 
0 0.9192341549295775 0.2790492957746479 0.09198943661971831 0.32335680751173707 
0 0.8147007042253521 0.2720070422535211 0.09507042253521127 0.3257042253521127 
0 0.6373239436619719 0.2652582159624413 0.09683098591549295 0.32981220657276994 
0 0.941681338028169 0.7482394366197183 0.11663732394366197 0.3732394366197183 
0 0.2070862676056338 0.7250586854460094 0.1034330985915493 0.3738262910798122 
