0 0.7775088028169014 0.7089201877934272 0.08054577464788733 0.30985915492957744 
0 0.37455985915492956 0.28843896713615025 0.08714788732394366 0.34800469483568075 
0 0.10497359154929578 0.6951291079812206 0.042693661971830985 0.2881455399061033 
0 0.0957306338028169 0.28257042253521125 0.05677816901408451 0.34683098591549294 
0 0.6969630281690141 0.7065727699530516 0.07790492957746478 0.3086854460093897 
0 0.4564260563380282 0.28726525821596244 0.08362676056338028 0.3562206572769953 
0 0.6122359154929577 0.7074530516431925 0.08890845070422536 0.30927230046948356 
0 0.953125 0.7077464788732394 0.0743838028169014 0.29694835680751175 
0 0.04445422535211268 0.698650234741784 0.08714788732394366 0.31514084507042256 
0 0.4084507042253521 0.681631455399061 0.07746478873239436 0.31514084507042256 
0 0.332306338028169 0.6784037558685446 0.07482394366197183 0.318075117370892 
0 0.4977992957746479 0.6898474178403756 0.08626760563380281 0.3362676056338028 
0 0.0332306338028169 0.28433098591549294 0.06558098591549295 0.34330985915492956 
0 0.6157570422535211 0.3019366197183099 0.07570422535211267 0.3174882629107981 
0 0.875 0.7039319248826291 0.08626760563380281 0.3045774647887324 
0 0.5360915492957746 0.30252347417840375 0.07922535211267606 0.32922535211267606 
0 0.18772007042253522 0.27406103286384975 0.12279929577464789 0.36384976525821594 
0 0.7775088028169014 0.7089201877934272 0.08054577464788733 0.30985915492957744 
0 0.37455985915492956 0.28843896713615025 0.08714788732394366 0.34800469483568075 
0 0.10497359154929578 0.6951291079812206 0.042693661971830985 0.2881455399061033 
0 0.0957306338028169 0.28257042253521125 0.05677816901408451 0.34683098591549294 
0 0.6969630281690141 0.7065727699530516 0.07790492957746478 0.3086854460093897 
0 0.4564260563380282 0.28726525821596244 0.08362676056338028 0.3562206572769953 
0 0.6122359154929577 0.7074530516431925 0.08890845070422536 0.30927230046948356 
0 0.953125 0.7077464788732394 0.0743838028169014 0.29694835680751175 
0 0.04445422535211268 0.698650234741784 0.08714788732394366 0.31514084507042256 
0 0.4084507042253521 0.681631455399061 0.07746478873239436 0.31514084507042256 
0 0.332306338028169 0.6784037558685446 0.07482394366197183 0.318075117370892 
0 0.4977992957746479 0.6898474178403756 0.08626760563380281 0.3362676056338028 
0 0.0332306338028169 0.28433098591549294 0.06558098591549295 0.34330985915492956 
0 0.6157570422535211 0.3019366197183099 0.07570422535211267 0.3174882629107981 
0 0.875 0.7039319248826291 0.08626760563380281 0.3045774647887324 
0 0.5360915492957746 0.30252347417840375 0.07922535211267606 0.32922535211267606 
0 0.18772007042253522 0.27406103286384975 0.12279929577464789 0.36384976525821594 
0 0.7775088028169014 0.7089201877934272 0.08054577464788733 0.30985915492957744 
0 0.37455985915492956 0.28843896713615025 0.08714788732394366 0.34800469483568075 
0 0.10497359154929578 0.6951291079812206 0.042693661971830985 0.2881455399061033 
0 0.0957306338028169 0.28257042253521125 0.05677816901408451 0.34683098591549294 
0 0.6969630281690141 0.7065727699530516 0.07790492957746478 0.3086854460093897 
0 0.4564260563380282 0.28726525821596244 0.08362676056338028 0.3562206572769953 
0 0.6122359154929577 0.7074530516431925 0.08890845070422536 0.30927230046948356 
0 0.953125 0.7077464788732394 0.0743838028169014 0.29694835680751175 
0 0.04445422535211268 0.698650234741784 0.08714788732394366 0.31514084507042256 
0 0.4084507042253521 0.681631455399061 0.07746478873239436 0.31514084507042256 
0 0.332306338028169 0.6784037558685446 0.07482394366197183 0.318075117370892 
0 0.4977992957746479 0.6898474178403756 0.08626760563380281 0.3362676056338028 
0 0.0332306338028169 0.28433098591549294 0.06558098591549295 0.34330985915492956 
0 0.6157570422535211 0.3019366197183099 0.07570422535211267 0.3174882629107981 
0 0.875 0.7039319248826291 0.08626760563380281 0.3045774647887324 
0 0.5360915492957746 0.30252347417840375 0.07922535211267606 0.32922535211267606 
0 0.18772007042253522 0.27406103286384975 0.12279929577464789 0.36384976525821594 
