0 0.9280369718309859 0.04753521126760563 0.09727112676056338 0.0880281690140845 
0 0.37544014084507044 0.3330399061032864 0.08538732394366197 0.3362676056338028 
0 0.9755721830985915 0.7960680751173709 0.0488556338028169 0.31161971830985913 
0 0.5387323943661971 0.7990023474178404 0.11091549295774648 0.3703051643192488 
0 0.4240757042253521 0.7916666666666666 0.1131161971830986 0.36971830985915494 
0 0.8754401408450704 0.7191901408450704 0.04137323943661972 0.16490610328638497 
0 0.8459507042253521 0.34125586854460094 0.08538732394366197 0.3198356807511737 
0 0.6441461267605634 0.35563380281690143 0.08142605633802817 0.34624413145539906 
0 0.02068661971830986 0.31484741784037557 0.040492957746478875 0.36913145539906106 
0 0.46919014084507044 0.34330985915492956 0.09066901408450705 0.3615023474178404 
0 0.2713468309859155 0.3330399061032864 0.09022887323943662 0.3538732394366197 
0 0.19982394366197184 0.7370892018779343 0.0801056338028169 0.3274647887323944 
0 0.08824823943661972 0.32247652582159625 0.08758802816901408 0.3538732394366197 
0 0.6566901408450704 0.7995892018779343 0.11443661971830986 0.37265258215962443 
0 0.18067781690140844 0.32922535211267606 0.08846830985915492 0.36502347417840375 
0 0.07636443661971831 0.7538145539906104 0.12367957746478873 0.36561032863849763 
0 0.7816901408450704 0.34419014084507044 0.04753521126760563 0.3045774647887324 
0 0.30061619718309857 0.7755281690140845 0.11971830985915492 0.36795774647887325 
0 0.5574383802816901 0.3474178403755869 0.0761443661971831 0.3532863849765258 
0 0.7227112676056338 0.35563380281690143 0.08362676056338028 0.3403755868544601 
0 0.9280369718309859 0.04753521126760563 0.09727112676056338 0.0880281690140845 
0 0.37544014084507044 0.3330399061032864 0.08538732394366197 0.3362676056338028 
0 0.9755721830985915 0.7960680751173709 0.0488556338028169 0.31161971830985913 
0 0.5387323943661971 0.7990023474178404 0.11091549295774648 0.3703051643192488 
0 0.4240757042253521 0.7916666666666666 0.1131161971830986 0.36971830985915494 
0 0.8754401408450704 0.7191901408450704 0.04137323943661972 0.16490610328638497 
0 0.8459507042253521 0.34125586854460094 0.08538732394366197 0.3198356807511737 
0 0.6441461267605634 0.35563380281690143 0.08142605633802817 0.34624413145539906 
0 0.02068661971830986 0.31484741784037557 0.040492957746478875 0.36913145539906106 
0 0.46919014084507044 0.34330985915492956 0.09066901408450705 0.3615023474178404 
0 0.2713468309859155 0.3330399061032864 0.09022887323943662 0.3538732394366197 
0 0.19982394366197184 0.7370892018779343 0.0801056338028169 0.3274647887323944 
0 0.08824823943661972 0.32247652582159625 0.08758802816901408 0.3538732394366197 
0 0.6566901408450704 0.7995892018779343 0.11443661971830986 0.37265258215962443 
0 0.18067781690140844 0.32922535211267606 0.08846830985915492 0.36502347417840375 
0 0.07636443661971831 0.7538145539906104 0.12367957746478873 0.36561032863849763 
0 0.7816901408450704 0.34419014084507044 0.04753521126760563 0.3045774647887324 
0 0.30061619718309857 0.7755281690140845 0.11971830985915492 0.36795774647887325 
0 0.5574383802816901 0.3474178403755869 0.0761443661971831 0.3532863849765258 
0 0.7227112676056338 0.35563380281690143 0.08362676056338028 0.3403755868544601 
0 0.9280369718309859 0.04753521126760563 0.09727112676056338 0.0880281690140845 
0 0.37544014084507044 0.3330399061032864 0.08538732394366197 0.3362676056338028 
0 0.9755721830985915 0.7960680751173709 0.0488556338028169 0.31161971830985913 
0 0.5387323943661971 0.7990023474178404 0.11091549295774648 0.3703051643192488 
0 0.4240757042253521 0.7916666666666666 0.1131161971830986 0.36971830985915494 
0 0.8754401408450704 0.7191901408450704 0.04137323943661972 0.16490610328638497 
0 0.8459507042253521 0.34125586854460094 0.08538732394366197 0.3198356807511737 
0 0.6441461267605634 0.35563380281690143 0.08142605633802817 0.34624413145539906 
0 0.02068661971830986 0.31484741784037557 0.040492957746478875 0.36913145539906106 
0 0.46919014084507044 0.34330985915492956 0.09066901408450705 0.3615023474178404 
0 0.2713468309859155 0.3330399061032864 0.09022887323943662 0.3538732394366197 
0 0.19982394366197184 0.7370892018779343 0.0801056338028169 0.3274647887323944 
0 0.08824823943661972 0.32247652582159625 0.08758802816901408 0.3538732394366197 
0 0.6566901408450704 0.7995892018779343 0.11443661971830986 0.37265258215962443 
0 0.18067781690140844 0.32922535211267606 0.08846830985915492 0.36502347417840375 
0 0.07636443661971831 0.7538145539906104 0.12367957746478873 0.36561032863849763 
0 0.7816901408450704 0.34419014084507044 0.04753521126760563 0.3045774647887324 
0 0.30061619718309857 0.7755281690140845 0.11971830985915492 0.36795774647887325 
0 0.5574383802816901 0.3474178403755869 0.0761443661971831 0.3532863849765258 
0 0.7227112676056338 0.35563380281690143 0.08362676056338028 0.3403755868544601 
