0 0.3492517605633803 0.10534037558685445 0.09639084507042253 0.20715962441314553 
0 0.25264084507042256 0.10328638497652583 0.09507042253521127 0.20539906103286384 
0 0.16461267605633803 0.10035211267605634 0.08098591549295775 0.1960093896713615 
0 0.9496038732394366 0.45686619718309857 0.09463028169014084 0.3163145539906103 
0 0.9680897887323944 0.8392018779342723 0.06382042253521127 0.3145539906103286 
0 0.37962147887323944 0.841255868544601 0.16505281690140844 0.3045774647887324 
0 0.8309859154929577 0.12177230046948356 0.07834507042253522 0.232981220657277 
0 0.8402288732394366 0.8532863849765259 0.17077464788732394 0.2934272300469484 
0 0.5530369718309859 0.11267605633802817 0.09463028169014084 0.22417840375586853 
0 0.0662411971830986 0.4213615023474178 0.10167253521126761 0.3227699530516432 
0 0.8930457746478874 0.12822769953051644 0.04665492957746479 0.2106807511737089 
0 0.648987676056338 0.1141431924882629 0.09198943661971831 0.22711267605633803 
0 0.45422535211267606 0.10710093896713616 0.10211267605633803 0.2130281690140845 
0 0.11289612676056338 0.8031103286384976 0.1430457746478873 0.3315727699530516 
0 0.23943661971830985 0.8054577464788732 0.11443661971830986 0.33039906103286387 
0 0.7453785211267606 0.1164906103286385 0.09639084507042253 0.2318075117370892 
0 0.5849471830985915 0.4421948356807512 0.10211267605633803 0.31866197183098594 
0 0.4821742957746479 0.4375 0.09903169014084508 0.3210093896713615 
0 0.7748679577464789 0.4454225352112676 0.07878521126760564 0.29694835680751175 
0 0.1701144366197183 0.4213615023474178 0.09375 0.32629107981220656 
0 0.6855193661971831 0.4421948356807512 0.08846830985915492 0.2963615023474178 
0 0.6954225352112676 0.840669014084507 0.1267605633802817 0.31866197183098594 
0 0.37588028169014087 0.43515258215962443 0.09859154929577464 0.32922535211267606 
0 0.5440140845070423 0.8371478873239436 0.16109154929577466 0.3163145539906103 
0 0.8598151408450704 0.45305164319248825 0.07878521126760564 0.2875586854460094 
0 0.04731514084507042 0.0994718309859155 0.09375 0.1977699530516432 
0 0.269806338028169 0.4284037558685446 0.10035211267605634 0.3274647887323944 
0 0.3492517605633803 0.10534037558685445 0.09639084507042253 0.20715962441314553 
0 0.25264084507042256 0.10328638497652583 0.09507042253521127 0.20539906103286384 
0 0.16461267605633803 0.10035211267605634 0.08098591549295775 0.1960093896713615 
0 0.9496038732394366 0.45686619718309857 0.09463028169014084 0.3163145539906103 
0 0.9680897887323944 0.8392018779342723 0.06382042253521127 0.3145539906103286 
0 0.37962147887323944 0.841255868544601 0.16505281690140844 0.3045774647887324 
0 0.8309859154929577 0.12177230046948356 0.07834507042253522 0.232981220657277 
0 0.8402288732394366 0.8532863849765259 0.17077464788732394 0.2934272300469484 
0 0.5530369718309859 0.11267605633802817 0.09463028169014084 0.22417840375586853 
0 0.0662411971830986 0.4213615023474178 0.10167253521126761 0.3227699530516432 
0 0.8930457746478874 0.12822769953051644 0.04665492957746479 0.2106807511737089 
0 0.648987676056338 0.1141431924882629 0.09198943661971831 0.22711267605633803 
0 0.45422535211267606 0.10710093896713616 0.10211267605633803 0.2130281690140845 
0 0.11289612676056338 0.8031103286384976 0.1430457746478873 0.3315727699530516 
0 0.23943661971830985 0.8054577464788732 0.11443661971830986 0.33039906103286387 
0 0.7453785211267606 0.1164906103286385 0.09639084507042253 0.2318075117370892 
0 0.5849471830985915 0.4421948356807512 0.10211267605633803 0.31866197183098594 
0 0.4821742957746479 0.4375 0.09903169014084508 0.3210093896713615 
0 0.7748679577464789 0.4454225352112676 0.07878521126760564 0.29694835680751175 
0 0.1701144366197183 0.4213615023474178 0.09375 0.32629107981220656 
0 0.6855193661971831 0.4421948356807512 0.08846830985915492 0.2963615023474178 
0 0.6954225352112676 0.840669014084507 0.1267605633802817 0.31866197183098594 
0 0.37588028169014087 0.43515258215962443 0.09859154929577464 0.32922535211267606 
0 0.5440140845070423 0.8371478873239436 0.16109154929577466 0.3163145539906103 
0 0.8598151408450704 0.45305164319248825 0.07878521126760564 0.2875586854460094 
0 0.04731514084507042 0.0994718309859155 0.09375 0.1977699530516432 
0 0.269806338028169 0.4284037558685446 0.10035211267605634 0.3274647887323944 
0 0.3492517605633803 0.10534037558685445 0.09639084507042253 0.20715962441314553 
0 0.25264084507042256 0.10328638497652583 0.09507042253521127 0.20539906103286384 
0 0.16461267605633803 0.10035211267605634 0.08098591549295775 0.1960093896713615 
0 0.9496038732394366 0.45686619718309857 0.09463028169014084 0.3163145539906103 
0 0.9680897887323944 0.8392018779342723 0.06382042253521127 0.3145539906103286 
0 0.37962147887323944 0.841255868544601 0.16505281690140844 0.3045774647887324 
0 0.8309859154929577 0.12177230046948356 0.07834507042253522 0.232981220657277 
0 0.8402288732394366 0.8532863849765259 0.17077464788732394 0.2934272300469484 
0 0.5530369718309859 0.11267605633802817 0.09463028169014084 0.22417840375586853 
0 0.0662411971830986 0.4213615023474178 0.10167253521126761 0.3227699530516432 
0 0.8930457746478874 0.12822769953051644 0.04665492957746479 0.2106807511737089 
0 0.648987676056338 0.1141431924882629 0.09198943661971831 0.22711267605633803 
0 0.45422535211267606 0.10710093896713616 0.10211267605633803 0.2130281690140845 
0 0.11289612676056338 0.8031103286384976 0.1430457746478873 0.3315727699530516 
0 0.23943661971830985 0.8054577464788732 0.11443661971830986 0.33039906103286387 
0 0.7453785211267606 0.1164906103286385 0.09639084507042253 0.2318075117370892 
0 0.5849471830985915 0.4421948356807512 0.10211267605633803 0.31866197183098594 
0 0.4821742957746479 0.4375 0.09903169014084508 0.3210093896713615 
0 0.7748679577464789 0.4454225352112676 0.07878521126760564 0.29694835680751175 
0 0.1701144366197183 0.4213615023474178 0.09375 0.32629107981220656 
0 0.6855193661971831 0.4421948356807512 0.08846830985915492 0.2963615023474178 
0 0.6954225352112676 0.840669014084507 0.1267605633802817 0.31866197183098594 
0 0.37588028169014087 0.43515258215962443 0.09859154929577464 0.32922535211267606 
0 0.5440140845070423 0.8371478873239436 0.16109154929577466 0.3163145539906103 
0 0.8598151408450704 0.45305164319248825 0.07878521126760564 0.2875586854460094 
0 0.04731514084507042 0.0994718309859155 0.09375 0.1977699530516432 
0 0.269806338028169 0.4284037558685446 0.10035211267605634 0.3274647887323944 
