0 0.04423415492957746 0.789612676056338 0.08758802816901408 0.3550469483568075 
0 0.6311619718309859 0.10181924882629108 0.09330985915492958 0.20246478873239437 
0 0.3714788732394366 0.715962441314554 0.1056338028169014 0.21244131455399062 
0 0.941681338028169 0.1141431924882629 0.09727112676056338 0.22359154929577466 
0 0.40625 0.09419014084507042 0.08450704225352113 0.1742957746478873 
0 0.9533450704225352 0.43838028169014087 0.0897887323943662 0.29460093896713613 
0 0.09419014084507042 0.07863849765258216 0.0897887323943662 0.15610328638497653 
0 0.2070862676056338 0.08773474178403756 0.08934859154929578 0.16842723004694835 
0 0.9592869718309859 0.8192488262910798 0.08142605633802817 0.3086854460093897 
0 0.730193661971831 0.10710093896713616 0.0897887323943662 0.2130281690140845 
0 0.3061179577464789 0.08568075117370892 0.10167253521126761 0.17018779342723006 
0 0.836487676056338 0.11091549295774648 0.10431338028169014 0.22065727699530516 
0 0.7680457746478874 0.42370892018779344 0.0880281690140845 0.30633802816901406 
0 0.5462147887323944 0.7925469483568075 0.13556338028169015 0.3374413145539906 
0 0.8076584507042254 0.7857981220657277 0.1267605633802817 0.2981220657276995 
0 0.5017605633802817 0.09624413145539906 0.08362676056338028 0.19131455399061034 
0 0.858274647887324 0.4295774647887324 0.0880281690140845 0.30985915492957744 
0 0.33120598591549294 0.39231220657276994 0.10255281690140845 0.3198356807511737 
0 0.6679137323943662 0.4216549295774648 0.10079225352112677 0.31279342723004694 
0 0.43485915492957744 0.39642018779342725 0.0897887323943662 0.27406103286384975 
0 0.1525088028169014 0.38086854460093894 0.07966549295774648 0.2992957746478873 
0 0.06095950704225352 0.37177230046948356 0.09375 0.29518779342723006 
0 0.24075704225352113 0.3870305164319249 0.0818661971830986 0.31396713615023475 
0 0.16681338028169015 0.8080985915492958 0.17165492957746478 0.3028169014084507 
0 0.6811179577464789 0.7822769953051644 0.11839788732394366 0.3145539906103286 
0 0.5242077464788732 0.4014084507042254 0.07746478873239436 0.2734741784037559 
0 0.04423415492957746 0.789612676056338 0.08758802816901408 0.3550469483568075 
0 0.6311619718309859 0.10181924882629108 0.09330985915492958 0.20246478873239437 
0 0.3714788732394366 0.715962441314554 0.1056338028169014 0.21244131455399062 
0 0.941681338028169 0.1141431924882629 0.09727112676056338 0.22359154929577466 
0 0.40625 0.09419014084507042 0.08450704225352113 0.1742957746478873 
0 0.9533450704225352 0.43838028169014087 0.0897887323943662 0.29460093896713613 
0 0.09419014084507042 0.07863849765258216 0.0897887323943662 0.15610328638497653 
0 0.2070862676056338 0.08773474178403756 0.08934859154929578 0.16842723004694835 
0 0.9592869718309859 0.8192488262910798 0.08142605633802817 0.3086854460093897 
0 0.730193661971831 0.10710093896713616 0.0897887323943662 0.2130281690140845 
0 0.3061179577464789 0.08568075117370892 0.10167253521126761 0.17018779342723006 
0 0.836487676056338 0.11091549295774648 0.10431338028169014 0.22065727699530516 
0 0.7680457746478874 0.42370892018779344 0.0880281690140845 0.30633802816901406 
0 0.5462147887323944 0.7925469483568075 0.13556338028169015 0.3374413145539906 
0 0.8076584507042254 0.7857981220657277 0.1267605633802817 0.2981220657276995 
0 0.5017605633802817 0.09624413145539906 0.08362676056338028 0.19131455399061034 
0 0.858274647887324 0.4295774647887324 0.0880281690140845 0.30985915492957744 
0 0.33120598591549294 0.39231220657276994 0.10255281690140845 0.3198356807511737 
0 0.6679137323943662 0.4216549295774648 0.10079225352112677 0.31279342723004694 
0 0.43485915492957744 0.39642018779342725 0.0897887323943662 0.27406103286384975 
0 0.1525088028169014 0.38086854460093894 0.07966549295774648 0.2992957746478873 
0 0.06095950704225352 0.37177230046948356 0.09375 0.29518779342723006 
0 0.24075704225352113 0.3870305164319249 0.0818661971830986 0.31396713615023475 
0 0.16681338028169015 0.8080985915492958 0.17165492957746478 0.3028169014084507 
0 0.6811179577464789 0.7822769953051644 0.11839788732394366 0.3145539906103286 
0 0.5242077464788732 0.4014084507042254 0.07746478873239436 0.2734741784037559 
0 0.04423415492957746 0.789612676056338 0.08758802816901408 0.3550469483568075 
0 0.6311619718309859 0.10181924882629108 0.09330985915492958 0.20246478873239437 
0 0.3714788732394366 0.715962441314554 0.1056338028169014 0.21244131455399062 
0 0.941681338028169 0.1141431924882629 0.09727112676056338 0.22359154929577466 
0 0.40625 0.09419014084507042 0.08450704225352113 0.1742957746478873 
0 0.9533450704225352 0.43838028169014087 0.0897887323943662 0.29460093896713613 
0 0.09419014084507042 0.07863849765258216 0.0897887323943662 0.15610328638497653 
0 0.2070862676056338 0.08773474178403756 0.08934859154929578 0.16842723004694835 
0 0.9592869718309859 0.8192488262910798 0.08142605633802817 0.3086854460093897 
0 0.730193661971831 0.10710093896713616 0.0897887323943662 0.2130281690140845 
0 0.3061179577464789 0.08568075117370892 0.10167253521126761 0.17018779342723006 
0 0.836487676056338 0.11091549295774648 0.10431338028169014 0.22065727699530516 
0 0.7680457746478874 0.42370892018779344 0.0880281690140845 0.30633802816901406 
0 0.5462147887323944 0.7925469483568075 0.13556338028169015 0.3374413145539906 
0 0.8076584507042254 0.7857981220657277 0.1267605633802817 0.2981220657276995 
0 0.5017605633802817 0.09624413145539906 0.08362676056338028 0.19131455399061034 
0 0.858274647887324 0.4295774647887324 0.0880281690140845 0.30985915492957744 
0 0.33120598591549294 0.39231220657276994 0.10255281690140845 0.3198356807511737 
0 0.6679137323943662 0.4216549295774648 0.10079225352112677 0.31279342723004694 
0 0.43485915492957744 0.39642018779342725 0.0897887323943662 0.27406103286384975 
0 0.1525088028169014 0.38086854460093894 0.07966549295774648 0.2992957746478873 
0 0.06095950704225352 0.37177230046948356 0.09375 0.29518779342723006 
0 0.24075704225352113 0.3870305164319249 0.0818661971830986 0.31396713615023475 
0 0.16681338028169015 0.8080985915492958 0.17165492957746478 0.3028169014084507 
0 0.6811179577464789 0.7822769953051644 0.11839788732394366 0.3145539906103286 
0 0.5242077464788732 0.4014084507042254 0.07746478873239436 0.2734741784037559 
