0 0.051276408450704226 0.8356807511737089 0.10167253521126761 0.22887323943661972 
0 0.9790933098591549 0.29019953051643194 0.04181338028169014 0.21185446009389672 
0 0.9234154929577465 0.04548122065727699 0.051056338028169015 0.0897887323943662 
0 0.1694542253521127 0.8356807511737089 0.12235915492957747 0.2112676056338028 
0 0.5418133802816901 0.8400821596244131 0.11883802816901408 0.23650234741784038 
0 0.4168133802816901 0.8359741784037559 0.11883802816901408 0.22007042253521128 
0 0.7717869718309859 0.8441901408450704 0.09463028169014084 0.23415492957746478 
0 0.8873239436619719 0.8541666666666666 0.12323943661971831 0.232981220657277 
0 0.9779929577464789 0.8547535211267606 0.04401408450704225 0.2282863849765258 
0 0.8637764084507042 0.043720657276995305 0.061179577464788734 0.08626760563380281 
0 0.7548415492957746 0.04137323943661972 0.06338028169014084 0.07570422535211267 
0 0.6852992957746479 0.03697183098591549 0.05897887323943662 0.06338028169014084 
0 0.5297095070422535 0.033157276995305164 0.053257042253521125 0.061619718309859156 
0 0.3772007042253521 0.031396713615023476 0.05897887323943662 0.05575117370892019 
0 0.433318661971831 0.03374413145539906 0.06029929577464789 0.056924882629107984 
0 0.01584507042253521 0.5381455399061033 0.02640845070422535 0.2347417840375587 
0 0.9227552816901409 0.2822769953051643 0.0682218309859155 0.22065727699530516 
0 0.6639524647887324 0.8427230046948356 0.1131161971830986 0.22417840375586853 
0 0.7649647887323944 0.28726525821596244 0.07130281690140845 0.20481220657276994 
0 0.2975352112676056 0.8342136150234741 0.11443661971830986 0.2142018779342723 
0 0.9762323943661971 0.047828638497652586 0.04753521126760563 0.09448356807511737 
0 0.9014084507042254 0.5625 0.08362676056338028 0.23884976525821597 
0 0.4498239436619718 0.5437206572769953 0.06954225352112677 0.24237089201877934 
0 0.1641725352112676 0.5355046948356808 0.06426056338028169 0.22124413145539906 
0 0.5620598591549296 0.27142018779342725 0.06954225352112677 0.2177230046948357 
0 0.23789612676056338 0.5369718309859155 0.06294014084507042 0.21830985915492956 
0 0.7438380281690141 0.5525234741784038 0.051056338028169015 0.2306338028169014 
0 0.846830985915493 0.27875586854460094 0.08362676056338028 0.2312206572769953 
0 0.6808978873239436 0.5498826291079812 0.07306338028169014 0.24178403755868544 
0 0.6353433098591549 0.27875586854460094 0.06205985915492958 0.2007042253521127 
0 0.3730193661971831 0.5416666666666666 0.06910211267605634 0.2335680751173709 
0 0.5244278169014085 0.5466549295774648 0.07790492957746478 0.23884976525821597 
0 0.49559859154929575 0.2690727699530516 0.06514084507042253 0.21654929577464788 
0 0.820862676056338 0.5572183098591549 0.07306338028169014 0.23650234741784038 
0 0.07284330985915492 0.5407863849765259 0.08494718309859155 0.22593896713615025 
0 0.6967429577464789 0.28931924882629106 0.05017605633802817 0.18544600938967137 
0 0.34088908450704225 0.25 0.08758802816901408 0.2335680751173709 
0 0.2704665492957746 0.26467136150234744 0.050616197183098594 0.20657276995305165 
0 0.9755721830985915 0.5595657276995305 0.0488556338028169 0.2130281690140845 
0 0.6012323943661971 0.5469483568075117 0.06690140845070422 0.22887323943661972 
0 0.3047975352112676 0.5416666666666666 0.055897887323943664 0.2300469483568075 
0 0.4311179577464789 0.27230046948356806 0.055897887323943664 0.18192488262910797 
0 0.051276408450704226 0.8356807511737089 0.10167253521126761 0.22887323943661972 
0 0.9790933098591549 0.29019953051643194 0.04181338028169014 0.21185446009389672 
0 0.9234154929577465 0.04548122065727699 0.051056338028169015 0.0897887323943662 
0 0.1694542253521127 0.8356807511737089 0.12235915492957747 0.2112676056338028 
0 0.5418133802816901 0.8400821596244131 0.11883802816901408 0.23650234741784038 
0 0.4168133802816901 0.8359741784037559 0.11883802816901408 0.22007042253521128 
0 0.7717869718309859 0.8441901408450704 0.09463028169014084 0.23415492957746478 
0 0.8873239436619719 0.8541666666666666 0.12323943661971831 0.232981220657277 
0 0.9779929577464789 0.8547535211267606 0.04401408450704225 0.2282863849765258 
0 0.8637764084507042 0.043720657276995305 0.061179577464788734 0.08626760563380281 
0 0.7548415492957746 0.04137323943661972 0.06338028169014084 0.07570422535211267 
0 0.6852992957746479 0.03697183098591549 0.05897887323943662 0.06338028169014084 
0 0.5297095070422535 0.033157276995305164 0.053257042253521125 0.061619718309859156 
0 0.3772007042253521 0.031396713615023476 0.05897887323943662 0.05575117370892019 
0 0.433318661971831 0.03374413145539906 0.06029929577464789 0.056924882629107984 
0 0.01584507042253521 0.5381455399061033 0.02640845070422535 0.2347417840375587 
0 0.9227552816901409 0.2822769953051643 0.0682218309859155 0.22065727699530516 
0 0.6639524647887324 0.8427230046948356 0.1131161971830986 0.22417840375586853 
0 0.7649647887323944 0.28726525821596244 0.07130281690140845 0.20481220657276994 
0 0.2975352112676056 0.8342136150234741 0.11443661971830986 0.2142018779342723 
0 0.9762323943661971 0.047828638497652586 0.04753521126760563 0.09448356807511737 
0 0.9014084507042254 0.5625 0.08362676056338028 0.23884976525821597 
0 0.4498239436619718 0.5437206572769953 0.06954225352112677 0.24237089201877934 
0 0.1641725352112676 0.5355046948356808 0.06426056338028169 0.22124413145539906 
0 0.5620598591549296 0.27142018779342725 0.06954225352112677 0.2177230046948357 
0 0.23789612676056338 0.5369718309859155 0.06294014084507042 0.21830985915492956 
0 0.7438380281690141 0.5525234741784038 0.051056338028169015 0.2306338028169014 
0 0.846830985915493 0.27875586854460094 0.08362676056338028 0.2312206572769953 
0 0.6808978873239436 0.5498826291079812 0.07306338028169014 0.24178403755868544 
0 0.6353433098591549 0.27875586854460094 0.06205985915492958 0.2007042253521127 
0 0.3730193661971831 0.5416666666666666 0.06910211267605634 0.2335680751173709 
0 0.5244278169014085 0.5466549295774648 0.07790492957746478 0.23884976525821597 
0 0.49559859154929575 0.2690727699530516 0.06514084507042253 0.21654929577464788 
0 0.820862676056338 0.5572183098591549 0.07306338028169014 0.23650234741784038 
0 0.07284330985915492 0.5407863849765259 0.08494718309859155 0.22593896713615025 
0 0.6967429577464789 0.28931924882629106 0.05017605633802817 0.18544600938967137 
0 0.34088908450704225 0.25 0.08758802816901408 0.2335680751173709 
0 0.2704665492957746 0.26467136150234744 0.050616197183098594 0.20657276995305165 
0 0.9755721830985915 0.5595657276995305 0.0488556338028169 0.2130281690140845 
0 0.6012323943661971 0.5469483568075117 0.06690140845070422 0.22887323943661972 
0 0.3047975352112676 0.5416666666666666 0.055897887323943664 0.2300469483568075 
0 0.4311179577464789 0.27230046948356806 0.055897887323943664 0.18192488262910797 
0 0.051276408450704226 0.8356807511737089 0.10167253521126761 0.22887323943661972 
0 0.9790933098591549 0.29019953051643194 0.04181338028169014 0.21185446009389672 
0 0.9234154929577465 0.04548122065727699 0.051056338028169015 0.0897887323943662 
0 0.1694542253521127 0.8356807511737089 0.12235915492957747 0.2112676056338028 
0 0.5418133802816901 0.8400821596244131 0.11883802816901408 0.23650234741784038 
0 0.4168133802816901 0.8359741784037559 0.11883802816901408 0.22007042253521128 
0 0.7717869718309859 0.8441901408450704 0.09463028169014084 0.23415492957746478 
0 0.8873239436619719 0.8541666666666666 0.12323943661971831 0.232981220657277 
0 0.9779929577464789 0.8547535211267606 0.04401408450704225 0.2282863849765258 
0 0.8637764084507042 0.043720657276995305 0.061179577464788734 0.08626760563380281 
0 0.7548415492957746 0.04137323943661972 0.06338028169014084 0.07570422535211267 
0 0.6852992957746479 0.03697183098591549 0.05897887323943662 0.06338028169014084 
0 0.5297095070422535 0.033157276995305164 0.053257042253521125 0.061619718309859156 
0 0.3772007042253521 0.031396713615023476 0.05897887323943662 0.05575117370892019 
0 0.433318661971831 0.03374413145539906 0.06029929577464789 0.056924882629107984 
0 0.01584507042253521 0.5381455399061033 0.02640845070422535 0.2347417840375587 
0 0.9227552816901409 0.2822769953051643 0.0682218309859155 0.22065727699530516 
0 0.6639524647887324 0.8427230046948356 0.1131161971830986 0.22417840375586853 
0 0.7649647887323944 0.28726525821596244 0.07130281690140845 0.20481220657276994 
0 0.2975352112676056 0.8342136150234741 0.11443661971830986 0.2142018779342723 
0 0.9762323943661971 0.047828638497652586 0.04753521126760563 0.09448356807511737 
0 0.9014084507042254 0.5625 0.08362676056338028 0.23884976525821597 
0 0.4498239436619718 0.5437206572769953 0.06954225352112677 0.24237089201877934 
0 0.1641725352112676 0.5355046948356808 0.06426056338028169 0.22124413145539906 
0 0.5620598591549296 0.27142018779342725 0.06954225352112677 0.2177230046948357 
0 0.23789612676056338 0.5369718309859155 0.06294014084507042 0.21830985915492956 
0 0.7438380281690141 0.5525234741784038 0.051056338028169015 0.2306338028169014 
0 0.846830985915493 0.27875586854460094 0.08362676056338028 0.2312206572769953 
0 0.6808978873239436 0.5498826291079812 0.07306338028169014 0.24178403755868544 
0 0.6353433098591549 0.27875586854460094 0.06205985915492958 0.2007042253521127 
0 0.3730193661971831 0.5416666666666666 0.06910211267605634 0.2335680751173709 
0 0.5244278169014085 0.5466549295774648 0.07790492957746478 0.23884976525821597 
0 0.49559859154929575 0.2690727699530516 0.06514084507042253 0.21654929577464788 
0 0.820862676056338 0.5572183098591549 0.07306338028169014 0.23650234741784038 
0 0.07284330985915492 0.5407863849765259 0.08494718309859155 0.22593896713615025 
0 0.6967429577464789 0.28931924882629106 0.05017605633802817 0.18544600938967137 
0 0.34088908450704225 0.25 0.08758802816901408 0.2335680751173709 
0 0.2704665492957746 0.26467136150234744 0.050616197183098594 0.20657276995305165 
0 0.9755721830985915 0.5595657276995305 0.0488556338028169 0.2130281690140845 
0 0.6012323943661971 0.5469483568075117 0.06690140845070422 0.22887323943661972 
0 0.3047975352112676 0.5416666666666666 0.055897887323943664 0.2300469483568075 
0 0.4311179577464789 0.27230046948356806 0.055897887323943664 0.18192488262910797 
