0 0.3358274647887324 0.10328638497652583 0.058098591549295774 0.20539906103286384 
0 0.27024647887323944 0.10152582159624413 0.0625 0.1936619718309859 
0 0.8080985915492958 0.10651408450704225 0.06866197183098592 0.21185446009389672 
0 0.14150528169014084 0.3882042253521127 0.04621478873239437 0.2505868544600939 
0 0.4663292253521127 0.10886150234741784 0.061179577464788734 0.2153755868544601 
0 0.016505281690140844 0.09330985915492958 0.032130281690140844 0.18544600938967137 
0 0.5294894366197183 0.1056338028169014 0.06073943661971831 0.21009389671361503 
0 0.7163292253521126 0.10651408450704225 0.05941901408450704 0.21185446009389672 
0 0.40360915492957744 0.10651408450704225 0.061619718309859156 0.21185446009389672 
0 0.5941901408450704 0.10710093896713616 0.058098591549295774 0.2130281690140845 
0 0.20642605633802816 0.0971244131455399 0.0625 0.19307511737089203 
0 0.02222711267605634 0.7379694835680751 0.04357394366197183 0.26115023474178406 
0 0.9564260563380281 0.4310446009389671 0.0801056338028169 0.27523474178403756 
0 0.06558098591549295 0.0971244131455399 0.06866197183098592 0.19307511737089203 
0 0.21192781690140844 0.9727112676056338 0.09463028169014084 0.06514084507042253 
0 0.9381602112676056 0.10827464788732394 0.053257042253521125 0.2153755868544601 
0 0.8774207746478874 0.11091549295774648 0.06205985915492958 0.22065727699530516 
0 0.6582306338028169 0.10710093896713616 0.053257042253521125 0.2106807511737089 
0 0.9848151408450704 0.7602699530516432 0.030369718309859156 0.23767605633802816 
0 0.426056338028169 0.7165492957746479 0.06602112676056338 0.20774647887323944 
0 0.34837147887323944 0.7136150234741784 0.07086267605633803 0.20539906103286384 
0 0.288512323943662 0.41519953051643194 0.08582746478873239 0.2857981220657277 
0 0.9304577464788732 0.75 0.06690140845070422 0.2335680751173709 
0 0.5919894366197183 0.755575117370892 0.07922535211267606 0.26936619718309857 
0 0.6817781690140845 0.7605633802816901 0.08274647887323944 0.27816901408450706 
0 0.6342429577464789 0.4278169014084507 0.0801056338028169 0.29107981220657275 
0 0.5101232394366197 0.755575117370892 0.08538732394366197 0.2658450704225352 
0 0.4595070422535211 0.42194835680751175 0.0801056338028169 0.2852112676056338 
0 0.37544014084507044 0.4163732394366197 0.08098591549295775 0.2869718309859155 
0 0.19674295774647887 0.4163732394366197 0.08626760563380281 0.2834507042253521 
0 0.5451144366197183 0.42282863849765256 0.08670774647887323 0.29870892018779344 
0 0.25462147887323944 0.7432511737089202 0.08670774647887323 0.27523474178403756 
0 0.8028169014084507 0.42488262910798125 0.07922535211267606 0.27582159624413144 
0 0.08604753521126761 0.36120892018779344 0.05765845070422535 0.2517605633802817 
0 0.1701144366197183 0.7312206572769953 0.07966549295774648 0.284037558685446 
0 0.7682658450704225 0.761443661971831 0.08494718309859155 0.272887323943662 
0 0.8481514084507042 0.766725352112676 0.08098591549295775 0.2658450704225352 
0 0.8752200704225352 0.4157863849765258 0.06382042253521127 0.2634976525821596 
0 0.09220950704225352 0.7174295774647887 0.06558098591549295 0.24002347417840375 
0 0.7196302816901409 0.4310446009389671 0.07658450704225352 0.2975352112676056 
0 0.3358274647887324 0.10328638497652583 0.058098591549295774 0.20539906103286384 
0 0.27024647887323944 0.10152582159624413 0.0625 0.1936619718309859 
0 0.8080985915492958 0.10651408450704225 0.06866197183098592 0.21185446009389672 
0 0.14150528169014084 0.3882042253521127 0.04621478873239437 0.2505868544600939 
0 0.4663292253521127 0.10886150234741784 0.061179577464788734 0.2153755868544601 
0 0.016505281690140844 0.09330985915492958 0.032130281690140844 0.18544600938967137 
0 0.5294894366197183 0.1056338028169014 0.06073943661971831 0.21009389671361503 
0 0.7163292253521126 0.10651408450704225 0.05941901408450704 0.21185446009389672 
0 0.40360915492957744 0.10651408450704225 0.061619718309859156 0.21185446009389672 
0 0.5941901408450704 0.10710093896713616 0.058098591549295774 0.2130281690140845 
0 0.20642605633802816 0.0971244131455399 0.0625 0.19307511737089203 
0 0.02222711267605634 0.7379694835680751 0.04357394366197183 0.26115023474178406 
0 0.9564260563380281 0.4310446009389671 0.0801056338028169 0.27523474178403756 
0 0.06558098591549295 0.0971244131455399 0.06866197183098592 0.19307511737089203 
0 0.21192781690140844 0.9727112676056338 0.09463028169014084 0.06514084507042253 
0 0.9381602112676056 0.10827464788732394 0.053257042253521125 0.2153755868544601 
0 0.8774207746478874 0.11091549295774648 0.06205985915492958 0.22065727699530516 
0 0.6582306338028169 0.10710093896713616 0.053257042253521125 0.2106807511737089 
0 0.9848151408450704 0.7602699530516432 0.030369718309859156 0.23767605633802816 
0 0.426056338028169 0.7165492957746479 0.06602112676056338 0.20774647887323944 
0 0.34837147887323944 0.7136150234741784 0.07086267605633803 0.20539906103286384 
0 0.288512323943662 0.41519953051643194 0.08582746478873239 0.2857981220657277 
0 0.9304577464788732 0.75 0.06690140845070422 0.2335680751173709 
0 0.5919894366197183 0.755575117370892 0.07922535211267606 0.26936619718309857 
0 0.6817781690140845 0.7605633802816901 0.08274647887323944 0.27816901408450706 
0 0.6342429577464789 0.4278169014084507 0.0801056338028169 0.29107981220657275 
0 0.5101232394366197 0.755575117370892 0.08538732394366197 0.2658450704225352 
0 0.4595070422535211 0.42194835680751175 0.0801056338028169 0.2852112676056338 
0 0.37544014084507044 0.4163732394366197 0.08098591549295775 0.2869718309859155 
0 0.19674295774647887 0.4163732394366197 0.08626760563380281 0.2834507042253521 
0 0.5451144366197183 0.42282863849765256 0.08670774647887323 0.29870892018779344 
0 0.25462147887323944 0.7432511737089202 0.08670774647887323 0.27523474178403756 
0 0.8028169014084507 0.42488262910798125 0.07922535211267606 0.27582159624413144 
0 0.08604753521126761 0.36120892018779344 0.05765845070422535 0.2517605633802817 
0 0.1701144366197183 0.7312206572769953 0.07966549295774648 0.284037558685446 
0 0.7682658450704225 0.761443661971831 0.08494718309859155 0.272887323943662 
0 0.8481514084507042 0.766725352112676 0.08098591549295775 0.2658450704225352 
0 0.8752200704225352 0.4157863849765258 0.06382042253521127 0.2634976525821596 
0 0.09220950704225352 0.7174295774647887 0.06558098591549295 0.24002347417840375 
0 0.7196302816901409 0.4310446009389671 0.07658450704225352 0.2975352112676056 
0 0.3358274647887324 0.10328638497652583 0.058098591549295774 0.20539906103286384 
0 0.27024647887323944 0.10152582159624413 0.0625 0.1936619718309859 
0 0.8080985915492958 0.10651408450704225 0.06866197183098592 0.21185446009389672 
0 0.14150528169014084 0.3882042253521127 0.04621478873239437 0.2505868544600939 
0 0.4663292253521127 0.10886150234741784 0.061179577464788734 0.2153755868544601 
0 0.016505281690140844 0.09330985915492958 0.032130281690140844 0.18544600938967137 
0 0.5294894366197183 0.1056338028169014 0.06073943661971831 0.21009389671361503 
0 0.7163292253521126 0.10651408450704225 0.05941901408450704 0.21185446009389672 
0 0.40360915492957744 0.10651408450704225 0.061619718309859156 0.21185446009389672 
0 0.5941901408450704 0.10710093896713616 0.058098591549295774 0.2130281690140845 
0 0.20642605633802816 0.0971244131455399 0.0625 0.19307511737089203 
0 0.02222711267605634 0.7379694835680751 0.04357394366197183 0.26115023474178406 
0 0.9564260563380281 0.4310446009389671 0.0801056338028169 0.27523474178403756 
0 0.06558098591549295 0.0971244131455399 0.06866197183098592 0.19307511737089203 
0 0.21192781690140844 0.9727112676056338 0.09463028169014084 0.06514084507042253 
0 0.9381602112676056 0.10827464788732394 0.053257042253521125 0.2153755868544601 
0 0.8774207746478874 0.11091549295774648 0.06205985915492958 0.22065727699530516 
0 0.6582306338028169 0.10710093896713616 0.053257042253521125 0.2106807511737089 
0 0.9848151408450704 0.7602699530516432 0.030369718309859156 0.23767605633802816 
0 0.426056338028169 0.7165492957746479 0.06602112676056338 0.20774647887323944 
0 0.34837147887323944 0.7136150234741784 0.07086267605633803 0.20539906103286384 
0 0.288512323943662 0.41519953051643194 0.08582746478873239 0.2857981220657277 
0 0.9304577464788732 0.75 0.06690140845070422 0.2335680751173709 
0 0.5919894366197183 0.755575117370892 0.07922535211267606 0.26936619718309857 
0 0.6817781690140845 0.7605633802816901 0.08274647887323944 0.27816901408450706 
0 0.6342429577464789 0.4278169014084507 0.0801056338028169 0.29107981220657275 
0 0.5101232394366197 0.755575117370892 0.08538732394366197 0.2658450704225352 
0 0.4595070422535211 0.42194835680751175 0.0801056338028169 0.2852112676056338 
0 0.37544014084507044 0.4163732394366197 0.08098591549295775 0.2869718309859155 
0 0.19674295774647887 0.4163732394366197 0.08626760563380281 0.2834507042253521 
0 0.5451144366197183 0.42282863849765256 0.08670774647887323 0.29870892018779344 
0 0.25462147887323944 0.7432511737089202 0.08670774647887323 0.27523474178403756 
0 0.8028169014084507 0.42488262910798125 0.07922535211267606 0.27582159624413144 
0 0.08604753521126761 0.36120892018779344 0.05765845070422535 0.2517605633802817 
0 0.1701144366197183 0.7312206572769953 0.07966549295774648 0.284037558685446 
0 0.7682658450704225 0.761443661971831 0.08494718309859155 0.272887323943662 
0 0.8481514084507042 0.766725352112676 0.08098591549295775 0.2658450704225352 
0 0.8752200704225352 0.4157863849765258 0.06382042253521127 0.2634976525821596 
0 0.09220950704225352 0.7174295774647887 0.06558098591549295 0.24002347417840375 
0 0.7196302816901409 0.4310446009389671 0.07658450704225352 0.2975352112676056 
