0 0.4069102112676056 0.2620305164319249 0.06910211267605634 0.2775821596244131 
0 0.7209507042253521 0.6473004694835681 0.061619718309859156 0.2793427230046948 
0 0.8923855633802817 0.6032863849765259 0.05941901408450704 0.2746478873239437 
0 0.9476232394366197 0.28843896713615025 0.07130281690140845 0.267018779342723 
0 0.8367077464788732 0.630575117370892 0.04841549295774648 0.25997652582159625 
0 0.6690140845070423 0.9237089201877934 0.08714788732394366 0.14553990610328638 
0 0.4793133802816901 0.9231220657276995 0.0818661971830986 0.15375586854460094 
0 0.2893926056338028 0.926349765258216 0.08142605633802817 0.14730046948356806 
0 0.5759242957746479 0.9248826291079812 0.09022887323943662 0.15023474178403756 
0 0.7607834507042254 0.9231220657276995 0.08670774647887323 0.1467136150234742 
0 0.9099911971830986 0.914612676056338 0.05237676056338028 0.15551643192488263 
0 0.21566901408450703 0.920774647887324 0.05985915492957746 0.15492957746478872 
0 0.8439700704225352 0.9219483568075117 0.08934859154929578 0.15258215962441316 
0 0.9691901408450704 0.9198943661971831 0.05193661971830986 0.15316901408450703 
0 0.4786531690140845 0.267018779342723 0.06470070422535211 0.2793427230046948 
0 0.3866637323943662 0.9234154929577465 0.08230633802816902 0.14964788732394366 
0 0.8047975352112676 0.28931924882629106 0.04973591549295775 0.2476525821596244 
0 0.1443661971830986 0.92018779342723 0.07042253521126761 0.1467136150234742 
0 0.33670774647887325 0.2567488262910798 0.06866197183098592 0.2881455399061033 
0 0.032130281690140844 0.24647887323943662 0.06338028169014084 0.29225352112676056 
0 0.518705985915493 0.6411384976525821 0.07262323943661972 0.2846244131455399 
0 0.5880281690140845 0.6443661971830986 0.06602112676056338 0.27816901408450706 
0 0.44608274647887325 0.6405516431924883 0.07174295774647887 0.2834507042253521 
0 0.6861795774647887 0.2717136150234742 0.06426056338028169 0.2699530516431925 
0 0.9581866197183099 0.6073943661971831 0.06514084507042253 0.27230046948356806 
0 0.3017165492957746 0.6393779342723005 0.07526408450704225 0.29518779342723006 
0 0.3752200704225352 0.6399647887323944 0.06734154929577464 0.2846244131455399 
0 0.07658450704225352 0.6255868544600939 0.07394366197183098 0.28169014084507044 
0 0.659330985915493 0.6431924882629108 0.06514084507042253 0.2746478873239437 
0 0.7898327464788732 0.6467136150234741 0.0682218309859155 0.27699530516431925 
0 0.5495158450704225 0.26965962441314556 0.06470070422535211 0.27406103286384975 
0 0.17891725352112675 0.25264084507042256 0.0664612676056338 0.29284037558685444 
0 0.2524207746478873 0.2596830985915493 0.0743838028169014 0.2881455399061033 
0 0.7552816901408451 0.2793427230046948 0.06514084507042253 0.2640845070422535 
0 0.15140845070422534 0.6373239436619719 0.07482394366197183 0.2992957746478873 
0 0.1036531690140845 0.2511737089201878 0.07350352112676056 0.29225352112676056 
0 0.6192781690140845 0.27230046948356806 0.06602112676056338 0.2687793427230047 
0 0.4069102112676056 0.2620305164319249 0.06910211267605634 0.2775821596244131 
0 0.7209507042253521 0.6473004694835681 0.061619718309859156 0.2793427230046948 
0 0.8923855633802817 0.6032863849765259 0.05941901408450704 0.2746478873239437 
0 0.9476232394366197 0.28843896713615025 0.07130281690140845 0.267018779342723 
0 0.8367077464788732 0.630575117370892 0.04841549295774648 0.25997652582159625 
0 0.6690140845070423 0.9237089201877934 0.08714788732394366 0.14553990610328638 
0 0.4793133802816901 0.9231220657276995 0.0818661971830986 0.15375586854460094 
0 0.2893926056338028 0.926349765258216 0.08142605633802817 0.14730046948356806 
0 0.5759242957746479 0.9248826291079812 0.09022887323943662 0.15023474178403756 
0 0.7607834507042254 0.9231220657276995 0.08670774647887323 0.1467136150234742 
0 0.9099911971830986 0.914612676056338 0.05237676056338028 0.15551643192488263 
0 0.21566901408450703 0.920774647887324 0.05985915492957746 0.15492957746478872 
0 0.8439700704225352 0.9219483568075117 0.08934859154929578 0.15258215962441316 
0 0.9691901408450704 0.9198943661971831 0.05193661971830986 0.15316901408450703 
0 0.4786531690140845 0.267018779342723 0.06470070422535211 0.2793427230046948 
0 0.3866637323943662 0.9234154929577465 0.08230633802816902 0.14964788732394366 
0 0.8047975352112676 0.28931924882629106 0.04973591549295775 0.2476525821596244 
0 0.1443661971830986 0.92018779342723 0.07042253521126761 0.1467136150234742 
0 0.33670774647887325 0.2567488262910798 0.06866197183098592 0.2881455399061033 
0 0.032130281690140844 0.24647887323943662 0.06338028169014084 0.29225352112676056 
0 0.518705985915493 0.6411384976525821 0.07262323943661972 0.2846244131455399 
0 0.5880281690140845 0.6443661971830986 0.06602112676056338 0.27816901408450706 
0 0.44608274647887325 0.6405516431924883 0.07174295774647887 0.2834507042253521 
0 0.6861795774647887 0.2717136150234742 0.06426056338028169 0.2699530516431925 
0 0.9581866197183099 0.6073943661971831 0.06514084507042253 0.27230046948356806 
0 0.3017165492957746 0.6393779342723005 0.07526408450704225 0.29518779342723006 
0 0.3752200704225352 0.6399647887323944 0.06734154929577464 0.2846244131455399 
0 0.07658450704225352 0.6255868544600939 0.07394366197183098 0.28169014084507044 
0 0.659330985915493 0.6431924882629108 0.06514084507042253 0.2746478873239437 
0 0.7898327464788732 0.6467136150234741 0.0682218309859155 0.27699530516431925 
0 0.5495158450704225 0.26965962441314556 0.06470070422535211 0.27406103286384975 
0 0.17891725352112675 0.25264084507042256 0.0664612676056338 0.29284037558685444 
0 0.2524207746478873 0.2596830985915493 0.0743838028169014 0.2881455399061033 
0 0.7552816901408451 0.2793427230046948 0.06514084507042253 0.2640845070422535 
0 0.15140845070422534 0.6373239436619719 0.07482394366197183 0.2992957746478873 
0 0.1036531690140845 0.2511737089201878 0.07350352112676056 0.29225352112676056 
0 0.6192781690140845 0.27230046948356806 0.06602112676056338 0.2687793427230047 
0 0.4069102112676056 0.2620305164319249 0.06910211267605634 0.2775821596244131 
0 0.7209507042253521 0.6473004694835681 0.061619718309859156 0.2793427230046948 
0 0.8923855633802817 0.6032863849765259 0.05941901408450704 0.2746478873239437 
0 0.9476232394366197 0.28843896713615025 0.07130281690140845 0.267018779342723 
0 0.8367077464788732 0.630575117370892 0.04841549295774648 0.25997652582159625 
0 0.6690140845070423 0.9237089201877934 0.08714788732394366 0.14553990610328638 
0 0.4793133802816901 0.9231220657276995 0.0818661971830986 0.15375586854460094 
0 0.2893926056338028 0.926349765258216 0.08142605633802817 0.14730046948356806 
0 0.5759242957746479 0.9248826291079812 0.09022887323943662 0.15023474178403756 
0 0.7607834507042254 0.9231220657276995 0.08670774647887323 0.1467136150234742 
0 0.9099911971830986 0.914612676056338 0.05237676056338028 0.15551643192488263 
0 0.21566901408450703 0.920774647887324 0.05985915492957746 0.15492957746478872 
0 0.8439700704225352 0.9219483568075117 0.08934859154929578 0.15258215962441316 
0 0.9691901408450704 0.9198943661971831 0.05193661971830986 0.15316901408450703 
0 0.4786531690140845 0.267018779342723 0.06470070422535211 0.2793427230046948 
0 0.3866637323943662 0.9234154929577465 0.08230633802816902 0.14964788732394366 
0 0.8047975352112676 0.28931924882629106 0.04973591549295775 0.2476525821596244 
0 0.1443661971830986 0.92018779342723 0.07042253521126761 0.1467136150234742 
0 0.33670774647887325 0.2567488262910798 0.06866197183098592 0.2881455399061033 
0 0.032130281690140844 0.24647887323943662 0.06338028169014084 0.29225352112676056 
0 0.518705985915493 0.6411384976525821 0.07262323943661972 0.2846244131455399 
0 0.5880281690140845 0.6443661971830986 0.06602112676056338 0.27816901408450706 
0 0.44608274647887325 0.6405516431924883 0.07174295774647887 0.2834507042253521 
0 0.6861795774647887 0.2717136150234742 0.06426056338028169 0.2699530516431925 
0 0.9581866197183099 0.6073943661971831 0.06514084507042253 0.27230046948356806 
0 0.3017165492957746 0.6393779342723005 0.07526408450704225 0.29518779342723006 
0 0.3752200704225352 0.6399647887323944 0.06734154929577464 0.2846244131455399 
0 0.07658450704225352 0.6255868544600939 0.07394366197183098 0.28169014084507044 
0 0.659330985915493 0.6431924882629108 0.06514084507042253 0.2746478873239437 
0 0.7898327464788732 0.6467136150234741 0.0682218309859155 0.27699530516431925 
0 0.5495158450704225 0.26965962441314556 0.06470070422535211 0.27406103286384975 
0 0.17891725352112675 0.25264084507042256 0.0664612676056338 0.29284037558685444 
0 0.2524207746478873 0.2596830985915493 0.0743838028169014 0.2881455399061033 
0 0.7552816901408451 0.2793427230046948 0.06514084507042253 0.2640845070422535 
0 0.15140845070422534 0.6373239436619719 0.07482394366197183 0.2992957746478873 
0 0.1036531690140845 0.2511737089201878 0.07350352112676056 0.29225352112676056 
0 0.6192781690140845 0.27230046948356806 0.06602112676056338 0.2687793427230047 
