0 0.8290052816901409 0.8855633802816901 0.07790492957746478 0.22887323943661972 
0 0.612455985915493 0.8811619718309859 0.07262323943661972 0.2282863849765258 
0 0.3829225352112676 0.8826291079812206 0.06954225352112677 0.22769953051643194 
0 0.8452904929577465 0.06572769953051644 0.0682218309859155 0.1255868544600939 
0 0.7808098591549296 0.061326291079812204 0.0528169014084507 0.11678403755868545 
0 0.6106954225352113 0.060152582159624414 0.05765845070422535 0.11561032863849766 
0 0.6696742957746479 0.0619131455399061 0.053257042253521125 0.11795774647887323 
0 0.4392605633802817 0.051056338028169015 0.0528169014084507 0.09976525821596244 
0 0.46016725352112675 0.8840962441314554 0.07350352112676056 0.22476525821596244 
0 0.9148327464788732 0.8421361502347418 0.05677816901408451 0.142018779342723 
0 0.09727112676056338 0.8597417840375586 0.07658450704225352 0.19718309859154928 
0 0.2636443661971831 0.051643192488262914 0.061619718309859156 0.09272300469483569 
0 0.17539612676056338 0.8623826291079812 0.0761443661971831 0.18838028169014084 
0 0.7493397887323944 0.8782276995305164 0.0743838028169014 0.2153755868544601 
0 0.24141725352112675 0.8623826291079812 0.05941901408450704 0.18838028169014084 
0 0.532350352112676 0.8673708920187794 0.0682218309859155 0.18427230046948356 
0 0.6742957746478874 0.8629694835680751 0.04841549295774648 0.1813380281690141 
0 0.022887323943661973 0.8902582159624414 0.0448943661971831 0.21244131455399062 
0 0.09286971830985916 0.04606807511737089 0.05985915492957746 0.09096244131455399 
0 0.15140845070422534 0.05017605633802817 0.05897887323943662 0.09565727699530517 
0 0.20576584507042253 0.05134976525821596 0.05677816901408451 0.09565727699530517 
0 0.981294014084507 0.6068075117370892 0.037411971830985914 0.24295774647887325 
0 0.5519366197183099 0.056338028169014086 0.056338028169014086 0.11150234741784038 
0 0.3107394366197183 0.8773474178403756 0.06954225352112677 0.2300469483568075 
0 0.4933978873239437 0.0539906103286385 0.04401408450704225 0.10328638497652583 
0 0.265625 0.5924295774647887 0.08494718309859155 0.2529342723004695 
0 0.45774647887323944 0.2990023474178404 0.04841549295774648 0.21889671361502347 
0 0.359375 0.28726525821596244 0.06205985915492958 0.23884976525821597 
0 0.2929137323943662 0.2887323943661972 0.05677816901408451 0.2300469483568075 
0 0.8602552816901409 0.6015258215962441 0.061179577464788734 0.23708920187793428 
0 0.929137323943662 0.5936032863849765 0.06954225352112677 0.2505868544600939 
0 0.9685299295774648 0.06308685446009389 0.06294014084507042 0.125 
0 0.1324823943661972 0.2811032863849765 0.08538732394366197 0.25704225352112675 
0 0.4253961267605634 0.5821596244131455 0.0664612676056338 0.2147887323943662 
0 0.5702024647887324 0.5868544600938967 0.06734154929577464 0.2323943661971831 
0 0.7011443661971831 0.5710093896713615 0.06514084507042253 0.22769953051643194 
0 0.21941021126760563 0.28374413145539906 0.08318661971830986 0.24002347417840375 
0 0.4982394366197183 0.5956572769953051 0.06514084507042253 0.22417840375586853 
0 0.3675176056338028 0.5616197183098591 0.051056338028169015 0.19014084507042253 
0 0.7827904929577465 0.6038732394366197 0.08494718309859155 0.2323943661971831 
0 0.04863556338028169 0.2708333333333333 0.08582746478873239 0.27523474178403756 
0 0.6327024647887324 0.5592723004694836 0.0488556338028169 0.19248826291079812 
0 0.5380721830985915 0.30428403755868544 0.09375 0.198943661971831 
0 0.9091109154929577 0.0619131455399061 0.05413732394366197 0.12147887323943662 
0 0.7262323943661971 0.06484741784037559 0.05545774647887324 0.12147887323943662 
0 0.1956426056338028 0.5619131455399061 0.050616197183098594 0.22124413145539906 
0 0.6205985915492958 0.30311032863849763 0.05721830985915493 0.2130281690140845 
0 0.9766725352112676 0.3268779342723005 0.05369718309859155 0.19718309859154928 
0 0.8631161971830986 0.31161971830985913 0.05985915492957746 0.22065727699530516 
0 0.9234154929577465 0.31778169014084506 0.05369718309859155 0.2153755868544601 
0 0.8032570422535211 0.31778169014084506 0.06778169014084508 0.2153755868544601 
0 0.6934419014084507 0.3104460093896714 0.0664612676056338 0.22300469483568075 
0 0.8290052816901409 0.8855633802816901 0.07790492957746478 0.22887323943661972 
0 0.612455985915493 0.8811619718309859 0.07262323943661972 0.2282863849765258 
0 0.3829225352112676 0.8826291079812206 0.06954225352112677 0.22769953051643194 
0 0.8452904929577465 0.06572769953051644 0.0682218309859155 0.1255868544600939 
0 0.7808098591549296 0.061326291079812204 0.0528169014084507 0.11678403755868545 
0 0.6106954225352113 0.060152582159624414 0.05765845070422535 0.11561032863849766 
0 0.6696742957746479 0.0619131455399061 0.053257042253521125 0.11795774647887323 
0 0.4392605633802817 0.051056338028169015 0.0528169014084507 0.09976525821596244 
0 0.46016725352112675 0.8840962441314554 0.07350352112676056 0.22476525821596244 
0 0.9148327464788732 0.8421361502347418 0.05677816901408451 0.142018779342723 
0 0.09727112676056338 0.8597417840375586 0.07658450704225352 0.19718309859154928 
0 0.2636443661971831 0.051643192488262914 0.061619718309859156 0.09272300469483569 
0 0.17539612676056338 0.8623826291079812 0.0761443661971831 0.18838028169014084 
0 0.7493397887323944 0.8782276995305164 0.0743838028169014 0.2153755868544601 
0 0.24141725352112675 0.8623826291079812 0.05941901408450704 0.18838028169014084 
0 0.532350352112676 0.8673708920187794 0.0682218309859155 0.18427230046948356 
0 0.6742957746478874 0.8629694835680751 0.04841549295774648 0.1813380281690141 
0 0.022887323943661973 0.8902582159624414 0.0448943661971831 0.21244131455399062 
0 0.09286971830985916 0.04606807511737089 0.05985915492957746 0.09096244131455399 
0 0.15140845070422534 0.05017605633802817 0.05897887323943662 0.09565727699530517 
0 0.20576584507042253 0.05134976525821596 0.05677816901408451 0.09565727699530517 
0 0.981294014084507 0.6068075117370892 0.037411971830985914 0.24295774647887325 
0 0.5519366197183099 0.056338028169014086 0.056338028169014086 0.11150234741784038 
0 0.3107394366197183 0.8773474178403756 0.06954225352112677 0.2300469483568075 
0 0.4933978873239437 0.0539906103286385 0.04401408450704225 0.10328638497652583 
0 0.265625 0.5924295774647887 0.08494718309859155 0.2529342723004695 
0 0.45774647887323944 0.2990023474178404 0.04841549295774648 0.21889671361502347 
0 0.359375 0.28726525821596244 0.06205985915492958 0.23884976525821597 
0 0.2929137323943662 0.2887323943661972 0.05677816901408451 0.2300469483568075 
0 0.8602552816901409 0.6015258215962441 0.061179577464788734 0.23708920187793428 
0 0.929137323943662 0.5936032863849765 0.06954225352112677 0.2505868544600939 
0 0.9685299295774648 0.06308685446009389 0.06294014084507042 0.125 
0 0.1324823943661972 0.2811032863849765 0.08538732394366197 0.25704225352112675 
0 0.4253961267605634 0.5821596244131455 0.0664612676056338 0.2147887323943662 
0 0.5702024647887324 0.5868544600938967 0.06734154929577464 0.2323943661971831 
0 0.7011443661971831 0.5710093896713615 0.06514084507042253 0.22769953051643194 
0 0.21941021126760563 0.28374413145539906 0.08318661971830986 0.24002347417840375 
0 0.4982394366197183 0.5956572769953051 0.06514084507042253 0.22417840375586853 
0 0.3675176056338028 0.5616197183098591 0.051056338028169015 0.19014084507042253 
0 0.7827904929577465 0.6038732394366197 0.08494718309859155 0.2323943661971831 
0 0.04863556338028169 0.2708333333333333 0.08582746478873239 0.27523474178403756 
0 0.6327024647887324 0.5592723004694836 0.0488556338028169 0.19248826291079812 
0 0.5380721830985915 0.30428403755868544 0.09375 0.198943661971831 
0 0.9091109154929577 0.0619131455399061 0.05413732394366197 0.12147887323943662 
0 0.7262323943661971 0.06484741784037559 0.05545774647887324 0.12147887323943662 
0 0.1956426056338028 0.5619131455399061 0.050616197183098594 0.22124413145539906 
0 0.6205985915492958 0.30311032863849763 0.05721830985915493 0.2130281690140845 
0 0.9766725352112676 0.3268779342723005 0.05369718309859155 0.19718309859154928 
0 0.8631161971830986 0.31161971830985913 0.05985915492957746 0.22065727699530516 
0 0.9234154929577465 0.31778169014084506 0.05369718309859155 0.2153755868544601 
0 0.8032570422535211 0.31778169014084506 0.06778169014084508 0.2153755868544601 
0 0.6934419014084507 0.3104460093896714 0.0664612676056338 0.22300469483568075 
0 0.8290052816901409 0.8855633802816901 0.07790492957746478 0.22887323943661972 
0 0.612455985915493 0.8811619718309859 0.07262323943661972 0.2282863849765258 
0 0.3829225352112676 0.8826291079812206 0.06954225352112677 0.22769953051643194 
0 0.8452904929577465 0.06572769953051644 0.0682218309859155 0.1255868544600939 
0 0.7808098591549296 0.061326291079812204 0.0528169014084507 0.11678403755868545 
0 0.6106954225352113 0.060152582159624414 0.05765845070422535 0.11561032863849766 
0 0.6696742957746479 0.0619131455399061 0.053257042253521125 0.11795774647887323 
0 0.4392605633802817 0.051056338028169015 0.0528169014084507 0.09976525821596244 
0 0.46016725352112675 0.8840962441314554 0.07350352112676056 0.22476525821596244 
0 0.9148327464788732 0.8421361502347418 0.05677816901408451 0.142018779342723 
0 0.09727112676056338 0.8597417840375586 0.07658450704225352 0.19718309859154928 
0 0.2636443661971831 0.051643192488262914 0.061619718309859156 0.09272300469483569 
0 0.17539612676056338 0.8623826291079812 0.0761443661971831 0.18838028169014084 
0 0.7493397887323944 0.8782276995305164 0.0743838028169014 0.2153755868544601 
0 0.24141725352112675 0.8623826291079812 0.05941901408450704 0.18838028169014084 
0 0.532350352112676 0.8673708920187794 0.0682218309859155 0.18427230046948356 
0 0.6742957746478874 0.8629694835680751 0.04841549295774648 0.1813380281690141 
0 0.022887323943661973 0.8902582159624414 0.0448943661971831 0.21244131455399062 
0 0.09286971830985916 0.04606807511737089 0.05985915492957746 0.09096244131455399 
0 0.15140845070422534 0.05017605633802817 0.05897887323943662 0.09565727699530517 
0 0.20576584507042253 0.05134976525821596 0.05677816901408451 0.09565727699530517 
0 0.981294014084507 0.6068075117370892 0.037411971830985914 0.24295774647887325 
0 0.5519366197183099 0.056338028169014086 0.056338028169014086 0.11150234741784038 
0 0.3107394366197183 0.8773474178403756 0.06954225352112677 0.2300469483568075 
0 0.4933978873239437 0.0539906103286385 0.04401408450704225 0.10328638497652583 
0 0.265625 0.5924295774647887 0.08494718309859155 0.2529342723004695 
0 0.45774647887323944 0.2990023474178404 0.04841549295774648 0.21889671361502347 
0 0.359375 0.28726525821596244 0.06205985915492958 0.23884976525821597 
0 0.2929137323943662 0.2887323943661972 0.05677816901408451 0.2300469483568075 
0 0.8602552816901409 0.6015258215962441 0.061179577464788734 0.23708920187793428 
0 0.929137323943662 0.5936032863849765 0.06954225352112677 0.2505868544600939 
0 0.9685299295774648 0.06308685446009389 0.06294014084507042 0.125 
0 0.1324823943661972 0.2811032863849765 0.08538732394366197 0.25704225352112675 
0 0.4253961267605634 0.5821596244131455 0.0664612676056338 0.2147887323943662 
0 0.5702024647887324 0.5868544600938967 0.06734154929577464 0.2323943661971831 
0 0.7011443661971831 0.5710093896713615 0.06514084507042253 0.22769953051643194 
0 0.21941021126760563 0.28374413145539906 0.08318661971830986 0.24002347417840375 
0 0.4982394366197183 0.5956572769953051 0.06514084507042253 0.22417840375586853 
0 0.3675176056338028 0.5616197183098591 0.051056338028169015 0.19014084507042253 
0 0.7827904929577465 0.6038732394366197 0.08494718309859155 0.2323943661971831 
0 0.04863556338028169 0.2708333333333333 0.08582746478873239 0.27523474178403756 
0 0.6327024647887324 0.5592723004694836 0.0488556338028169 0.19248826291079812 
0 0.5380721830985915 0.30428403755868544 0.09375 0.198943661971831 
0 0.9091109154929577 0.0619131455399061 0.05413732394366197 0.12147887323943662 
0 0.7262323943661971 0.06484741784037559 0.05545774647887324 0.12147887323943662 
0 0.1956426056338028 0.5619131455399061 0.050616197183098594 0.22124413145539906 
0 0.6205985915492958 0.30311032863849763 0.05721830985915493 0.2130281690140845 
0 0.9766725352112676 0.3268779342723005 0.05369718309859155 0.19718309859154928 
0 0.8631161971830986 0.31161971830985913 0.05985915492957746 0.22065727699530516 
0 0.9234154929577465 0.31778169014084506 0.05369718309859155 0.2153755868544601 
0 0.8032570422535211 0.31778169014084506 0.06778169014084508 0.2153755868544601 
0 0.6934419014084507 0.3104460093896714 0.0664612676056338 0.22300469483568075 
