0 0.4850352112676056 0.9636150234741784 0.07834507042253522 0.06455399061032864 
0 0.924955985915493 0.7992957746478874 0.09286971830985916 0.1467136150234742 
0 0.13578345070422534 0.3970070422535211 0.06998239436619719 0.15199530516431925 
0 0.020246478873239437 0.5803990610328639 0.03961267605633803 0.12793427230046947 
0 0.7948943661971831 0.1414319248826291 0.11443661971830986 0.12793427230046947 
0 0.06800176056338028 0.5765845070422535 0.06294014084507042 0.12617370892018778 
0 0.2207306338028169 0.3961267605633803 0.1113556338028169 0.1467136150234742 
0 0.2733274647887324 0.5880281690140845 0.07482394366197183 0.13497652582159625 
0 0.34837147887323944 0.5762910798122066 0.08318661971830986 0.14084507042253522 
0 0.06360035211267606 0.39465962441314556 0.06734154929577464 0.1437793427230047 
0 0.7447183098591549 0.8075117370892019 0.08714788732394366 0.14553990610328638 
0 0.3941461267605634 0.9703638497652582 0.09463028169014084 0.06279342723004695 
0 0.6465669014084507 0.9653755868544601 0.0818661971830986 0.06924882629107981 
0 0.06227992957746479 0.7769953051643192 0.07086267605633803 0.16314553990610328 
0 0.29797535211267606 0.9498239436619719 0.07570422535211267 0.09565727699530517 
0 0.22777288732394366 0.9533450704225352 0.05677816901408451 0.09330985915492958 
0 0.09815140845070422 0.948943661971831 0.05721830985915493 0.09389671361502347 
0 0.040492957746478875 0.948943661971831 0.0625 0.09976525821596244 
0 0.7323943661971831 0.9636150234741784 0.07746478873239436 0.07276995305164319 
0 0.8158010563380281 0.9627347417840375 0.08846830985915492 0.07453051643192488 
0 0.9027288732394366 0.9650821596244131 0.07746478873239436 0.0698356807511737 
0 0.5972711267605634 0.159037558685446 0.0977112676056338 0.12206572769953052 
0 0.9700704225352113 0.9589201877934272 0.05985915492957746 0.08098591549295775 
0 0.5686619718309859 0.9647887323943662 0.07570422535211267 0.07042253521126761 
0 0.1637323943661972 0.9492370892018779 0.06690140845070422 0.09683098591549295 
0 0.9016285211267606 0.5771713615023474 0.08142605633802817 0.13321596244131456 
0 0.19784330985915494 0.5809859154929577 0.06470070422535211 0.14084507042253522 
0 0.719850352112676 0.36971830985915494 0.09463028169014084 0.15258215962441316 
0 0.8180017605633803 0.3703051643192488 0.09463028169014084 0.15140845070422534 
0 0.13710387323943662 0.7790492957746479 0.06205985915492958 0.16490610328638497 
0 0.6914612676056338 0.15404929577464788 0.09066901408450705 0.12617370892018778 
0 0.5310299295774648 0.5786384976525821 0.09198943661971831 0.14553990610328638 
0 0.5360915492957746 0.37089201877934275 0.09507042253521127 0.15023474178403756 
0 0.660431338028169 0.7963615023474179 0.08318661971830986 0.17018779342723006 
0 0.2951144366197183 0.7813967136150235 0.0840669014084507 0.1637323943661972 
0 0.5759242957746479 0.7904929577464789 0.0840669014084507 0.18192488262910797 
0 0.4907570422535211 0.7866784037558685 0.08274647887323944 0.18603286384976525 
0 0.5055017605633803 0.1619718309859155 0.08846830985915492 0.13615023474178403 
0 0.6212588028169014 0.5815727699530516 0.08494718309859155 0.142018779342723 
0 0.43441901408450706 0.5803990610328639 0.09595070422535211 0.1396713615023474 
0 0.1307218309859155 0.57981220657277 0.06514084507042253 0.13262910798122066 
0 0.4465228873239437 0.38380281690140844 0.07790492957746478 0.1596244131455399 
0 0.20840669014084506 0.7802230046948356 0.0682218309859155 0.16725352112676056 
0 0.41307218309859156 0.16343896713615025 0.09903169014084508 0.1426056338028169 
0 0.8349471830985915 0.795774647887324 0.08890845070422536 0.16901408450704225 
0 0.3591549295774648 0.37470657276995306 0.0880281690140845 0.1602112676056338 
0 0.7053257042253521 0.5806924882629108 0.07790492957746478 0.13791079812206572 
0 0.8034771126760564 0.5757042253521126 0.11223591549295775 0.13615023474178403 
0 0.40250880281690143 0.7913732394366197 0.09375 0.18368544600938966 
0 0.6278609154929577 0.37177230046948356 0.08494718309859155 0.1602112676056338 
0 0.4850352112676056 0.9636150234741784 0.07834507042253522 0.06455399061032864 
0 0.924955985915493 0.7992957746478874 0.09286971830985916 0.1467136150234742 
0 0.13578345070422534 0.3970070422535211 0.06998239436619719 0.15199530516431925 
0 0.020246478873239437 0.5803990610328639 0.03961267605633803 0.12793427230046947 
0 0.7948943661971831 0.1414319248826291 0.11443661971830986 0.12793427230046947 
0 0.06800176056338028 0.5765845070422535 0.06294014084507042 0.12617370892018778 
0 0.2207306338028169 0.3961267605633803 0.1113556338028169 0.1467136150234742 
0 0.2733274647887324 0.5880281690140845 0.07482394366197183 0.13497652582159625 
0 0.34837147887323944 0.5762910798122066 0.08318661971830986 0.14084507042253522 
0 0.06360035211267606 0.39465962441314556 0.06734154929577464 0.1437793427230047 
0 0.7447183098591549 0.8075117370892019 0.08714788732394366 0.14553990610328638 
0 0.3941461267605634 0.9703638497652582 0.09463028169014084 0.06279342723004695 
0 0.6465669014084507 0.9653755868544601 0.0818661971830986 0.06924882629107981 
0 0.06227992957746479 0.7769953051643192 0.07086267605633803 0.16314553990610328 
0 0.29797535211267606 0.9498239436619719 0.07570422535211267 0.09565727699530517 
0 0.22777288732394366 0.9533450704225352 0.05677816901408451 0.09330985915492958 
0 0.09815140845070422 0.948943661971831 0.05721830985915493 0.09389671361502347 
0 0.040492957746478875 0.948943661971831 0.0625 0.09976525821596244 
0 0.7323943661971831 0.9636150234741784 0.07746478873239436 0.07276995305164319 
0 0.8158010563380281 0.9627347417840375 0.08846830985915492 0.07453051643192488 
0 0.9027288732394366 0.9650821596244131 0.07746478873239436 0.0698356807511737 
0 0.5972711267605634 0.159037558685446 0.0977112676056338 0.12206572769953052 
0 0.9700704225352113 0.9589201877934272 0.05985915492957746 0.08098591549295775 
0 0.5686619718309859 0.9647887323943662 0.07570422535211267 0.07042253521126761 
0 0.1637323943661972 0.9492370892018779 0.06690140845070422 0.09683098591549295 
0 0.9016285211267606 0.5771713615023474 0.08142605633802817 0.13321596244131456 
0 0.19784330985915494 0.5809859154929577 0.06470070422535211 0.14084507042253522 
0 0.719850352112676 0.36971830985915494 0.09463028169014084 0.15258215962441316 
0 0.8180017605633803 0.3703051643192488 0.09463028169014084 0.15140845070422534 
0 0.13710387323943662 0.7790492957746479 0.06205985915492958 0.16490610328638497 
0 0.6914612676056338 0.15404929577464788 0.09066901408450705 0.12617370892018778 
0 0.5310299295774648 0.5786384976525821 0.09198943661971831 0.14553990610328638 
0 0.5360915492957746 0.37089201877934275 0.09507042253521127 0.15023474178403756 
0 0.660431338028169 0.7963615023474179 0.08318661971830986 0.17018779342723006 
0 0.2951144366197183 0.7813967136150235 0.0840669014084507 0.1637323943661972 
0 0.5759242957746479 0.7904929577464789 0.0840669014084507 0.18192488262910797 
0 0.4907570422535211 0.7866784037558685 0.08274647887323944 0.18603286384976525 
0 0.5055017605633803 0.1619718309859155 0.08846830985915492 0.13615023474178403 
0 0.6212588028169014 0.5815727699530516 0.08494718309859155 0.142018779342723 
0 0.43441901408450706 0.5803990610328639 0.09595070422535211 0.1396713615023474 
0 0.1307218309859155 0.57981220657277 0.06514084507042253 0.13262910798122066 
0 0.4465228873239437 0.38380281690140844 0.07790492957746478 0.1596244131455399 
0 0.20840669014084506 0.7802230046948356 0.0682218309859155 0.16725352112676056 
0 0.41307218309859156 0.16343896713615025 0.09903169014084508 0.1426056338028169 
0 0.8349471830985915 0.795774647887324 0.08890845070422536 0.16901408450704225 
0 0.3591549295774648 0.37470657276995306 0.0880281690140845 0.1602112676056338 
0 0.7053257042253521 0.5806924882629108 0.07790492957746478 0.13791079812206572 
0 0.8034771126760564 0.5757042253521126 0.11223591549295775 0.13615023474178403 
0 0.40250880281690143 0.7913732394366197 0.09375 0.18368544600938966 
0 0.6278609154929577 0.37177230046948356 0.08494718309859155 0.1602112676056338 
0 0.4850352112676056 0.9636150234741784 0.07834507042253522 0.06455399061032864 
0 0.924955985915493 0.7992957746478874 0.09286971830985916 0.1467136150234742 
0 0.13578345070422534 0.3970070422535211 0.06998239436619719 0.15199530516431925 
0 0.020246478873239437 0.5803990610328639 0.03961267605633803 0.12793427230046947 
0 0.7948943661971831 0.1414319248826291 0.11443661971830986 0.12793427230046947 
0 0.06800176056338028 0.5765845070422535 0.06294014084507042 0.12617370892018778 
0 0.2207306338028169 0.3961267605633803 0.1113556338028169 0.1467136150234742 
0 0.2733274647887324 0.5880281690140845 0.07482394366197183 0.13497652582159625 
0 0.34837147887323944 0.5762910798122066 0.08318661971830986 0.14084507042253522 
0 0.06360035211267606 0.39465962441314556 0.06734154929577464 0.1437793427230047 
0 0.7447183098591549 0.8075117370892019 0.08714788732394366 0.14553990610328638 
0 0.3941461267605634 0.9703638497652582 0.09463028169014084 0.06279342723004695 
0 0.6465669014084507 0.9653755868544601 0.0818661971830986 0.06924882629107981 
0 0.06227992957746479 0.7769953051643192 0.07086267605633803 0.16314553990610328 
0 0.29797535211267606 0.9498239436619719 0.07570422535211267 0.09565727699530517 
0 0.22777288732394366 0.9533450704225352 0.05677816901408451 0.09330985915492958 
0 0.09815140845070422 0.948943661971831 0.05721830985915493 0.09389671361502347 
0 0.040492957746478875 0.948943661971831 0.0625 0.09976525821596244 
0 0.7323943661971831 0.9636150234741784 0.07746478873239436 0.07276995305164319 
0 0.8158010563380281 0.9627347417840375 0.08846830985915492 0.07453051643192488 
0 0.9027288732394366 0.9650821596244131 0.07746478873239436 0.0698356807511737 
0 0.5972711267605634 0.159037558685446 0.0977112676056338 0.12206572769953052 
0 0.9700704225352113 0.9589201877934272 0.05985915492957746 0.08098591549295775 
0 0.5686619718309859 0.9647887323943662 0.07570422535211267 0.07042253521126761 
0 0.1637323943661972 0.9492370892018779 0.06690140845070422 0.09683098591549295 
0 0.9016285211267606 0.5771713615023474 0.08142605633802817 0.13321596244131456 
0 0.19784330985915494 0.5809859154929577 0.06470070422535211 0.14084507042253522 
0 0.719850352112676 0.36971830985915494 0.09463028169014084 0.15258215962441316 
0 0.8180017605633803 0.3703051643192488 0.09463028169014084 0.15140845070422534 
0 0.13710387323943662 0.7790492957746479 0.06205985915492958 0.16490610328638497 
0 0.6914612676056338 0.15404929577464788 0.09066901408450705 0.12617370892018778 
0 0.5310299295774648 0.5786384976525821 0.09198943661971831 0.14553990610328638 
0 0.5360915492957746 0.37089201877934275 0.09507042253521127 0.15023474178403756 
0 0.660431338028169 0.7963615023474179 0.08318661971830986 0.17018779342723006 
0 0.2951144366197183 0.7813967136150235 0.0840669014084507 0.1637323943661972 
0 0.5759242957746479 0.7904929577464789 0.0840669014084507 0.18192488262910797 
0 0.4907570422535211 0.7866784037558685 0.08274647887323944 0.18603286384976525 
0 0.5055017605633803 0.1619718309859155 0.08846830985915492 0.13615023474178403 
0 0.6212588028169014 0.5815727699530516 0.08494718309859155 0.142018779342723 
0 0.43441901408450706 0.5803990610328639 0.09595070422535211 0.1396713615023474 
0 0.1307218309859155 0.57981220657277 0.06514084507042253 0.13262910798122066 
0 0.4465228873239437 0.38380281690140844 0.07790492957746478 0.1596244131455399 
0 0.20840669014084506 0.7802230046948356 0.0682218309859155 0.16725352112676056 
0 0.41307218309859156 0.16343896713615025 0.09903169014084508 0.1426056338028169 
0 0.8349471830985915 0.795774647887324 0.08890845070422536 0.16901408450704225 
0 0.3591549295774648 0.37470657276995306 0.0880281690140845 0.1602112676056338 
0 0.7053257042253521 0.5806924882629108 0.07790492957746478 0.13791079812206572 
0 0.8034771126760564 0.5757042253521126 0.11223591549295775 0.13615023474178403 
0 0.40250880281690143 0.7913732394366197 0.09375 0.18368544600938966 
0 0.6278609154929577 0.37177230046948356 0.08494718309859155 0.1602112676056338 
