0 0.9553257042253521 0.6971830985915493 0.08934859154929578 0.3673708920187793 
0 0.2634242957746479 0.22359154929577466 0.08054577464788733 0.36032863849765256 
0 0.07922535211267606 0.21566901408450703 0.08538732394366197 0.37265258215962443 
0 0.5017605633802817 0.29313380281690143 0.08538732394366197 0.2517605633802817 
0 0.8386883802816901 0.7118544600938967 0.1324823943661972 0.41784037558685444 
0 0.9795334507042254 0.24559859154929578 0.0409330985915493 0.38438967136150237 
0 0.1639524647887324 0.29518779342723006 0.09639084507042253 0.2511737089201878 
0 0.9106514084507042 0.238556338028169 0.09066901408450705 0.4043427230046948 
0 0.06580105633802817 0.7227112676056338 0.1307218309859155 0.4125586854460094 
0 0.813600352112676 0.23444835680751175 0.10519366197183098 0.3914319248826291 
0 0.5904489436619719 0.6437793427230047 0.09110915492957747 0.27699530516431925 
0 0.3554137323943662 0.2197769953051643 0.08846830985915492 0.3550469483568075 
0 0.7095070422535211 0.3039906103286385 0.09154929577464789 0.2640845070422535 
0 0.4665492957746479 0.6901408450704225 0.12147887323943662 0.36971830985915494 
0 0.7035651408450704 0.681631455399061 0.11487676056338028 0.3644366197183099 
0 0.1875 0.7200704225352113 0.10827464788732394 0.41431924882629106 
0 0.6139964788732394 0.30134976525821594 0.09683098591549295 0.25997652582159625 
0 0.3217429577464789 0.7282863849765259 0.1443661971830986 0.426056338028169 
0 0.9553257042253521 0.6971830985915493 0.08934859154929578 0.3673708920187793 
0 0.2634242957746479 0.22359154929577466 0.08054577464788733 0.36032863849765256 
0 0.07922535211267606 0.21566901408450703 0.08538732394366197 0.37265258215962443 
0 0.5017605633802817 0.29313380281690143 0.08538732394366197 0.2517605633802817 
0 0.8386883802816901 0.7118544600938967 0.1324823943661972 0.41784037558685444 
0 0.9795334507042254 0.24559859154929578 0.0409330985915493 0.38438967136150237 
0 0.1639524647887324 0.29518779342723006 0.09639084507042253 0.2511737089201878 
0 0.9106514084507042 0.238556338028169 0.09066901408450705 0.4043427230046948 
0 0.06580105633802817 0.7227112676056338 0.1307218309859155 0.4125586854460094 
0 0.813600352112676 0.23444835680751175 0.10519366197183098 0.3914319248826291 
0 0.5904489436619719 0.6437793427230047 0.09110915492957747 0.27699530516431925 
0 0.3554137323943662 0.2197769953051643 0.08846830985915492 0.3550469483568075 
0 0.7095070422535211 0.3039906103286385 0.09154929577464789 0.2640845070422535 
0 0.4665492957746479 0.6901408450704225 0.12147887323943662 0.36971830985915494 
0 0.7035651408450704 0.681631455399061 0.11487676056338028 0.3644366197183099 
0 0.1875 0.7200704225352113 0.10827464788732394 0.41431924882629106 
0 0.6139964788732394 0.30134976525821594 0.09683098591549295 0.25997652582159625 
0 0.3217429577464789 0.7282863849765259 0.1443661971830986 0.426056338028169 
0 0.9553257042253521 0.6971830985915493 0.08934859154929578 0.3673708920187793 
0 0.2634242957746479 0.22359154929577466 0.08054577464788733 0.36032863849765256 
0 0.07922535211267606 0.21566901408450703 0.08538732394366197 0.37265258215962443 
0 0.5017605633802817 0.29313380281690143 0.08538732394366197 0.2517605633802817 
0 0.8386883802816901 0.7118544600938967 0.1324823943661972 0.41784037558685444 
0 0.9795334507042254 0.24559859154929578 0.0409330985915493 0.38438967136150237 
0 0.1639524647887324 0.29518779342723006 0.09639084507042253 0.2511737089201878 
0 0.9106514084507042 0.238556338028169 0.09066901408450705 0.4043427230046948 
0 0.06580105633802817 0.7227112676056338 0.1307218309859155 0.4125586854460094 
0 0.813600352112676 0.23444835680751175 0.10519366197183098 0.3914319248826291 
0 0.5904489436619719 0.6437793427230047 0.09110915492957747 0.27699530516431925 
0 0.3554137323943662 0.2197769953051643 0.08846830985915492 0.3550469483568075 
0 0.7095070422535211 0.3039906103286385 0.09154929577464789 0.2640845070422535 
0 0.4665492957746479 0.6901408450704225 0.12147887323943662 0.36971830985915494 
0 0.7035651408450704 0.681631455399061 0.11487676056338028 0.3644366197183099 
0 0.1875 0.7200704225352113 0.10827464788732394 0.41431924882629106 
0 0.6139964788732394 0.30134976525821594 0.09683098591549295 0.25997652582159625 
0 0.3217429577464789 0.7282863849765259 0.1443661971830986 0.426056338028169 
