0 0.24845950704225353 0.05780516431924883 0.07086267605633803 0.11091549295774648 
0 0.938600352112676 0.4137323943661972 0.09463028169014084 0.29107981220657275 
0 0.9524647887323944 0.8086854460093896 0.09507042253521127 0.2711267605633803 
0 0.15845070422535212 0.060152582159624414 0.08626760563380281 0.11913145539906103 
0 0.3226232394366197 0.06748826291079812 0.08450704225352113 0.13145539906103287 
0 0.8543133802816901 0.8086854460093896 0.10475352112676056 0.2828638497652582 
0 0.9474031690140845 0.09536384976525822 0.09375 0.18955399061032863 
0 0.8620158450704225 0.08333333333333333 0.0743838028169014 0.16549295774647887 
0 0.6058538732394366 0.7397300469483568 0.06470070422535211 0.15551643192488263 
0 0.0724031690140845 0.05927230046948357 0.08318661971830986 0.11737089201877934 
0 0.03895246478873239 0.8283450704225352 0.07350352112676056 0.24119718309859156 
0 0.835387323943662 0.43133802816901406 0.10827464788732394 0.33098591549295775 
0 0.12764084507042253 0.8001760563380281 0.11091549295774648 0.2916666666666667 
0 0.6897007042253521 0.7476525821596244 0.08714788732394366 0.15140845070422534 
0 0.2425176056338028 0.7634976525821596 0.09419014084507042 0.21948356807511737 
0 0.6835387323943662 0.3788145539906103 0.09683098591549295 0.27523474178403756 
0 0.273987676056338 0.3852699530516432 0.11399647887323944 0.33392018779342725 
0 0.3831426056338028 0.36795774647887325 0.09110915492957747 0.2934272300469484 
0 0.49735915492957744 0.42194835680751175 0.10475352112676056 0.34624413145539906 
0 0.43067781690140844 0.7948943661971831 0.09110915492957747 0.2517605633802817 
0 0.5908890845070423 0.3779342723004695 0.08318661971830986 0.2805164319248826 
0 0.3373679577464789 0.7693661971830986 0.08758802816901408 0.21713615023474178 
0 0.5248679577464789 0.8036971830985915 0.09463028169014084 0.27523474178403756 
0 0.1857394366197183 0.36238262910798125 0.06954225352112677 0.28931924882629106 
0 0.07878521126760564 0.37353286384976525 0.10827464788732394 0.335093896713615 
0 0.24845950704225353 0.05780516431924883 0.07086267605633803 0.11091549295774648 
0 0.938600352112676 0.4137323943661972 0.09463028169014084 0.29107981220657275 
0 0.9524647887323944 0.8086854460093896 0.09507042253521127 0.2711267605633803 
0 0.15845070422535212 0.060152582159624414 0.08626760563380281 0.11913145539906103 
0 0.3226232394366197 0.06748826291079812 0.08450704225352113 0.13145539906103287 
0 0.8543133802816901 0.8086854460093896 0.10475352112676056 0.2828638497652582 
0 0.9474031690140845 0.09536384976525822 0.09375 0.18955399061032863 
0 0.8620158450704225 0.08333333333333333 0.0743838028169014 0.16549295774647887 
0 0.6058538732394366 0.7397300469483568 0.06470070422535211 0.15551643192488263 
0 0.0724031690140845 0.05927230046948357 0.08318661971830986 0.11737089201877934 
0 0.03895246478873239 0.8283450704225352 0.07350352112676056 0.24119718309859156 
0 0.835387323943662 0.43133802816901406 0.10827464788732394 0.33098591549295775 
0 0.12764084507042253 0.8001760563380281 0.11091549295774648 0.2916666666666667 
0 0.6897007042253521 0.7476525821596244 0.08714788732394366 0.15140845070422534 
0 0.2425176056338028 0.7634976525821596 0.09419014084507042 0.21948356807511737 
0 0.6835387323943662 0.3788145539906103 0.09683098591549295 0.27523474178403756 
0 0.273987676056338 0.3852699530516432 0.11399647887323944 0.33392018779342725 
0 0.3831426056338028 0.36795774647887325 0.09110915492957747 0.2934272300469484 
0 0.49735915492957744 0.42194835680751175 0.10475352112676056 0.34624413145539906 
0 0.43067781690140844 0.7948943661971831 0.09110915492957747 0.2517605633802817 
0 0.5908890845070423 0.3779342723004695 0.08318661971830986 0.2805164319248826 
0 0.3373679577464789 0.7693661971830986 0.08758802816901408 0.21713615023474178 
0 0.5248679577464789 0.8036971830985915 0.09463028169014084 0.27523474178403756 
0 0.1857394366197183 0.36238262910798125 0.06954225352112677 0.28931924882629106 
0 0.07878521126760564 0.37353286384976525 0.10827464788732394 0.335093896713615 
0 0.24845950704225353 0.05780516431924883 0.07086267605633803 0.11091549295774648 
0 0.938600352112676 0.4137323943661972 0.09463028169014084 0.29107981220657275 
0 0.9524647887323944 0.8086854460093896 0.09507042253521127 0.2711267605633803 
0 0.15845070422535212 0.060152582159624414 0.08626760563380281 0.11913145539906103 
0 0.3226232394366197 0.06748826291079812 0.08450704225352113 0.13145539906103287 
0 0.8543133802816901 0.8086854460093896 0.10475352112676056 0.2828638497652582 
0 0.9474031690140845 0.09536384976525822 0.09375 0.18955399061032863 
0 0.8620158450704225 0.08333333333333333 0.0743838028169014 0.16549295774647887 
0 0.6058538732394366 0.7397300469483568 0.06470070422535211 0.15551643192488263 
0 0.0724031690140845 0.05927230046948357 0.08318661971830986 0.11737089201877934 
0 0.03895246478873239 0.8283450704225352 0.07350352112676056 0.24119718309859156 
0 0.835387323943662 0.43133802816901406 0.10827464788732394 0.33098591549295775 
0 0.12764084507042253 0.8001760563380281 0.11091549295774648 0.2916666666666667 
0 0.6897007042253521 0.7476525821596244 0.08714788732394366 0.15140845070422534 
0 0.2425176056338028 0.7634976525821596 0.09419014084507042 0.21948356807511737 
0 0.6835387323943662 0.3788145539906103 0.09683098591549295 0.27523474178403756 
0 0.273987676056338 0.3852699530516432 0.11399647887323944 0.33392018779342725 
0 0.3831426056338028 0.36795774647887325 0.09110915492957747 0.2934272300469484 
0 0.49735915492957744 0.42194835680751175 0.10475352112676056 0.34624413145539906 
0 0.43067781690140844 0.7948943661971831 0.09110915492957747 0.2517605633802817 
0 0.5908890845070423 0.3779342723004695 0.08318661971830986 0.2805164319248826 
0 0.3373679577464789 0.7693661971830986 0.08758802816901408 0.21713615023474178 
0 0.5248679577464789 0.8036971830985915 0.09463028169014084 0.27523474178403756 
0 0.1857394366197183 0.36238262910798125 0.06954225352112677 0.28931924882629106 
0 0.07878521126760564 0.37353286384976525 0.10827464788732394 0.335093896713615 
