0 0.772887323943662 0.8541666666666666 0.06338028169014084 0.1789906103286385 
0 0.9749119718309859 0.22799295774647887 0.04753521126760563 0.2517605633802817 
0 0.203125 0.8779342723004695 0.07702464788732394 0.22769953051643194 
0 0.3767605633802817 0.8782276995305164 0.05545774647887324 0.2282863849765258 
0 0.2920334507042254 0.8817488262910798 0.05677816901408451 0.21889671361502347 
0 0.11575704225352113 0.874706572769953 0.07042253521126761 0.2306338028169014 
0 0.03609154929577465 0.8732394366197183 0.0625 0.24061032863849766 
0 0.5481954225352113 0.8846830985915493 0.06382042253521127 0.22007042253521128 
0 0.6335827464788732 0.8794014084507042 0.08054577464788733 0.22711267605633803 
0 0.707306338028169 0.8526995305164319 0.058098591549295774 0.18779342723004694 
0 0.9445422535211268 0.8735328638497653 0.09242957746478873 0.2306338028169014 
0 0.8516725352112676 0.8506455399061033 0.05721830985915493 0.18720657276995306 
0 0.9306778169014085 0.5639671361502347 0.09727112676056338 0.25938967136150237 
0 0.4606073943661972 0.8799882629107981 0.05501760563380282 0.22241784037558684 
0 0.03609154929577465 0.23386150234741784 0.05193661971830986 0.17312206572769953 
0 0.19718309859154928 0.19336854460093897 0.07482394366197183 0.27875586854460094 
0 0.9220950704225352 0.21830985915492956 0.07658450704225352 0.2676056338028169 
0 0.04467429577464789 0.5446009389671361 0.08846830985915492 0.2664319248826291 
0 0.7409771126760564 0.215962441314554 0.0840669014084507 0.2676056338028169 
0 0.38600352112676056 0.19454225352112675 0.08890845070422536 0.2822769953051643 
0 0.09507042253521127 0.23210093896713616 0.06954225352112677 0.1742957746478873 
0 0.336487676056338 0.5137910798122066 0.055897887323943664 0.23415492957746478 
0 0.152068661971831 0.5302230046948356 0.08230633802816902 0.2717136150234742 
0 0.24647887323943662 0.5269953051643192 0.08450704225352113 0.24295774647887325 
0 0.29401408450704225 0.20041079812206572 0.09154929577464789 0.2822769953051643 
0 0.4795334507042254 0.2027582159624413 0.07702464788732394 0.2658450704225352 
0 0.8362676056338029 0.21449530516431925 0.07746478873239436 0.25997652582159625 
0 0.4980193661971831 0.5252347417840375 0.07966549295774648 0.25938967136150237 
0 0.4159330985915493 0.5217136150234741 0.07570422535211267 0.2323943661971831 
0 0.7876320422535211 0.522887323943662 0.08582746478873239 0.2147887323943662 
0 0.6503080985915493 0.20129107981220656 0.06205985915492958 0.2605633802816901 
0 0.5702024647887324 0.2039319248826291 0.08494718309859155 0.267018779342723 
0 0.772887323943662 0.8541666666666666 0.06338028169014084 0.1789906103286385 
0 0.9749119718309859 0.22799295774647887 0.04753521126760563 0.2517605633802817 
0 0.203125 0.8779342723004695 0.07702464788732394 0.22769953051643194 
0 0.3767605633802817 0.8782276995305164 0.05545774647887324 0.2282863849765258 
0 0.2920334507042254 0.8817488262910798 0.05677816901408451 0.21889671361502347 
0 0.11575704225352113 0.874706572769953 0.07042253521126761 0.2306338028169014 
0 0.03609154929577465 0.8732394366197183 0.0625 0.24061032863849766 
0 0.5481954225352113 0.8846830985915493 0.06382042253521127 0.22007042253521128 
0 0.6335827464788732 0.8794014084507042 0.08054577464788733 0.22711267605633803 
0 0.707306338028169 0.8526995305164319 0.058098591549295774 0.18779342723004694 
0 0.9445422535211268 0.8735328638497653 0.09242957746478873 0.2306338028169014 
0 0.8516725352112676 0.8506455399061033 0.05721830985915493 0.18720657276995306 
0 0.9306778169014085 0.5639671361502347 0.09727112676056338 0.25938967136150237 
0 0.4606073943661972 0.8799882629107981 0.05501760563380282 0.22241784037558684 
0 0.03609154929577465 0.23386150234741784 0.05193661971830986 0.17312206572769953 
0 0.19718309859154928 0.19336854460093897 0.07482394366197183 0.27875586854460094 
0 0.9220950704225352 0.21830985915492956 0.07658450704225352 0.2676056338028169 
0 0.04467429577464789 0.5446009389671361 0.08846830985915492 0.2664319248826291 
0 0.7409771126760564 0.215962441314554 0.0840669014084507 0.2676056338028169 
0 0.38600352112676056 0.19454225352112675 0.08890845070422536 0.2822769953051643 
0 0.09507042253521127 0.23210093896713616 0.06954225352112677 0.1742957746478873 
0 0.336487676056338 0.5137910798122066 0.055897887323943664 0.23415492957746478 
0 0.152068661971831 0.5302230046948356 0.08230633802816902 0.2717136150234742 
0 0.24647887323943662 0.5269953051643192 0.08450704225352113 0.24295774647887325 
0 0.29401408450704225 0.20041079812206572 0.09154929577464789 0.2822769953051643 
0 0.4795334507042254 0.2027582159624413 0.07702464788732394 0.2658450704225352 
0 0.8362676056338029 0.21449530516431925 0.07746478873239436 0.25997652582159625 
0 0.4980193661971831 0.5252347417840375 0.07966549295774648 0.25938967136150237 
0 0.4159330985915493 0.5217136150234741 0.07570422535211267 0.2323943661971831 
0 0.7876320422535211 0.522887323943662 0.08582746478873239 0.2147887323943662 
0 0.6503080985915493 0.20129107981220656 0.06205985915492958 0.2605633802816901 
0 0.5702024647887324 0.2039319248826291 0.08494718309859155 0.267018779342723 
0 0.772887323943662 0.8541666666666666 0.06338028169014084 0.1789906103286385 
0 0.9749119718309859 0.22799295774647887 0.04753521126760563 0.2517605633802817 
0 0.203125 0.8779342723004695 0.07702464788732394 0.22769953051643194 
0 0.3767605633802817 0.8782276995305164 0.05545774647887324 0.2282863849765258 
0 0.2920334507042254 0.8817488262910798 0.05677816901408451 0.21889671361502347 
0 0.11575704225352113 0.874706572769953 0.07042253521126761 0.2306338028169014 
0 0.03609154929577465 0.8732394366197183 0.0625 0.24061032863849766 
0 0.5481954225352113 0.8846830985915493 0.06382042253521127 0.22007042253521128 
0 0.6335827464788732 0.8794014084507042 0.08054577464788733 0.22711267605633803 
0 0.707306338028169 0.8526995305164319 0.058098591549295774 0.18779342723004694 
0 0.9445422535211268 0.8735328638497653 0.09242957746478873 0.2306338028169014 
0 0.8516725352112676 0.8506455399061033 0.05721830985915493 0.18720657276995306 
0 0.9306778169014085 0.5639671361502347 0.09727112676056338 0.25938967136150237 
0 0.4606073943661972 0.8799882629107981 0.05501760563380282 0.22241784037558684 
0 0.03609154929577465 0.23386150234741784 0.05193661971830986 0.17312206572769953 
0 0.19718309859154928 0.19336854460093897 0.07482394366197183 0.27875586854460094 
0 0.9220950704225352 0.21830985915492956 0.07658450704225352 0.2676056338028169 
0 0.04467429577464789 0.5446009389671361 0.08846830985915492 0.2664319248826291 
0 0.7409771126760564 0.215962441314554 0.0840669014084507 0.2676056338028169 
0 0.38600352112676056 0.19454225352112675 0.08890845070422536 0.2822769953051643 
0 0.09507042253521127 0.23210093896713616 0.06954225352112677 0.1742957746478873 
0 0.336487676056338 0.5137910798122066 0.055897887323943664 0.23415492957746478 
0 0.152068661971831 0.5302230046948356 0.08230633802816902 0.2717136150234742 
0 0.24647887323943662 0.5269953051643192 0.08450704225352113 0.24295774647887325 
0 0.29401408450704225 0.20041079812206572 0.09154929577464789 0.2822769953051643 
0 0.4795334507042254 0.2027582159624413 0.07702464788732394 0.2658450704225352 
0 0.8362676056338029 0.21449530516431925 0.07746478873239436 0.25997652582159625 
0 0.4980193661971831 0.5252347417840375 0.07966549295774648 0.25938967136150237 
0 0.4159330985915493 0.5217136150234741 0.07570422535211267 0.2323943661971831 
0 0.7876320422535211 0.522887323943662 0.08582746478873239 0.2147887323943662 
0 0.6503080985915493 0.20129107981220656 0.06205985915492958 0.2605633802816901 
0 0.5702024647887324 0.2039319248826291 0.08494718309859155 0.267018779342723 
