0 0.058318661971830985 0.8089788732394366 0.11575704225352113 0.3022300469483568 
0 0.7125880281690141 0.11707746478873239 0.10035211267605634 0.21185446009389672 
0 0.9522447183098591 0.44160798122065725 0.06470070422535211 0.2177230046948357 
0 0.2577024647887324 0.10123239436619719 0.07702464788732394 0.18603286384976525 
0 0.06712147887323944 0.10064553990610328 0.10255281690140845 0.18955399061032863 
0 0.9033890845070423 0.11825117370892019 0.04621478873239437 0.232981220657277 
0 0.9643485915492958 0.12206572769953052 0.07130281690140845 0.24061032863849766 
0 0.9654489436619719 0.7869718309859155 0.06910211267605634 0.2828638497652582 
0 0.8611355633802817 0.8169014084507042 0.10519366197183098 0.22417840375586853 
0 0.4474031690140845 0.10768779342723005 0.08670774647887323 0.1965962441314554 
0 0.5178257042253521 0.11003521126760564 0.03829225352112676 0.20481220657276994 
0 0.18199823943661972 0.10269953051643192 0.05677816901408451 0.1795774647887324 
0 0.8747799295774648 0.44190140845070425 0.06470070422535211 0.24413145539906103 
0 0.6043133802816901 0.11502347417840375 0.10299295774647887 0.21009389671361503 
0 0.056338028169014086 0.4063967136150235 0.06602112676056338 0.2822769953051643 
0 0.34815140845070425 0.10592723004694836 0.09154929577464789 0.20011737089201878 
0 0.355193661971831 0.8034037558685446 0.14964788732394366 0.30164319248826293 
0 0.828125 0.11678403755868545 0.09286971830985916 0.22417840375586853 
0 0.43309859154929575 0.42869718309859156 0.0897887323943662 0.2705399061032864 
0 0.15360915492957747 0.41725352112676056 0.09683098591549295 0.29225352112676056 
0 0.6993838028169014 0.4298708920187793 0.07306338028169014 0.2717136150234742 
0 0.5261883802816901 0.41960093896713613 0.08758802816901408 0.2605633802816901 
0 0.2502200704225352 0.40492957746478875 0.07350352112676056 0.2992957746478873 
0 0.19080105633802816 0.8080985915492958 0.12191901408450705 0.30985915492957744 
0 0.7948943661971831 0.4357394366197183 0.0801056338028169 0.25528169014084506 
0 0.6155369718309859 0.4269366197183099 0.047975352112676055 0.24002347417840375 
0 0.5134242957746479 0.8019366197183099 0.15096830985915494 0.2834507042253521 
0 0.7561619718309859 0.7846244131455399 0.09683098591549295 0.30633802816901406 
0 0.3430897887323944 0.4154929577464789 0.08846830985915492 0.27699530516431925 
0 0.058318661971830985 0.8089788732394366 0.11575704225352113 0.3022300469483568 
0 0.7125880281690141 0.11707746478873239 0.10035211267605634 0.21185446009389672 
0 0.9522447183098591 0.44160798122065725 0.06470070422535211 0.2177230046948357 
0 0.2577024647887324 0.10123239436619719 0.07702464788732394 0.18603286384976525 
0 0.06712147887323944 0.10064553990610328 0.10255281690140845 0.18955399061032863 
0 0.9033890845070423 0.11825117370892019 0.04621478873239437 0.232981220657277 
0 0.9643485915492958 0.12206572769953052 0.07130281690140845 0.24061032863849766 
0 0.9654489436619719 0.7869718309859155 0.06910211267605634 0.2828638497652582 
0 0.8611355633802817 0.8169014084507042 0.10519366197183098 0.22417840375586853 
0 0.4474031690140845 0.10768779342723005 0.08670774647887323 0.1965962441314554 
0 0.5178257042253521 0.11003521126760564 0.03829225352112676 0.20481220657276994 
0 0.18199823943661972 0.10269953051643192 0.05677816901408451 0.1795774647887324 
0 0.8747799295774648 0.44190140845070425 0.06470070422535211 0.24413145539906103 
0 0.6043133802816901 0.11502347417840375 0.10299295774647887 0.21009389671361503 
0 0.056338028169014086 0.4063967136150235 0.06602112676056338 0.2822769953051643 
0 0.34815140845070425 0.10592723004694836 0.09154929577464789 0.20011737089201878 
0 0.355193661971831 0.8034037558685446 0.14964788732394366 0.30164319248826293 
0 0.828125 0.11678403755868545 0.09286971830985916 0.22417840375586853 
0 0.43309859154929575 0.42869718309859156 0.0897887323943662 0.2705399061032864 
0 0.15360915492957747 0.41725352112676056 0.09683098591549295 0.29225352112676056 
0 0.6993838028169014 0.4298708920187793 0.07306338028169014 0.2717136150234742 
0 0.5261883802816901 0.41960093896713613 0.08758802816901408 0.2605633802816901 
0 0.2502200704225352 0.40492957746478875 0.07350352112676056 0.2992957746478873 
0 0.19080105633802816 0.8080985915492958 0.12191901408450705 0.30985915492957744 
0 0.7948943661971831 0.4357394366197183 0.0801056338028169 0.25528169014084506 
0 0.6155369718309859 0.4269366197183099 0.047975352112676055 0.24002347417840375 
0 0.5134242957746479 0.8019366197183099 0.15096830985915494 0.2834507042253521 
0 0.7561619718309859 0.7846244131455399 0.09683098591549295 0.30633802816901406 
0 0.3430897887323944 0.4154929577464789 0.08846830985915492 0.27699530516431925 
0 0.058318661971830985 0.8089788732394366 0.11575704225352113 0.3022300469483568 
0 0.7125880281690141 0.11707746478873239 0.10035211267605634 0.21185446009389672 
0 0.9522447183098591 0.44160798122065725 0.06470070422535211 0.2177230046948357 
0 0.2577024647887324 0.10123239436619719 0.07702464788732394 0.18603286384976525 
0 0.06712147887323944 0.10064553990610328 0.10255281690140845 0.18955399061032863 
0 0.9033890845070423 0.11825117370892019 0.04621478873239437 0.232981220657277 
0 0.9643485915492958 0.12206572769953052 0.07130281690140845 0.24061032863849766 
0 0.9654489436619719 0.7869718309859155 0.06910211267605634 0.2828638497652582 
0 0.8611355633802817 0.8169014084507042 0.10519366197183098 0.22417840375586853 
0 0.4474031690140845 0.10768779342723005 0.08670774647887323 0.1965962441314554 
0 0.5178257042253521 0.11003521126760564 0.03829225352112676 0.20481220657276994 
0 0.18199823943661972 0.10269953051643192 0.05677816901408451 0.1795774647887324 
0 0.8747799295774648 0.44190140845070425 0.06470070422535211 0.24413145539906103 
0 0.6043133802816901 0.11502347417840375 0.10299295774647887 0.21009389671361503 
0 0.056338028169014086 0.4063967136150235 0.06602112676056338 0.2822769953051643 
0 0.34815140845070425 0.10592723004694836 0.09154929577464789 0.20011737089201878 
0 0.355193661971831 0.8034037558685446 0.14964788732394366 0.30164319248826293 
0 0.828125 0.11678403755868545 0.09286971830985916 0.22417840375586853 
0 0.43309859154929575 0.42869718309859156 0.0897887323943662 0.2705399061032864 
0 0.15360915492957747 0.41725352112676056 0.09683098591549295 0.29225352112676056 
0 0.6993838028169014 0.4298708920187793 0.07306338028169014 0.2717136150234742 
0 0.5261883802816901 0.41960093896713613 0.08758802816901408 0.2605633802816901 
0 0.2502200704225352 0.40492957746478875 0.07350352112676056 0.2992957746478873 
0 0.19080105633802816 0.8080985915492958 0.12191901408450705 0.30985915492957744 
0 0.7948943661971831 0.4357394366197183 0.0801056338028169 0.25528169014084506 
0 0.6155369718309859 0.4269366197183099 0.047975352112676055 0.24002347417840375 
0 0.5134242957746479 0.8019366197183099 0.15096830985915494 0.2834507042253521 
0 0.7561619718309859 0.7846244131455399 0.09683098591549295 0.30633802816901406 
0 0.3430897887323944 0.4154929577464789 0.08846830985915492 0.27699530516431925 
