0 0.144806338028169 0.10387323943661972 0.061619718309859156 0.20657276995305165 
0 0.5627200704225352 0.1358568075117371 0.06734154929577464 0.17077464788732394 
0 0.8772007042253521 0.125 0.08538732394366197 0.22065727699530516 
0 0.06866197183098592 0.10328638497652583 0.07658450704225352 0.20305164319248825 
0 0.9749119718309859 0.7720070422535211 0.06514084507042253 0.23767605633802816 
0 0.6272007042253521 0.13145539906103287 0.06690140845070422 0.1643192488262911 
0 0.9859154929577465 0.4339788732394366 0.028169014084507043 0.27523474178403756 
0 0.967649647887324 0.1335093896713615 0.07086267605633803 0.22124413145539906 
0 0.16153169014084506 0.3873239436619718 0.043133802816901406 0.1983568075117371 
0 0.8226232394366197 0.7772887323943662 0.06954225352112677 0.2517605633802817 
0 0.7517605633802817 0.14935446009389672 0.05721830985915493 0.18251173708920188 
0 0.8672975352112676 0.4251760563380282 0.06205985915492958 0.2564553990610329 
0 0.6866197183098591 0.14231220657276994 0.0528169014084507 0.14612676056338028 
0 0.03587147887323944 0.7910798122065728 0.07086267605633803 0.27816901408450706 
0 0.9361795774647887 0.43427230046948356 0.06866197183098592 0.2476525821596244 
0 0.48327464788732394 0.3949530516431925 0.05193661971830986 0.22300469483568075 
0 0.4064700704225352 0.43603286384976525 0.08318661971830986 0.3215962441314554 
0 0.5680017605633803 0.43838028169014087 0.10255281690140845 0.284037558685446 
0 0.3076584507042254 0.789612676056338 0.07482394366197183 0.25997652582159625 
0 0.6683538732394366 0.45011737089201875 0.08318661971830986 0.2875586854460094 
0 0.4859154929577465 0.7969483568075117 0.0818661971830986 0.24178403755868544 
0 0.3105193661971831 0.448943661971831 0.08758802816901408 0.318075117370892 
0 0.12940140845070422 0.7893192488262911 0.10035211267605634 0.26291079812206575 
0 0.045774647887323945 0.42370892018779344 0.09066901408450705 0.3051643192488263 
0 0.3939260563380282 0.7916666666666666 0.06778169014084508 0.2347417840375587 
0 0.2211707746478873 0.41901408450704225 0.08318661971830986 0.3028169014084507 
0 0.7403169014084507 0.7831572769953051 0.06778169014084508 0.2482394366197183 
0 0.784330985915493 0.44278169014084506 0.09683098591549295 0.2904929577464789 
0 0.22601232394366197 0.7705399061032864 0.0682218309859155 0.20187793427230047 
0 0.5732834507042254 0.772593896713615 0.0682218309859155 0.20598591549295775 
0 0.9016285211267606 0.7737676056338029 0.07262323943661972 0.23767605633802816 
0 0.6540492957746479 0.7764084507042254 0.07482394366197183 0.24882629107981222 
0 0.144806338028169 0.10387323943661972 0.061619718309859156 0.20657276995305165 
0 0.5627200704225352 0.1358568075117371 0.06734154929577464 0.17077464788732394 
0 0.8772007042253521 0.125 0.08538732394366197 0.22065727699530516 
0 0.06866197183098592 0.10328638497652583 0.07658450704225352 0.20305164319248825 
0 0.9749119718309859 0.7720070422535211 0.06514084507042253 0.23767605633802816 
0 0.6272007042253521 0.13145539906103287 0.06690140845070422 0.1643192488262911 
0 0.9859154929577465 0.4339788732394366 0.028169014084507043 0.27523474178403756 
0 0.967649647887324 0.1335093896713615 0.07086267605633803 0.22124413145539906 
0 0.16153169014084506 0.3873239436619718 0.043133802816901406 0.1983568075117371 
0 0.8226232394366197 0.7772887323943662 0.06954225352112677 0.2517605633802817 
0 0.7517605633802817 0.14935446009389672 0.05721830985915493 0.18251173708920188 
0 0.8672975352112676 0.4251760563380282 0.06205985915492958 0.2564553990610329 
0 0.6866197183098591 0.14231220657276994 0.0528169014084507 0.14612676056338028 
0 0.03587147887323944 0.7910798122065728 0.07086267605633803 0.27816901408450706 
0 0.9361795774647887 0.43427230046948356 0.06866197183098592 0.2476525821596244 
0 0.48327464788732394 0.3949530516431925 0.05193661971830986 0.22300469483568075 
0 0.4064700704225352 0.43603286384976525 0.08318661971830986 0.3215962441314554 
0 0.5680017605633803 0.43838028169014087 0.10255281690140845 0.284037558685446 
0 0.3076584507042254 0.789612676056338 0.07482394366197183 0.25997652582159625 
0 0.6683538732394366 0.45011737089201875 0.08318661971830986 0.2875586854460094 
0 0.4859154929577465 0.7969483568075117 0.0818661971830986 0.24178403755868544 
0 0.3105193661971831 0.448943661971831 0.08758802816901408 0.318075117370892 
0 0.12940140845070422 0.7893192488262911 0.10035211267605634 0.26291079812206575 
0 0.045774647887323945 0.42370892018779344 0.09066901408450705 0.3051643192488263 
0 0.3939260563380282 0.7916666666666666 0.06778169014084508 0.2347417840375587 
0 0.2211707746478873 0.41901408450704225 0.08318661971830986 0.3028169014084507 
0 0.7403169014084507 0.7831572769953051 0.06778169014084508 0.2482394366197183 
0 0.784330985915493 0.44278169014084506 0.09683098591549295 0.2904929577464789 
0 0.22601232394366197 0.7705399061032864 0.0682218309859155 0.20187793427230047 
0 0.5732834507042254 0.772593896713615 0.0682218309859155 0.20598591549295775 
0 0.9016285211267606 0.7737676056338029 0.07262323943661972 0.23767605633802816 
0 0.6540492957746479 0.7764084507042254 0.07482394366197183 0.24882629107981222 
0 0.144806338028169 0.10387323943661972 0.061619718309859156 0.20657276995305165 
0 0.5627200704225352 0.1358568075117371 0.06734154929577464 0.17077464788732394 
0 0.8772007042253521 0.125 0.08538732394366197 0.22065727699530516 
0 0.06866197183098592 0.10328638497652583 0.07658450704225352 0.20305164319248825 
0 0.9749119718309859 0.7720070422535211 0.06514084507042253 0.23767605633802816 
0 0.6272007042253521 0.13145539906103287 0.06690140845070422 0.1643192488262911 
0 0.9859154929577465 0.4339788732394366 0.028169014084507043 0.27523474178403756 
0 0.967649647887324 0.1335093896713615 0.07086267605633803 0.22124413145539906 
0 0.16153169014084506 0.3873239436619718 0.043133802816901406 0.1983568075117371 
0 0.8226232394366197 0.7772887323943662 0.06954225352112677 0.2517605633802817 
0 0.7517605633802817 0.14935446009389672 0.05721830985915493 0.18251173708920188 
0 0.8672975352112676 0.4251760563380282 0.06205985915492958 0.2564553990610329 
0 0.6866197183098591 0.14231220657276994 0.0528169014084507 0.14612676056338028 
0 0.03587147887323944 0.7910798122065728 0.07086267605633803 0.27816901408450706 
0 0.9361795774647887 0.43427230046948356 0.06866197183098592 0.2476525821596244 
0 0.48327464788732394 0.3949530516431925 0.05193661971830986 0.22300469483568075 
0 0.4064700704225352 0.43603286384976525 0.08318661971830986 0.3215962441314554 
0 0.5680017605633803 0.43838028169014087 0.10255281690140845 0.284037558685446 
0 0.3076584507042254 0.789612676056338 0.07482394366197183 0.25997652582159625 
0 0.6683538732394366 0.45011737089201875 0.08318661971830986 0.2875586854460094 
0 0.4859154929577465 0.7969483568075117 0.0818661971830986 0.24178403755868544 
0 0.3105193661971831 0.448943661971831 0.08758802816901408 0.318075117370892 
0 0.12940140845070422 0.7893192488262911 0.10035211267605634 0.26291079812206575 
0 0.045774647887323945 0.42370892018779344 0.09066901408450705 0.3051643192488263 
0 0.3939260563380282 0.7916666666666666 0.06778169014084508 0.2347417840375587 
0 0.2211707746478873 0.41901408450704225 0.08318661971830986 0.3028169014084507 
0 0.7403169014084507 0.7831572769953051 0.06778169014084508 0.2482394366197183 
0 0.784330985915493 0.44278169014084506 0.09683098591549295 0.2904929577464789 
0 0.22601232394366197 0.7705399061032864 0.0682218309859155 0.20187793427230047 
0 0.5732834507042254 0.772593896713615 0.0682218309859155 0.20598591549295775 
0 0.9016285211267606 0.7737676056338029 0.07262323943661972 0.23767605633802816 
0 0.6540492957746479 0.7764084507042254 0.07482394366197183 0.24882629107981222 
