0 0.9432218309859155 0.7890258215962441 0.09242957746478873 0.10387323943661972 
0 0.8774207746478874 0.3142605633802817 0.22931338028169015 0.056924882629107984 
0 0.8945862676056338 0.44835680751173707 0.17473591549295775 0.08568075117370892 
0 0.9216549295774648 0.6728286384976526 0.11883802816901408 0.08626760563380281 
0 0.9289172535211268 0.10622065727699531 0.14216549295774647 0.20657276995305165 
0 0.08274647887323944 0.0971244131455399 0.1637323943661972 0.18838028169014084 
0 0.28499119718309857 0.0994718309859155 0.21346830985915494 0.18955399061032863 
0 0.1698943661971831 0.5701291079812206 0.323943661971831 0.0721830985915493 
0 0.15074823943661972 0.8174882629107981 0.28125 0.0892018779342723 
0 0.5605193661971831 0.3125 0.28125 0.03931924882629108 
0 0.17077464788732394 0.4653755868544601 0.3345070422535211 0.09272300469483569 
0 0.5022007042253521 0.10093896713615023 0.19630281690140844 0.19248826291079812 
0 0.9009683098591549 0.37470657276995306 0.1936619718309859 0.03931924882629108 
0 0.575044014084507 0.36913145539906106 0.3279049295774648 0.062206572769953054 
0 0.16879401408450703 0.3438967136150235 0.3261443661971831 0.09154929577464789 
0 0.1150968309859155 0.6684272300469484 0.21522887323943662 0.11502347417840375 
0 0.5820862676056338 0.4583333333333333 0.3727992957746479 0.07511737089201878 
0 0.48811619718309857 0.6786971830985915 0.39348591549295775 0.11326291079812206 
0 0.547975352112676 0.806924882629108 0.3970070422535211 0.11032863849765258 
0 0.9216549295774648 0.5619131455399061 0.1311619718309859 0.08274647887323944 
0 0.7284330985915493 0.10651408450704225 0.20422535211267606 0.19307511737089203 
0 0.7194102112676056 0.6825117370892019 0.08934859154929578 0.09741784037558686 
0 0.5596390845070423 0.5554577464788732 0.3798415492957746 0.09917840375586855 
0 0.9432218309859155 0.7890258215962441 0.09242957746478873 0.10387323943661972 
0 0.8774207746478874 0.3142605633802817 0.22931338028169015 0.056924882629107984 
0 0.8945862676056338 0.44835680751173707 0.17473591549295775 0.08568075117370892 
0 0.9216549295774648 0.6728286384976526 0.11883802816901408 0.08626760563380281 
0 0.9289172535211268 0.10622065727699531 0.14216549295774647 0.20657276995305165 
0 0.08274647887323944 0.0971244131455399 0.1637323943661972 0.18838028169014084 
0 0.28499119718309857 0.0994718309859155 0.21346830985915494 0.18955399061032863 
0 0.1698943661971831 0.5701291079812206 0.323943661971831 0.0721830985915493 
0 0.15074823943661972 0.8174882629107981 0.28125 0.0892018779342723 
0 0.5605193661971831 0.3125 0.28125 0.03931924882629108 
0 0.17077464788732394 0.4653755868544601 0.3345070422535211 0.09272300469483569 
0 0.5022007042253521 0.10093896713615023 0.19630281690140844 0.19248826291079812 
0 0.9009683098591549 0.37470657276995306 0.1936619718309859 0.03931924882629108 
0 0.575044014084507 0.36913145539906106 0.3279049295774648 0.062206572769953054 
0 0.16879401408450703 0.3438967136150235 0.3261443661971831 0.09154929577464789 
0 0.1150968309859155 0.6684272300469484 0.21522887323943662 0.11502347417840375 
0 0.5820862676056338 0.4583333333333333 0.3727992957746479 0.07511737089201878 
0 0.48811619718309857 0.6786971830985915 0.39348591549295775 0.11326291079812206 
0 0.547975352112676 0.806924882629108 0.3970070422535211 0.11032863849765258 
0 0.9216549295774648 0.5619131455399061 0.1311619718309859 0.08274647887323944 
0 0.7284330985915493 0.10651408450704225 0.20422535211267606 0.19307511737089203 
0 0.7194102112676056 0.6825117370892019 0.08934859154929578 0.09741784037558686 
0 0.5596390845070423 0.5554577464788732 0.3798415492957746 0.09917840375586855 
0 0.9432218309859155 0.7890258215962441 0.09242957746478873 0.10387323943661972 
0 0.8774207746478874 0.3142605633802817 0.22931338028169015 0.056924882629107984 
0 0.8945862676056338 0.44835680751173707 0.17473591549295775 0.08568075117370892 
0 0.9216549295774648 0.6728286384976526 0.11883802816901408 0.08626760563380281 
0 0.9289172535211268 0.10622065727699531 0.14216549295774647 0.20657276995305165 
0 0.08274647887323944 0.0971244131455399 0.1637323943661972 0.18838028169014084 
0 0.28499119718309857 0.0994718309859155 0.21346830985915494 0.18955399061032863 
0 0.1698943661971831 0.5701291079812206 0.323943661971831 0.0721830985915493 
0 0.15074823943661972 0.8174882629107981 0.28125 0.0892018779342723 
0 0.5605193661971831 0.3125 0.28125 0.03931924882629108 
0 0.17077464788732394 0.4653755868544601 0.3345070422535211 0.09272300469483569 
0 0.5022007042253521 0.10093896713615023 0.19630281690140844 0.19248826291079812 
0 0.9009683098591549 0.37470657276995306 0.1936619718309859 0.03931924882629108 
0 0.575044014084507 0.36913145539906106 0.3279049295774648 0.062206572769953054 
0 0.16879401408450703 0.3438967136150235 0.3261443661971831 0.09154929577464789 
0 0.1150968309859155 0.6684272300469484 0.21522887323943662 0.11502347417840375 
0 0.5820862676056338 0.4583333333333333 0.3727992957746479 0.07511737089201878 
0 0.48811619718309857 0.6786971830985915 0.39348591549295775 0.11326291079812206 
0 0.547975352112676 0.806924882629108 0.3970070422535211 0.11032863849765258 
0 0.9216549295774648 0.5619131455399061 0.1311619718309859 0.08274647887323944 
0 0.7284330985915493 0.10651408450704225 0.20422535211267606 0.19307511737089203 
0 0.7194102112676056 0.6825117370892019 0.08934859154929578 0.09741784037558686 
0 0.5596390845070423 0.5554577464788732 0.3798415492957746 0.09917840375586855 
