0 0.9196742957746479 0.3852699530516432 0.07262323943661972 0.25880281690140844 
0 0.03917253521126761 0.755868544600939 0.07746478873239436 0.318075117370892 
0 0.8400088028169014 0.07599765258215962 0.09375 0.14612676056338028 
0 0.3301056338028169 0.06426056338028169 0.09154929577464789 0.125 
0 0.42143485915492956 0.06572769953051644 0.08494718309859155 0.12793427230046947 
0 0.23283450704225353 0.0625 0.09154929577464789 0.12147887323943662 
0 0.1230193661971831 0.058392018779342726 0.11487676056338028 0.11561032863849766 
0 0.9196742957746479 0.7637910798122066 0.14216549295774647 0.2869718309859155 
0 0.515625 0.06836854460093897 0.09286971830985916 0.13086854460093897 
0 0.30215669014084506 0.7546948356807511 0.10079225352112677 0.3204225352112676 
0 0.5878080985915493 0.7362089201877934 0.11487676056338028 0.2916666666666667 
0 0.6701144366197183 0.38380281690140844 0.08582746478873239 0.2711267605633803 
0 0.07548415492957747 0.3474178403755869 0.08494718309859155 0.31572769953051644 
0 0.7539612676056338 0.7605633802816901 0.1602112676056338 0.3028169014084507 
0 0.5715228873239436 0.3779342723004695 0.10079225352112677 0.2852112676056338 
0 0.4764524647887324 0.3653169014084507 0.08054577464788733 0.2904929577464789 
0 0.37874119718309857 0.3626760563380282 0.08318661971830986 0.284037558685446 
0 0.27750880281690143 0.36619718309859156 0.09286971830985916 0.28169014084507044 
0 0.17297535211267606 0.36032863849765256 0.10035211267605634 0.29107981220657275 
0 0.43794014084507044 0.7576291079812206 0.16461267605633803 0.32981220657276994 
0 0.832306338028169 0.36971830985915494 0.0801056338028169 0.2934272300469484 
0 0.7484595070422535 0.37764084507042256 0.0682218309859155 0.28931924882629106 
0 0.17253521126760563 0.75 0.1311619718309859 0.3274647887323944 
0 0.9196742957746479 0.3852699530516432 0.07262323943661972 0.25880281690140844 
0 0.03917253521126761 0.755868544600939 0.07746478873239436 0.318075117370892 
0 0.8400088028169014 0.07599765258215962 0.09375 0.14612676056338028 
0 0.3301056338028169 0.06426056338028169 0.09154929577464789 0.125 
0 0.42143485915492956 0.06572769953051644 0.08494718309859155 0.12793427230046947 
0 0.23283450704225353 0.0625 0.09154929577464789 0.12147887323943662 
0 0.1230193661971831 0.058392018779342726 0.11487676056338028 0.11561032863849766 
0 0.9196742957746479 0.7637910798122066 0.14216549295774647 0.2869718309859155 
0 0.515625 0.06836854460093897 0.09286971830985916 0.13086854460093897 
0 0.30215669014084506 0.7546948356807511 0.10079225352112677 0.3204225352112676 
0 0.5878080985915493 0.7362089201877934 0.11487676056338028 0.2916666666666667 
0 0.6701144366197183 0.38380281690140844 0.08582746478873239 0.2711267605633803 
0 0.07548415492957747 0.3474178403755869 0.08494718309859155 0.31572769953051644 
0 0.7539612676056338 0.7605633802816901 0.1602112676056338 0.3028169014084507 
0 0.5715228873239436 0.3779342723004695 0.10079225352112677 0.2852112676056338 
0 0.4764524647887324 0.3653169014084507 0.08054577464788733 0.2904929577464789 
0 0.37874119718309857 0.3626760563380282 0.08318661971830986 0.284037558685446 
0 0.27750880281690143 0.36619718309859156 0.09286971830985916 0.28169014084507044 
0 0.17297535211267606 0.36032863849765256 0.10035211267605634 0.29107981220657275 
0 0.43794014084507044 0.7576291079812206 0.16461267605633803 0.32981220657276994 
0 0.832306338028169 0.36971830985915494 0.0801056338028169 0.2934272300469484 
0 0.7484595070422535 0.37764084507042256 0.0682218309859155 0.28931924882629106 
0 0.17253521126760563 0.75 0.1311619718309859 0.3274647887323944 
0 0.9196742957746479 0.3852699530516432 0.07262323943661972 0.25880281690140844 
0 0.03917253521126761 0.755868544600939 0.07746478873239436 0.318075117370892 
0 0.8400088028169014 0.07599765258215962 0.09375 0.14612676056338028 
0 0.3301056338028169 0.06426056338028169 0.09154929577464789 0.125 
0 0.42143485915492956 0.06572769953051644 0.08494718309859155 0.12793427230046947 
0 0.23283450704225353 0.0625 0.09154929577464789 0.12147887323943662 
0 0.1230193661971831 0.058392018779342726 0.11487676056338028 0.11561032863849766 
0 0.9196742957746479 0.7637910798122066 0.14216549295774647 0.2869718309859155 
0 0.515625 0.06836854460093897 0.09286971830985916 0.13086854460093897 
0 0.30215669014084506 0.7546948356807511 0.10079225352112677 0.3204225352112676 
0 0.5878080985915493 0.7362089201877934 0.11487676056338028 0.2916666666666667 
0 0.6701144366197183 0.38380281690140844 0.08582746478873239 0.2711267605633803 
0 0.07548415492957747 0.3474178403755869 0.08494718309859155 0.31572769953051644 
0 0.7539612676056338 0.7605633802816901 0.1602112676056338 0.3028169014084507 
0 0.5715228873239436 0.3779342723004695 0.10079225352112677 0.2852112676056338 
0 0.4764524647887324 0.3653169014084507 0.08054577464788733 0.2904929577464789 
0 0.37874119718309857 0.3626760563380282 0.08318661971830986 0.284037558685446 
0 0.27750880281690143 0.36619718309859156 0.09286971830985916 0.28169014084507044 
0 0.17297535211267606 0.36032863849765256 0.10035211267605634 0.29107981220657275 
0 0.43794014084507044 0.7576291079812206 0.16461267605633803 0.32981220657276994 
0 0.832306338028169 0.36971830985915494 0.0801056338028169 0.2934272300469484 
0 0.7484595070422535 0.37764084507042256 0.0682218309859155 0.28931924882629106 
0 0.17253521126760563 0.75 0.1311619718309859 0.3274647887323944 
