0 0.7836707746478874 0.6329225352112676 0.06382042253521127 0.21185446009389672 
0 0.7018045774647887 0.6296948356807511 0.08934859154929578 0.20892018779342722 
0 0.9399207746478874 0.3389084507042254 0.047975352112676055 0.2106807511737089 
0 0.7775088028169014 0.3374413145539906 0.05237676056338028 0.20657276995305165 
0 0.886443661971831 0.3427230046948357 0.04841549295774648 0.1983568075117371 
0 0.9848151408450704 0.3471244131455399 0.030369718309859156 0.20246478873239437 
0 0.7363556338028169 0.8946596244131455 0.06338028169014084 0.20129107981220656 
0 0.43309859154929575 0.8961267605633803 0.07482394366197183 0.20774647887323944 
0 0.6626320422535211 0.8958333333333334 0.0743838028169014 0.198943661971831 
0 0.07570422535211267 0.8840962441314554 0.06690140845070422 0.22007042253521128 
0 0.3644366197183099 0.8770539906103286 0.05897887323943662 0.21185446009389672 
0 0.8620158450704225 0.8928990610328639 0.0743838028169014 0.20715962441314553 
0 0.5261883802816901 0.8700117370892019 0.053257042253521125 0.1766431924882629 
0 0.9522447183098591 0.9046361502347418 0.09022887323943662 0.19072769953051644 
0 0.793794014084507 0.8791079812206573 0.04709507042253521 0.1795774647887324 
0 0.9678697183098591 0.6349765258215962 0.05897887323943662 0.21713615023474178 
0 0.5886883802816901 0.8896713615023474 0.06205985915492958 0.2136150234741784 
0 0.02442781690140845 0.6006455399061033 0.047975352112676055 0.24002347417840375 
0 0.2788292253521127 0.3368544600938967 0.05677816901408451 0.19248826291079812 
0 0.04445422535211268 0.318075117370892 0.05545774647887324 0.22065727699530516 
0 0.8301056338028169 0.33773474178403756 0.05193661971830986 0.21185446009389672 
0 0.6230193661971831 0.6112089201877934 0.05941901408450704 0.22711267605633803 
0 0.2363556338028169 0.6126760563380281 0.0721830985915493 0.23943661971830985 
0 0.39348591549295775 0.6156103286384976 0.07746478873239436 0.23708920187793428 
0 0.5283890845070423 0.6056338028169014 0.06734154929577464 0.24530516431924881 
0 0.10519366197183098 0.31690140845070425 0.06778169014084508 0.22300469483568075 
0 0.0880281690140845 0.6053403755868545 0.07922535211267606 0.24237089201877934 
0 0.3842429577464789 0.3371478873239437 0.04753521126760563 0.20129107981220656 
0 0.4652288732394366 0.6100352112676056 0.05457746478873239 0.22711267605633803 
0 0.3158010563380282 0.6153169014084507 0.07526408450704225 0.24119718309859156 
0 0.33252640845070425 0.3345070422535211 0.0488556338028169 0.2007042253521127 
0 0.1641725352112676 0.6129694835680751 0.06338028169014084 0.2306338028169014 
0 0.8626760563380281 0.6352699530516432 0.06778169014084508 0.2130281690140845 
0 0.4381602112676056 0.33274647887323944 0.053257042253521125 0.20422535211267606 
0 0.6071742957746479 0.33480046948356806 0.06029929577464789 0.20833333333333334 
0 0.715669014084507 0.3333333333333333 0.056338028169014086 0.2147887323943662 
0 0.6575704225352113 0.34507042253521125 0.05017605633802817 0.19483568075117372 
0 0.176056338028169 0.3265845070422535 0.06778169014084508 0.20715962441314553 
0 0.7836707746478874 0.6329225352112676 0.06382042253521127 0.21185446009389672 
0 0.7018045774647887 0.6296948356807511 0.08934859154929578 0.20892018779342722 
0 0.9399207746478874 0.3389084507042254 0.047975352112676055 0.2106807511737089 
0 0.7775088028169014 0.3374413145539906 0.05237676056338028 0.20657276995305165 
0 0.886443661971831 0.3427230046948357 0.04841549295774648 0.1983568075117371 
0 0.9848151408450704 0.3471244131455399 0.030369718309859156 0.20246478873239437 
0 0.7363556338028169 0.8946596244131455 0.06338028169014084 0.20129107981220656 
0 0.43309859154929575 0.8961267605633803 0.07482394366197183 0.20774647887323944 
0 0.6626320422535211 0.8958333333333334 0.0743838028169014 0.198943661971831 
0 0.07570422535211267 0.8840962441314554 0.06690140845070422 0.22007042253521128 
0 0.3644366197183099 0.8770539906103286 0.05897887323943662 0.21185446009389672 
0 0.8620158450704225 0.8928990610328639 0.0743838028169014 0.20715962441314553 
0 0.5261883802816901 0.8700117370892019 0.053257042253521125 0.1766431924882629 
0 0.9522447183098591 0.9046361502347418 0.09022887323943662 0.19072769953051644 
0 0.793794014084507 0.8791079812206573 0.04709507042253521 0.1795774647887324 
0 0.9678697183098591 0.6349765258215962 0.05897887323943662 0.21713615023474178 
0 0.5886883802816901 0.8896713615023474 0.06205985915492958 0.2136150234741784 
0 0.02442781690140845 0.6006455399061033 0.047975352112676055 0.24002347417840375 
0 0.2788292253521127 0.3368544600938967 0.05677816901408451 0.19248826291079812 
0 0.04445422535211268 0.318075117370892 0.05545774647887324 0.22065727699530516 
0 0.8301056338028169 0.33773474178403756 0.05193661971830986 0.21185446009389672 
0 0.6230193661971831 0.6112089201877934 0.05941901408450704 0.22711267605633803 
0 0.2363556338028169 0.6126760563380281 0.0721830985915493 0.23943661971830985 
0 0.39348591549295775 0.6156103286384976 0.07746478873239436 0.23708920187793428 
0 0.5283890845070423 0.6056338028169014 0.06734154929577464 0.24530516431924881 
0 0.10519366197183098 0.31690140845070425 0.06778169014084508 0.22300469483568075 
0 0.0880281690140845 0.6053403755868545 0.07922535211267606 0.24237089201877934 
0 0.3842429577464789 0.3371478873239437 0.04753521126760563 0.20129107981220656 
0 0.4652288732394366 0.6100352112676056 0.05457746478873239 0.22711267605633803 
0 0.3158010563380282 0.6153169014084507 0.07526408450704225 0.24119718309859156 
0 0.33252640845070425 0.3345070422535211 0.0488556338028169 0.2007042253521127 
0 0.1641725352112676 0.6129694835680751 0.06338028169014084 0.2306338028169014 
0 0.8626760563380281 0.6352699530516432 0.06778169014084508 0.2130281690140845 
0 0.4381602112676056 0.33274647887323944 0.053257042253521125 0.20422535211267606 
0 0.6071742957746479 0.33480046948356806 0.06029929577464789 0.20833333333333334 
0 0.715669014084507 0.3333333333333333 0.056338028169014086 0.2147887323943662 
0 0.6575704225352113 0.34507042253521125 0.05017605633802817 0.19483568075117372 
0 0.176056338028169 0.3265845070422535 0.06778169014084508 0.20715962441314553 
0 0.7836707746478874 0.6329225352112676 0.06382042253521127 0.21185446009389672 
0 0.7018045774647887 0.6296948356807511 0.08934859154929578 0.20892018779342722 
0 0.9399207746478874 0.3389084507042254 0.047975352112676055 0.2106807511737089 
0 0.7775088028169014 0.3374413145539906 0.05237676056338028 0.20657276995305165 
0 0.886443661971831 0.3427230046948357 0.04841549295774648 0.1983568075117371 
0 0.9848151408450704 0.3471244131455399 0.030369718309859156 0.20246478873239437 
0 0.7363556338028169 0.8946596244131455 0.06338028169014084 0.20129107981220656 
0 0.43309859154929575 0.8961267605633803 0.07482394366197183 0.20774647887323944 
0 0.6626320422535211 0.8958333333333334 0.0743838028169014 0.198943661971831 
0 0.07570422535211267 0.8840962441314554 0.06690140845070422 0.22007042253521128 
0 0.3644366197183099 0.8770539906103286 0.05897887323943662 0.21185446009389672 
0 0.8620158450704225 0.8928990610328639 0.0743838028169014 0.20715962441314553 
0 0.5261883802816901 0.8700117370892019 0.053257042253521125 0.1766431924882629 
0 0.9522447183098591 0.9046361502347418 0.09022887323943662 0.19072769953051644 
0 0.793794014084507 0.8791079812206573 0.04709507042253521 0.1795774647887324 
0 0.9678697183098591 0.6349765258215962 0.05897887323943662 0.21713615023474178 
0 0.5886883802816901 0.8896713615023474 0.06205985915492958 0.2136150234741784 
0 0.02442781690140845 0.6006455399061033 0.047975352112676055 0.24002347417840375 
0 0.2788292253521127 0.3368544600938967 0.05677816901408451 0.19248826291079812 
0 0.04445422535211268 0.318075117370892 0.05545774647887324 0.22065727699530516 
0 0.8301056338028169 0.33773474178403756 0.05193661971830986 0.21185446009389672 
0 0.6230193661971831 0.6112089201877934 0.05941901408450704 0.22711267605633803 
0 0.2363556338028169 0.6126760563380281 0.0721830985915493 0.23943661971830985 
0 0.39348591549295775 0.6156103286384976 0.07746478873239436 0.23708920187793428 
0 0.5283890845070423 0.6056338028169014 0.06734154929577464 0.24530516431924881 
0 0.10519366197183098 0.31690140845070425 0.06778169014084508 0.22300469483568075 
0 0.0880281690140845 0.6053403755868545 0.07922535211267606 0.24237089201877934 
0 0.3842429577464789 0.3371478873239437 0.04753521126760563 0.20129107981220656 
0 0.4652288732394366 0.6100352112676056 0.05457746478873239 0.22711267605633803 
0 0.3158010563380282 0.6153169014084507 0.07526408450704225 0.24119718309859156 
0 0.33252640845070425 0.3345070422535211 0.0488556338028169 0.2007042253521127 
0 0.1641725352112676 0.6129694835680751 0.06338028169014084 0.2306338028169014 
0 0.8626760563380281 0.6352699530516432 0.06778169014084508 0.2130281690140845 
0 0.4381602112676056 0.33274647887323944 0.053257042253521125 0.20422535211267606 
0 0.6071742957746479 0.33480046948356806 0.06029929577464789 0.20833333333333334 
0 0.715669014084507 0.3333333333333333 0.056338028169014086 0.2147887323943662 
0 0.6575704225352113 0.34507042253521125 0.05017605633802817 0.19483568075117372 
0 0.176056338028169 0.3265845070422535 0.06778169014084508 0.20715962441314553 
