0 0.3576144366197183 0.9245892018779343 0.08582746478873239 0.15082159624413147 
0 0.5288292253521126 0.9254694835680751 0.05941901408450704 0.1431924882629108 
0 0.6254401408450704 0.926349765258216 0.08098591549295775 0.14730046948356806 
0 0.45576584507042256 0.9216549295774648 0.07702464788732394 0.15199530516431925 
0 0.8514524647887324 0.920774647887324 0.10079225352112677 0.15845070422535212 
0 0.27442781690140844 0.9210680751173709 0.06470070422535211 0.15316901408450703 
0 0.9394806338028169 0.3852699530516432 0.053257042253521125 0.0897887323943662 
0 0.21016725352112675 0.9237089201877934 0.04445422535211268 0.12910798122065728 
0 0.9262764084507042 0.9237089201877934 0.07350352112676056 0.13732394366197184 
0 0.972931338028169 0.33039906103286387 0.05413732394366197 0.21244131455399062 
0 0.9377200704225352 0.278462441314554 0.03389084507042254 0.08744131455399061 
0 0.9084507042253521 0.2790492957746479 0.040492957746478875 0.07687793427230047 
0 0.7231514084507042 0.9269366197183099 0.09419014084507042 0.13791079812206572 
0 0.09132922535211267 0.9281103286384976 0.08582746478873239 0.1402582159624413 
0 0.799955985915493 0.6942488262910798 0.07350352112676056 0.15610328638497653 
0 0.9348591549295775 0.6566901408450704 0.0977112676056338 0.2687793427230047 
0 0.7282130281690141 0.6924882629107981 0.055897887323943664 0.15845070422535212 
0 0.39436619718309857 0.3048708920187793 0.07394366197183098 0.22124413145539906 
0 0.035211267605633804 0.272887323943662 0.06954225352112677 0.2664319248826291 
0 0.6067341549295775 0.687793427230047 0.06382042253521127 0.16549295774647887 
0 0.19652288732394366 0.653169014084507 0.06382042253521127 0.2511737089201878 
0 0.8003961267605634 0.37764084507042256 0.05413732394366197 0.0886150234741784 
0 0.1307218309859155 0.6528755868544601 0.0625 0.2306338028169014 
0 0.25286091549295775 0.29401408450704225 0.058538732394366196 0.2312206572769953 
0 0.3215228873239437 0.289906103286385 0.06558098591549295 0.23943661971830985 
0 0.1800176056338028 0.29019953051643194 0.07130281690140845 0.24471830985915494 
0 0.6674735915492958 0.3761737089201878 0.0664612676056338 0.1056338028169014 
0 0.7389964788732394 0.37470657276995306 0.06602112676056338 0.10269953051643192 
0 0.6756161971830986 0.6889671361502347 0.05545774647887324 0.1784037558685446 
0 0.11223591549295775 0.28257042253521125 0.0625 0.2505868544600939 
0 0.035651408450704226 0.6610915492957746 0.07042253521126761 0.23415492957746478 
0 0.8699383802816901 0.37910798122065725 0.055897887323943664 0.08098591549295775 
0 0.3576144366197183 0.9245892018779343 0.08582746478873239 0.15082159624413147 
0 0.5288292253521126 0.9254694835680751 0.05941901408450704 0.1431924882629108 
0 0.6254401408450704 0.926349765258216 0.08098591549295775 0.14730046948356806 
0 0.45576584507042256 0.9216549295774648 0.07702464788732394 0.15199530516431925 
0 0.8514524647887324 0.920774647887324 0.10079225352112677 0.15845070422535212 
0 0.27442781690140844 0.9210680751173709 0.06470070422535211 0.15316901408450703 
0 0.9394806338028169 0.3852699530516432 0.053257042253521125 0.0897887323943662 
0 0.21016725352112675 0.9237089201877934 0.04445422535211268 0.12910798122065728 
0 0.9262764084507042 0.9237089201877934 0.07350352112676056 0.13732394366197184 
0 0.972931338028169 0.33039906103286387 0.05413732394366197 0.21244131455399062 
0 0.9377200704225352 0.278462441314554 0.03389084507042254 0.08744131455399061 
0 0.9084507042253521 0.2790492957746479 0.040492957746478875 0.07687793427230047 
0 0.7231514084507042 0.9269366197183099 0.09419014084507042 0.13791079812206572 
0 0.09132922535211267 0.9281103286384976 0.08582746478873239 0.1402582159624413 
0 0.799955985915493 0.6942488262910798 0.07350352112676056 0.15610328638497653 
0 0.9348591549295775 0.6566901408450704 0.0977112676056338 0.2687793427230047 
0 0.7282130281690141 0.6924882629107981 0.055897887323943664 0.15845070422535212 
0 0.39436619718309857 0.3048708920187793 0.07394366197183098 0.22124413145539906 
0 0.035211267605633804 0.272887323943662 0.06954225352112677 0.2664319248826291 
0 0.6067341549295775 0.687793427230047 0.06382042253521127 0.16549295774647887 
0 0.19652288732394366 0.653169014084507 0.06382042253521127 0.2511737089201878 
0 0.8003961267605634 0.37764084507042256 0.05413732394366197 0.0886150234741784 
0 0.1307218309859155 0.6528755868544601 0.0625 0.2306338028169014 
0 0.25286091549295775 0.29401408450704225 0.058538732394366196 0.2312206572769953 
0 0.3215228873239437 0.289906103286385 0.06558098591549295 0.23943661971830985 
0 0.1800176056338028 0.29019953051643194 0.07130281690140845 0.24471830985915494 
0 0.6674735915492958 0.3761737089201878 0.0664612676056338 0.1056338028169014 
0 0.7389964788732394 0.37470657276995306 0.06602112676056338 0.10269953051643192 
0 0.6756161971830986 0.6889671361502347 0.05545774647887324 0.1784037558685446 
0 0.11223591549295775 0.28257042253521125 0.0625 0.2505868544600939 
0 0.035651408450704226 0.6610915492957746 0.07042253521126761 0.23415492957746478 
0 0.8699383802816901 0.37910798122065725 0.055897887323943664 0.08098591549295775 
0 0.3576144366197183 0.9245892018779343 0.08582746478873239 0.15082159624413147 
0 0.5288292253521126 0.9254694835680751 0.05941901408450704 0.1431924882629108 
0 0.6254401408450704 0.926349765258216 0.08098591549295775 0.14730046948356806 
0 0.45576584507042256 0.9216549295774648 0.07702464788732394 0.15199530516431925 
0 0.8514524647887324 0.920774647887324 0.10079225352112677 0.15845070422535212 
0 0.27442781690140844 0.9210680751173709 0.06470070422535211 0.15316901408450703 
0 0.9394806338028169 0.3852699530516432 0.053257042253521125 0.0897887323943662 
0 0.21016725352112675 0.9237089201877934 0.04445422535211268 0.12910798122065728 
0 0.9262764084507042 0.9237089201877934 0.07350352112676056 0.13732394366197184 
0 0.972931338028169 0.33039906103286387 0.05413732394366197 0.21244131455399062 
0 0.9377200704225352 0.278462441314554 0.03389084507042254 0.08744131455399061 
0 0.9084507042253521 0.2790492957746479 0.040492957746478875 0.07687793427230047 
0 0.7231514084507042 0.9269366197183099 0.09419014084507042 0.13791079812206572 
0 0.09132922535211267 0.9281103286384976 0.08582746478873239 0.1402582159624413 
0 0.799955985915493 0.6942488262910798 0.07350352112676056 0.15610328638497653 
0 0.9348591549295775 0.6566901408450704 0.0977112676056338 0.2687793427230047 
0 0.7282130281690141 0.6924882629107981 0.055897887323943664 0.15845070422535212 
0 0.39436619718309857 0.3048708920187793 0.07394366197183098 0.22124413145539906 
0 0.035211267605633804 0.272887323943662 0.06954225352112677 0.2664319248826291 
0 0.6067341549295775 0.687793427230047 0.06382042253521127 0.16549295774647887 
0 0.19652288732394366 0.653169014084507 0.06382042253521127 0.2511737089201878 
0 0.8003961267605634 0.37764084507042256 0.05413732394366197 0.0886150234741784 
0 0.1307218309859155 0.6528755868544601 0.0625 0.2306338028169014 
0 0.25286091549295775 0.29401408450704225 0.058538732394366196 0.2312206572769953 
0 0.3215228873239437 0.289906103286385 0.06558098591549295 0.23943661971830985 
0 0.1800176056338028 0.29019953051643194 0.07130281690140845 0.24471830985915494 
0 0.6674735915492958 0.3761737089201878 0.0664612676056338 0.1056338028169014 
0 0.7389964788732394 0.37470657276995306 0.06602112676056338 0.10269953051643192 
0 0.6756161971830986 0.6889671361502347 0.05545774647887324 0.1784037558685446 
0 0.11223591549295775 0.28257042253521125 0.0625 0.2505868544600939 
0 0.035651408450704226 0.6610915492957746 0.07042253521126761 0.23415492957746478 
0 0.8699383802816901 0.37910798122065725 0.055897887323943664 0.08098591549295775 
