0 0.464568661971831 0.9295774647887324 0.07262323943661972 0.1396713615023474 
0 0.7361355633802817 0.9289906103286385 0.09639084507042253 0.142018779342723 
0 0.5528169014084507 0.9172535211267606 0.06866197183098592 0.1431924882629108 
0 0.6236795774647887 0.9231220657276995 0.0528169014084507 0.14553990610328638 
0 0.2711267605633803 0.9515845070422535 0.09066901408450705 0.10387323943661972 
0 0.690580985915493 0.3039906103286385 0.056338028169014086 0.24061032863849766 
0 0.9467429577464789 0.6696009389671361 0.02464788732394366 0.12323943661971831 
0 0.9931778169014085 0.6939553990610329 0.013644366197183098 0.12030516431924883 
0 0.9716109154929577 0.6839788732394366 0.02068661971830986 0.125 
0 0.9280369718309859 0.6666666666666666 0.021566901408450703 0.1267605633802817 
0 0.1800176056338028 0.9424882629107981 0.0801056338028169 0.11502347417840375 
0 0.13094190140845072 0.2822769953051643 0.042693661971830985 0.2546948356807512 
0 0.941681338028169 0.9345657276995305 0.09375 0.13086854460093897 
0 0.125 0.6546361502347418 0.03609154929577465 0.2705399061032864 
0 0.3672975352112676 0.9286971830985915 0.08582746478873239 0.1437793427230047 
0 0.8367077464788732 0.9363262910798122 0.10211267605633803 0.1238262910798122 
0 0.32900528169014087 0.6566901408450704 0.07350352112676056 0.2640845070422535 
0 0.2579225352112676 0.6657863849765259 0.07042253521126761 0.25410798122065725 
0 0.6712147887323944 0.664906103286385 0.056338028169014086 0.2347417840375587 
0 0.5475352112676056 0.6784037558685446 0.0625 0.23591549295774647 
0 0.8327464788732394 0.3107394366197183 0.061619718309859156 0.22711267605633803 
0 0.47491197183098594 0.6657863849765259 0.061619718309859156 0.2482394366197183 
0 0.6181778169014085 0.29958920187793425 0.058538732394366196 0.24354460093896713 
0 0.5490757042253521 0.2966549295774648 0.06470070422535211 0.2318075117370892 
0 0.33076584507042256 0.2916666666666667 0.0682218309859155 0.25 
0 0.4027288732394366 0.2925469483568075 0.06778169014084508 0.24589201877934272 
0 0.4744718309859155 0.2972417840375587 0.06690140845070422 0.2482394366197183 
0 0.2607834507042254 0.289612676056338 0.06470070422535211 0.2517605633802817 
0 0.4040492957746479 0.6643192488262911 0.0721830985915493 0.2511737089201878 
0 0.8853433098591549 0.32130281690140844 0.042693661971830985 0.22124413145539906 
0 0.17913732394366197 0.6581572769953051 0.07658450704225352 0.2576291079812207 
0 0.761443661971831 0.3154342723004695 0.06426056338028169 0.23767605633802816 
0 0.18639964788732394 0.29284037558685444 0.06470070422535211 0.2300469483568075 
0 0.6122359154929577 0.6643192488262911 0.05721830985915493 0.2136150234741784 
0 0.464568661971831 0.9295774647887324 0.07262323943661972 0.1396713615023474 
0 0.7361355633802817 0.9289906103286385 0.09639084507042253 0.142018779342723 
0 0.5528169014084507 0.9172535211267606 0.06866197183098592 0.1431924882629108 
0 0.6236795774647887 0.9231220657276995 0.0528169014084507 0.14553990610328638 
0 0.2711267605633803 0.9515845070422535 0.09066901408450705 0.10387323943661972 
0 0.690580985915493 0.3039906103286385 0.056338028169014086 0.24061032863849766 
0 0.9467429577464789 0.6696009389671361 0.02464788732394366 0.12323943661971831 
0 0.9931778169014085 0.6939553990610329 0.013644366197183098 0.12030516431924883 
0 0.9716109154929577 0.6839788732394366 0.02068661971830986 0.125 
0 0.9280369718309859 0.6666666666666666 0.021566901408450703 0.1267605633802817 
0 0.1800176056338028 0.9424882629107981 0.0801056338028169 0.11502347417840375 
0 0.13094190140845072 0.2822769953051643 0.042693661971830985 0.2546948356807512 
0 0.941681338028169 0.9345657276995305 0.09375 0.13086854460093897 
0 0.125 0.6546361502347418 0.03609154929577465 0.2705399061032864 
0 0.3672975352112676 0.9286971830985915 0.08582746478873239 0.1437793427230047 
0 0.8367077464788732 0.9363262910798122 0.10211267605633803 0.1238262910798122 
0 0.32900528169014087 0.6566901408450704 0.07350352112676056 0.2640845070422535 
0 0.2579225352112676 0.6657863849765259 0.07042253521126761 0.25410798122065725 
0 0.6712147887323944 0.664906103286385 0.056338028169014086 0.2347417840375587 
0 0.5475352112676056 0.6784037558685446 0.0625 0.23591549295774647 
0 0.8327464788732394 0.3107394366197183 0.061619718309859156 0.22711267605633803 
0 0.47491197183098594 0.6657863849765259 0.061619718309859156 0.2482394366197183 
0 0.6181778169014085 0.29958920187793425 0.058538732394366196 0.24354460093896713 
0 0.5490757042253521 0.2966549295774648 0.06470070422535211 0.2318075117370892 
0 0.33076584507042256 0.2916666666666667 0.0682218309859155 0.25 
0 0.4027288732394366 0.2925469483568075 0.06778169014084508 0.24589201877934272 
0 0.4744718309859155 0.2972417840375587 0.06690140845070422 0.2482394366197183 
0 0.2607834507042254 0.289612676056338 0.06470070422535211 0.2517605633802817 
0 0.4040492957746479 0.6643192488262911 0.0721830985915493 0.2511737089201878 
0 0.8853433098591549 0.32130281690140844 0.042693661971830985 0.22124413145539906 
0 0.17913732394366197 0.6581572769953051 0.07658450704225352 0.2576291079812207 
0 0.761443661971831 0.3154342723004695 0.06426056338028169 0.23767605633802816 
0 0.18639964788732394 0.29284037558685444 0.06470070422535211 0.2300469483568075 
0 0.6122359154929577 0.6643192488262911 0.05721830985915493 0.2136150234741784 
0 0.464568661971831 0.9295774647887324 0.07262323943661972 0.1396713615023474 
0 0.7361355633802817 0.9289906103286385 0.09639084507042253 0.142018779342723 
0 0.5528169014084507 0.9172535211267606 0.06866197183098592 0.1431924882629108 
0 0.6236795774647887 0.9231220657276995 0.0528169014084507 0.14553990610328638 
0 0.2711267605633803 0.9515845070422535 0.09066901408450705 0.10387323943661972 
0 0.690580985915493 0.3039906103286385 0.056338028169014086 0.24061032863849766 
0 0.9467429577464789 0.6696009389671361 0.02464788732394366 0.12323943661971831 
0 0.9931778169014085 0.6939553990610329 0.013644366197183098 0.12030516431924883 
0 0.9716109154929577 0.6839788732394366 0.02068661971830986 0.125 
0 0.9280369718309859 0.6666666666666666 0.021566901408450703 0.1267605633802817 
0 0.1800176056338028 0.9424882629107981 0.0801056338028169 0.11502347417840375 
0 0.13094190140845072 0.2822769953051643 0.042693661971830985 0.2546948356807512 
0 0.941681338028169 0.9345657276995305 0.09375 0.13086854460093897 
0 0.125 0.6546361502347418 0.03609154929577465 0.2705399061032864 
0 0.3672975352112676 0.9286971830985915 0.08582746478873239 0.1437793427230047 
0 0.8367077464788732 0.9363262910798122 0.10211267605633803 0.1238262910798122 
0 0.32900528169014087 0.6566901408450704 0.07350352112676056 0.2640845070422535 
0 0.2579225352112676 0.6657863849765259 0.07042253521126761 0.25410798122065725 
0 0.6712147887323944 0.664906103286385 0.056338028169014086 0.2347417840375587 
0 0.5475352112676056 0.6784037558685446 0.0625 0.23591549295774647 
0 0.8327464788732394 0.3107394366197183 0.061619718309859156 0.22711267605633803 
0 0.47491197183098594 0.6657863849765259 0.061619718309859156 0.2482394366197183 
0 0.6181778169014085 0.29958920187793425 0.058538732394366196 0.24354460093896713 
0 0.5490757042253521 0.2966549295774648 0.06470070422535211 0.2318075117370892 
0 0.33076584507042256 0.2916666666666667 0.0682218309859155 0.25 
0 0.4027288732394366 0.2925469483568075 0.06778169014084508 0.24589201877934272 
0 0.4744718309859155 0.2972417840375587 0.06690140845070422 0.2482394366197183 
0 0.2607834507042254 0.289612676056338 0.06470070422535211 0.2517605633802817 
0 0.4040492957746479 0.6643192488262911 0.0721830985915493 0.2511737089201878 
0 0.8853433098591549 0.32130281690140844 0.042693661971830985 0.22124413145539906 
0 0.17913732394366197 0.6581572769953051 0.07658450704225352 0.2576291079812207 
0 0.761443661971831 0.3154342723004695 0.06426056338028169 0.23767605633802816 
0 0.18639964788732394 0.29284037558685444 0.06470070422535211 0.2300469483568075 
0 0.6122359154929577 0.6643192488262911 0.05721830985915493 0.2136150234741784 
