0 0.20642605633802816 0.41901408450704225 0.16285211267605634 0.21244131455399062 
0 0.24537852112676056 0.11150234741784038 0.13424295774647887 0.09624413145539906 
0 0.9326584507042254 0.2520539906103286 0.12940140845070422 0.0710093896713615 
0 0.7915933098591549 0.23650234741784038 0.1210387323943662 0.08450704225352113 
0 0.65625 0.24061032863849766 0.136443661971831 0.09624413145539906 
0 0.9683098591549296 0.8133802816901409 0.06338028169014084 0.3028169014084507 
0 0.9209947183098591 0.4063967136150235 0.15272887323943662 0.20715962441314553 
0 0.07768485915492958 0.22857981220657278 0.11751760563380281 0.16842723004694835 
0 0.058098591549295774 0.41050469483568075 0.1153169014084507 0.15669014084507044 
0 0.5151848591549296 0.2535211267605634 0.12984154929577466 0.10328638497652583 
0 0.46764964788732394 0.8092723004694836 0.16153169014084506 0.29225352112676056 
0 0.5288292253521126 0.13908450704225353 0.18617957746478872 0.10446009389671361 
0 0.8327464788732394 0.8110328638497653 0.14964788732394366 0.28169014084507044 
0 0.6549295774647887 0.8025234741784038 0.14524647887323944 0.2576291079812207 
0 0.5376320422535211 0.4011150234741784 0.16593309859154928 0.18251173708920188 
0 0.28829225352112675 0.8221830985915493 0.1522887323943662 0.2852112676056338 
0 0.7257922535211268 0.3937793427230047 0.15404929577464788 0.22417840375586853 
0 0.9016285211267606 0.16255868544600938 0.16681338028169015 0.1056338028169014 
0 0.37411971830985913 0.397593896713615 0.15933098591549297 0.1449530516431925 
0 0.21170774647887325 0.22535211267605634 0.136443661971831 0.16666666666666666 
0 0.3714788732394366 0.25264084507042256 0.13908450704225353 0.1238262910798122 
0 0.09793133802816902 0.823650234741784 0.15184859154929578 0.2881455399061033 
0 0.20642605633802816 0.41901408450704225 0.16285211267605634 0.21244131455399062 
0 0.24537852112676056 0.11150234741784038 0.13424295774647887 0.09624413145539906 
0 0.9326584507042254 0.2520539906103286 0.12940140845070422 0.0710093896713615 
0 0.7915933098591549 0.23650234741784038 0.1210387323943662 0.08450704225352113 
0 0.65625 0.24061032863849766 0.136443661971831 0.09624413145539906 
0 0.9683098591549296 0.8133802816901409 0.06338028169014084 0.3028169014084507 
0 0.9209947183098591 0.4063967136150235 0.15272887323943662 0.20715962441314553 
0 0.07768485915492958 0.22857981220657278 0.11751760563380281 0.16842723004694835 
0 0.058098591549295774 0.41050469483568075 0.1153169014084507 0.15669014084507044 
0 0.5151848591549296 0.2535211267605634 0.12984154929577466 0.10328638497652583 
0 0.46764964788732394 0.8092723004694836 0.16153169014084506 0.29225352112676056 
0 0.5288292253521126 0.13908450704225353 0.18617957746478872 0.10446009389671361 
0 0.8327464788732394 0.8110328638497653 0.14964788732394366 0.28169014084507044 
0 0.6549295774647887 0.8025234741784038 0.14524647887323944 0.2576291079812207 
0 0.5376320422535211 0.4011150234741784 0.16593309859154928 0.18251173708920188 
0 0.28829225352112675 0.8221830985915493 0.1522887323943662 0.2852112676056338 
0 0.7257922535211268 0.3937793427230047 0.15404929577464788 0.22417840375586853 
0 0.9016285211267606 0.16255868544600938 0.16681338028169015 0.1056338028169014 
0 0.37411971830985913 0.397593896713615 0.15933098591549297 0.1449530516431925 
0 0.21170774647887325 0.22535211267605634 0.136443661971831 0.16666666666666666 
0 0.3714788732394366 0.25264084507042256 0.13908450704225353 0.1238262910798122 
0 0.09793133802816902 0.823650234741784 0.15184859154929578 0.2881455399061033 
0 0.20642605633802816 0.41901408450704225 0.16285211267605634 0.21244131455399062 
0 0.24537852112676056 0.11150234741784038 0.13424295774647887 0.09624413145539906 
0 0.9326584507042254 0.2520539906103286 0.12940140845070422 0.0710093896713615 
0 0.7915933098591549 0.23650234741784038 0.1210387323943662 0.08450704225352113 
0 0.65625 0.24061032863849766 0.136443661971831 0.09624413145539906 
0 0.9683098591549296 0.8133802816901409 0.06338028169014084 0.3028169014084507 
0 0.9209947183098591 0.4063967136150235 0.15272887323943662 0.20715962441314553 
0 0.07768485915492958 0.22857981220657278 0.11751760563380281 0.16842723004694835 
0 0.058098591549295774 0.41050469483568075 0.1153169014084507 0.15669014084507044 
0 0.5151848591549296 0.2535211267605634 0.12984154929577466 0.10328638497652583 
0 0.46764964788732394 0.8092723004694836 0.16153169014084506 0.29225352112676056 
0 0.5288292253521126 0.13908450704225353 0.18617957746478872 0.10446009389671361 
0 0.8327464788732394 0.8110328638497653 0.14964788732394366 0.28169014084507044 
0 0.6549295774647887 0.8025234741784038 0.14524647887323944 0.2576291079812207 
0 0.5376320422535211 0.4011150234741784 0.16593309859154928 0.18251173708920188 
0 0.28829225352112675 0.8221830985915493 0.1522887323943662 0.2852112676056338 
0 0.7257922535211268 0.3937793427230047 0.15404929577464788 0.22417840375586853 
0 0.9016285211267606 0.16255868544600938 0.16681338028169015 0.1056338028169014 
0 0.37411971830985913 0.397593896713615 0.15933098591549297 0.1449530516431925 
0 0.21170774647887325 0.22535211267605634 0.136443661971831 0.16666666666666666 
0 0.3714788732394366 0.25264084507042256 0.13908450704225353 0.1238262910798122 
0 0.09793133802816902 0.823650234741784 0.15184859154929578 0.2881455399061033 
