0 0.3503521126760563 0.6622652582159625 0.3001760563380282 0.0534037558685446 
0 0.2640845070422535 0.03198356807511737 0.23943661971830985 0.06279342723004695 
0 0.7566021126760564 0.9577464788732394 0.3644366197183099 0.08568075117370892 
0 0.07922535211267606 0.6804577464788732 0.13908450704225353 0.08392018779342723 
0 0.09286971830985916 0.5938967136150235 0.13996478873239437 0.06572769953051644 
0 0.09286971830985916 0.4953051643192488 0.17077464788732394 0.06572769953051644 
0 0.5365316901408451 0.1960093896713615 0.19454225352112675 0.051643192488262914 
0 0.5171654929577465 0.04137323943661972 0.2130281690140845 0.06631455399061033 
0 0.2502200704225352 0.10152582159624413 0.22139084507042253 0.06455399061032864 
0 0.24889964788732394 0.2984154929577465 0.21522887323943662 0.051056338028169015 
0 0.5365316901408451 0.2828638497652582 0.2130281690140845 0.07746478873239436 
0 0.527068661971831 0.1431924882629108 0.18882042253521128 0.056338028169014086 
0 0.6974031690140845 0.8336267605633803 0.3842429577464789 0.1238262910798122 
0 0.29599471830985913 0.8083920187793427 0.3824823943661972 0.1449530516431925 
0 0.7266725352112676 0.5375586854460094 0.3362676056338028 0.10446009389671361 
0 0.7673855633802817 0.18280516431924881 0.15977112676056338 0.29870892018779344 
0 0.9280369718309859 0.21860328638497653 0.13160211267605634 0.28931924882629106 
0 0.3648767605633803 0.5073356807511737 0.2632042253521127 0.05927230046948357 
0 0.7409771126760564 0.6502347417840375 0.35255281690140844 0.09272300469483569 
0 0.24339788732394366 0.20129107981220656 0.24911971830985916 0.09741784037558686 
0 0.3518926056338028 0.596830985915493 0.2953345070422535 0.0528169014084507 
0 0.3001760563380282 0.95481220657277 0.30369718309859156 0.10446009389671361 
0 0.3503521126760563 0.6622652582159625 0.3001760563380282 0.0534037558685446 
0 0.2640845070422535 0.03198356807511737 0.23943661971830985 0.06279342723004695 
0 0.7566021126760564 0.9577464788732394 0.3644366197183099 0.08568075117370892 
0 0.07922535211267606 0.6804577464788732 0.13908450704225353 0.08392018779342723 
0 0.09286971830985916 0.5938967136150235 0.13996478873239437 0.06572769953051644 
0 0.09286971830985916 0.4953051643192488 0.17077464788732394 0.06572769953051644 
0 0.5365316901408451 0.1960093896713615 0.19454225352112675 0.051643192488262914 
0 0.5171654929577465 0.04137323943661972 0.2130281690140845 0.06631455399061033 
0 0.2502200704225352 0.10152582159624413 0.22139084507042253 0.06455399061032864 
0 0.24889964788732394 0.2984154929577465 0.21522887323943662 0.051056338028169015 
0 0.5365316901408451 0.2828638497652582 0.2130281690140845 0.07746478873239436 
0 0.527068661971831 0.1431924882629108 0.18882042253521128 0.056338028169014086 
0 0.6974031690140845 0.8336267605633803 0.3842429577464789 0.1238262910798122 
0 0.29599471830985913 0.8083920187793427 0.3824823943661972 0.1449530516431925 
0 0.7266725352112676 0.5375586854460094 0.3362676056338028 0.10446009389671361 
0 0.7673855633802817 0.18280516431924881 0.15977112676056338 0.29870892018779344 
0 0.9280369718309859 0.21860328638497653 0.13160211267605634 0.28931924882629106 
0 0.3648767605633803 0.5073356807511737 0.2632042253521127 0.05927230046948357 
0 0.7409771126760564 0.6502347417840375 0.35255281690140844 0.09272300469483569 
0 0.24339788732394366 0.20129107981220656 0.24911971830985916 0.09741784037558686 
0 0.3518926056338028 0.596830985915493 0.2953345070422535 0.0528169014084507 
0 0.3001760563380282 0.95481220657277 0.30369718309859156 0.10446009389671361 
0 0.3503521126760563 0.6622652582159625 0.3001760563380282 0.0534037558685446 
0 0.2640845070422535 0.03198356807511737 0.23943661971830985 0.06279342723004695 
0 0.7566021126760564 0.9577464788732394 0.3644366197183099 0.08568075117370892 
0 0.07922535211267606 0.6804577464788732 0.13908450704225353 0.08392018779342723 
0 0.09286971830985916 0.5938967136150235 0.13996478873239437 0.06572769953051644 
0 0.09286971830985916 0.4953051643192488 0.17077464788732394 0.06572769953051644 
0 0.5365316901408451 0.1960093896713615 0.19454225352112675 0.051643192488262914 
0 0.5171654929577465 0.04137323943661972 0.2130281690140845 0.06631455399061033 
0 0.2502200704225352 0.10152582159624413 0.22139084507042253 0.06455399061032864 
0 0.24889964788732394 0.2984154929577465 0.21522887323943662 0.051056338028169015 
0 0.5365316901408451 0.2828638497652582 0.2130281690140845 0.07746478873239436 
0 0.527068661971831 0.1431924882629108 0.18882042253521128 0.056338028169014086 
0 0.6974031690140845 0.8336267605633803 0.3842429577464789 0.1238262910798122 
0 0.29599471830985913 0.8083920187793427 0.3824823943661972 0.1449530516431925 
0 0.7266725352112676 0.5375586854460094 0.3362676056338028 0.10446009389671361 
0 0.7673855633802817 0.18280516431924881 0.15977112676056338 0.29870892018779344 
0 0.9280369718309859 0.21860328638497653 0.13160211267605634 0.28931924882629106 
0 0.3648767605633803 0.5073356807511737 0.2632042253521127 0.05927230046948357 
0 0.7409771126760564 0.6502347417840375 0.35255281690140844 0.09272300469483569 
0 0.24339788732394366 0.20129107981220656 0.24911971830985916 0.09741784037558686 
0 0.3518926056338028 0.596830985915493 0.2953345070422535 0.0528169014084507 
0 0.3001760563380282 0.95481220657277 0.30369718309859156 0.10446009389671361 
