0 0.03455105633802817 0.6581572769953051 0.06205985915492958 0.20011737089201878 
0 0.9575264084507042 0.9187206572769953 0.08494718309859155 0.16255868544600938 
0 0.6764964788732394 0.1687206572769953 0.07746478873239436 0.14730046948356806 
0 0.7154489436619719 0.363556338028169 0.07878521126760564 0.1942488262910798 
0 0.9196742957746479 0.3515258215962441 0.15536971830985916 0.3028169014084507 
0 0.11025528169014084 0.8717723004694836 0.14040492957746478 0.232981220657277 
0 0.5556778169014085 0.4131455399061033 0.21786971830985916 0.1431924882629108 
0 0.5347711267605634 0.738849765258216 0.1311619718309859 0.1267605633802817 
0 0.655149647887324 0.7147887323943662 0.09375 0.0903755868544601 
0 0.7533010563380281 0.6792840375586855 0.1386443661971831 0.17312206572769953 
0 0.9559859154929577 0.6766431924882629 0.0880281690140845 0.1795774647887324 
0 0.3102992957746479 0.403462441314554 0.2323943661971831 0.12617370892018778 
0 0.8025968309859155 0.7582159624413145 0.10431338028169014 0.08450704225352113 
0 0.1426056338028169 0.6555164319248826 0.12764084507042253 0.18779342723004694 
0 0.7053257042253521 0.8876173708920188 0.12632042253521128 0.22476525821596244 
0 0.3028169014084507 0.09008215962441314 0.15492957746478872 0.058098591549295774 
0 0.2777288732394366 0.9099178403755869 0.13468309859154928 0.18016431924882628 
0 0.8543133802816901 0.9181338028169014 0.11971830985915492 0.14964788732394366 
0 0.31117957746478875 0.29019953051643194 0.18221830985915494 0.08039906103286384 
0 0.5706426056338029 0.9113849765258216 0.10783450704225352 0.1772300469483568 
0 0.30875880281690143 0.1880868544600939 0.16857394366197184 0.052230046948356805 
0 0.2788292253521127 0.7362089201877934 0.09463028169014084 0.12852112676056338 
0 0.5288292253521126 0.1505281690140845 0.1580105633802817 0.07570422535211267 
0 0.5411531690140845 0.25088028169014087 0.1756161971830986 0.06748826291079812 
0 0.09419014084507042 0.31396713615023475 0.1795774647887324 0.1396713615023474 
0 0.11223591549295775 0.17458920187793428 0.14788732394366197 0.09565727699530517 
0 0.5684419014084507 0.641725352112676 0.1914612676056338 0.07453051643192488 
0 0.882262323943662 0.6904342723004695 0.11751760563380281 0.22593896713615025 
0 0.305237676056338 0.13233568075117372 0.16857394366197184 0.04518779342723005 
0 0.3921654929577465 0.6833920187793427 0.09859154929577464 0.07570422535211267 
0 0.4368397887323944 0.9043427230046949 0.12808098591549297 0.19131455399061034 
0 0.4143926056338028 0.7661384976525821 0.09815140845070422 0.07805164319248827 
0 0.542693661971831 0.31161971830985913 0.15316901408450703 0.06338028169014084 
0 0.03455105633802817 0.6581572769953051 0.06205985915492958 0.20011737089201878 
0 0.9575264084507042 0.9187206572769953 0.08494718309859155 0.16255868544600938 
0 0.6764964788732394 0.1687206572769953 0.07746478873239436 0.14730046948356806 
0 0.7154489436619719 0.363556338028169 0.07878521126760564 0.1942488262910798 
0 0.9196742957746479 0.3515258215962441 0.15536971830985916 0.3028169014084507 
0 0.11025528169014084 0.8717723004694836 0.14040492957746478 0.232981220657277 
0 0.5556778169014085 0.4131455399061033 0.21786971830985916 0.1431924882629108 
0 0.5347711267605634 0.738849765258216 0.1311619718309859 0.1267605633802817 
0 0.655149647887324 0.7147887323943662 0.09375 0.0903755868544601 
0 0.7533010563380281 0.6792840375586855 0.1386443661971831 0.17312206572769953 
0 0.9559859154929577 0.6766431924882629 0.0880281690140845 0.1795774647887324 
0 0.3102992957746479 0.403462441314554 0.2323943661971831 0.12617370892018778 
0 0.8025968309859155 0.7582159624413145 0.10431338028169014 0.08450704225352113 
0 0.1426056338028169 0.6555164319248826 0.12764084507042253 0.18779342723004694 
0 0.7053257042253521 0.8876173708920188 0.12632042253521128 0.22476525821596244 
0 0.3028169014084507 0.09008215962441314 0.15492957746478872 0.058098591549295774 
0 0.2777288732394366 0.9099178403755869 0.13468309859154928 0.18016431924882628 
0 0.8543133802816901 0.9181338028169014 0.11971830985915492 0.14964788732394366 
0 0.31117957746478875 0.29019953051643194 0.18221830985915494 0.08039906103286384 
0 0.5706426056338029 0.9113849765258216 0.10783450704225352 0.1772300469483568 
0 0.30875880281690143 0.1880868544600939 0.16857394366197184 0.052230046948356805 
0 0.2788292253521127 0.7362089201877934 0.09463028169014084 0.12852112676056338 
0 0.5288292253521126 0.1505281690140845 0.1580105633802817 0.07570422535211267 
0 0.5411531690140845 0.25088028169014087 0.1756161971830986 0.06748826291079812 
0 0.09419014084507042 0.31396713615023475 0.1795774647887324 0.1396713615023474 
0 0.11223591549295775 0.17458920187793428 0.14788732394366197 0.09565727699530517 
0 0.5684419014084507 0.641725352112676 0.1914612676056338 0.07453051643192488 
0 0.882262323943662 0.6904342723004695 0.11751760563380281 0.22593896713615025 
0 0.305237676056338 0.13233568075117372 0.16857394366197184 0.04518779342723005 
0 0.3921654929577465 0.6833920187793427 0.09859154929577464 0.07570422535211267 
0 0.4368397887323944 0.9043427230046949 0.12808098591549297 0.19131455399061034 
0 0.4143926056338028 0.7661384976525821 0.09815140845070422 0.07805164319248827 
0 0.542693661971831 0.31161971830985913 0.15316901408450703 0.06338028169014084 
0 0.03455105633802817 0.6581572769953051 0.06205985915492958 0.20011737089201878 
0 0.9575264084507042 0.9187206572769953 0.08494718309859155 0.16255868544600938 
0 0.6764964788732394 0.1687206572769953 0.07746478873239436 0.14730046948356806 
0 0.7154489436619719 0.363556338028169 0.07878521126760564 0.1942488262910798 
0 0.9196742957746479 0.3515258215962441 0.15536971830985916 0.3028169014084507 
0 0.11025528169014084 0.8717723004694836 0.14040492957746478 0.232981220657277 
0 0.5556778169014085 0.4131455399061033 0.21786971830985916 0.1431924882629108 
0 0.5347711267605634 0.738849765258216 0.1311619718309859 0.1267605633802817 
0 0.655149647887324 0.7147887323943662 0.09375 0.0903755868544601 
0 0.7533010563380281 0.6792840375586855 0.1386443661971831 0.17312206572769953 
0 0.9559859154929577 0.6766431924882629 0.0880281690140845 0.1795774647887324 
0 0.3102992957746479 0.403462441314554 0.2323943661971831 0.12617370892018778 
0 0.8025968309859155 0.7582159624413145 0.10431338028169014 0.08450704225352113 
0 0.1426056338028169 0.6555164319248826 0.12764084507042253 0.18779342723004694 
0 0.7053257042253521 0.8876173708920188 0.12632042253521128 0.22476525821596244 
0 0.3028169014084507 0.09008215962441314 0.15492957746478872 0.058098591549295774 
0 0.2777288732394366 0.9099178403755869 0.13468309859154928 0.18016431924882628 
0 0.8543133802816901 0.9181338028169014 0.11971830985915492 0.14964788732394366 
0 0.31117957746478875 0.29019953051643194 0.18221830985915494 0.08039906103286384 
0 0.5706426056338029 0.9113849765258216 0.10783450704225352 0.1772300469483568 
0 0.30875880281690143 0.1880868544600939 0.16857394366197184 0.052230046948356805 
0 0.2788292253521127 0.7362089201877934 0.09463028169014084 0.12852112676056338 
0 0.5288292253521126 0.1505281690140845 0.1580105633802817 0.07570422535211267 
0 0.5411531690140845 0.25088028169014087 0.1756161971830986 0.06748826291079812 
0 0.09419014084507042 0.31396713615023475 0.1795774647887324 0.1396713615023474 
0 0.11223591549295775 0.17458920187793428 0.14788732394366197 0.09565727699530517 
0 0.5684419014084507 0.641725352112676 0.1914612676056338 0.07453051643192488 
0 0.882262323943662 0.6904342723004695 0.11751760563380281 0.22593896713615025 
0 0.305237676056338 0.13233568075117372 0.16857394366197184 0.04518779342723005 
0 0.3921654929577465 0.6833920187793427 0.09859154929577464 0.07570422535211267 
0 0.4368397887323944 0.9043427230046949 0.12808098591549297 0.19131455399061034 
0 0.4143926056338028 0.7661384976525821 0.09815140845070422 0.07805164319248827 
0 0.542693661971831 0.31161971830985913 0.15316901408450703 0.06338028169014084 
