0 0.9460827464788732 0.4876760563380282 0.08934859154929578 0.1068075117370892 
0 0.18397887323943662 0.284037558685446 0.07482394366197183 0.1607981220657277 
0 0.844850352112676 0.8210093896713615 0.07790492957746478 0.11619718309859155 
0 0.037411971830985914 0.284037558685446 0.06426056338028169 0.16666666666666666 
0 0.6963028169014085 0.6569835680751174 0.07570422535211267 0.13204225352112675 
0 0.9225352112676056 0.07746478873239436 0.09683098591549295 0.11267605633802817 
0 0.3659771126760563 0.27875586854460094 0.10079225352112677 0.15610328638497653 
0 0.07152288732394366 0.08597417840375587 0.061179577464788734 0.15786384976525822 
0 0.3459507042253521 0.4838615023474178 0.07482394366197183 0.1437793427230047 
0 0.7211707746478874 0.27992957746478875 0.09198943661971831 0.15845070422535212 
0 0.07570422535211267 0.47857981220657275 0.06514084507042253 0.15316901408450703 
0 0.7693661971830986 0.658744131455399 0.07042253521126761 0.13204225352112675 
0 0.6976232394366197 0.8342136150234741 0.07130281690140845 0.07805164319248827 
0 0.9225352112676056 0.658744131455399 0.07922535211267606 0.10856807511737089 
0 0.7299735915492958 0.7687793427230047 0.0682218309859155 0.04342723004694836 
0 0.9654489436619719 0.27992957746478875 0.06910211267605634 0.1607981220657277 
0 0.6285211267605634 0.8339201877934272 0.06426056338028169 0.06924882629107981 
0 0.4903169014084507 0.8224765258215962 0.06514084507042253 0.1426056338028169 
0 0.02618838028169014 0.8166079812206573 0.05149647887323944 0.11091549295774648 
0 0.413512323943662 0.8207159624413145 0.08670774647887323 0.1426056338028169 
0 0.7678257042253521 0.829225352112676 0.06910211267605634 0.07746478873239436 
0 0.08340669014084508 0.8163145539906104 0.06734154929577464 0.11267605633802817 
0 0.21038732394366197 0.8157276995305164 0.06602112676056338 0.12323943661971831 
0 0.2755281690140845 0.8213028169014085 0.06602112676056338 0.13204225352112675 
0 0.33934859154929575 0.8201291079812206 0.061619718309859156 0.13204225352112675 
0 0.5576584507042254 0.8163145539906104 0.07130281690140845 0.12441314553990611 
0 0.921875 0.8169014084507042 0.07790492957746478 0.11150234741784038 
0 0.657350352112676 0.7723004694835681 0.07262323943661972 0.03051643192488263 
0 0.15272887323943662 0.08568075117370892 0.10035211267605634 0.15140845070422534 
0 0.8413292253521126 0.6575704225352113 0.0761443661971831 0.1238262910798122 
0 0.370818661971831 0.0715962441314554 0.08142605633802817 0.13380281690140844 
0 0.3939260563380282 0.659330985915493 0.07306338028169014 0.1273474178403756 
0 0.45686619718309857 0.2819835680751174 0.07922535211267606 0.15669014084507044 
0 0.6201584507042254 0.6552230046948356 0.07746478873239436 0.12852112676056338 
0 0.2011443661971831 0.48063380281690143 0.06073943661971831 0.1431924882629108 
0 0.546875 0.6549295774647887 0.06998239436619719 0.12793427230046947 
0 0.5123239436619719 0.48327464788732394 0.08450704225352113 0.1426056338028169 
0 0.6318221830985915 0.2775821596244131 0.08582746478873239 0.1596244131455399 
0 0.7671654929577465 0.49002347417840375 0.09066901408450705 0.12323943661971831 
0 0.543794014084507 0.2802230046948357 0.08582746478873239 0.15551643192488263 
0 0.1388644366197183 0.47857981220657275 0.05941901408450704 0.1449530516431925 
0 0.26276408450704225 0.28374413145539906 0.08450704225352113 0.16255868544600938 
0 0.26936619718309857 0.47975352112676056 0.07394366197183098 0.1437793427230047 
0 0.8587147887323944 0.4850352112676056 0.08538732394366197 0.11561032863849766 
0 0.30963908450704225 0.6528755868544601 0.0664612676056338 0.12030516431924883 
0 0.24537852112676056 0.6572769953051644 0.058538732394366196 0.11502347417840375 
0 0.4630281690140845 0.07453051643192488 0.08714788732394366 0.14084507042253522 
0 0.5972711267605634 0.4794600938967136 0.08890845070422536 0.14084507042253522 
0 0.11025528169014084 0.28080985915492956 0.07702464788732394 0.1602112676056338 
0 0.6815580985915493 0.48327464788732394 0.07702464788732394 0.13908450704225353 
0 0.735475352112676 0.07394366197183098 0.09242957746478873 0.1396713615023474 
0 0.03829225352112676 0.6563967136150235 0.06690140845070422 0.11326291079812206 
0 0.8912852112676056 0.2811032863849765 0.0818661971830986 0.16314553990610328 
0 0.10915492957746478 0.6566901408450704 0.0721830985915493 0.11619718309859155 
0 0.8085387323943662 0.28169014084507044 0.08274647887323944 0.1619718309859155 
0 0.827024647887324 0.07658450704225352 0.08890845070422536 0.1273474178403756 
0 0.2550616197183099 0.08039906103286384 0.09991197183098592 0.14084507042253522 
0 0.4269366197183099 0.4800469483568075 0.08538732394366197 0.1443661971830986 
0 0.4720510563380282 0.6599178403755869 0.08054577464788733 0.12030516431924883 
0 0.18155809859154928 0.6572769953051644 0.06998239436619719 0.11737089201877934 
0 0.6456866197183099 0.07629107981220658 0.08890845070422536 0.1467136150234742 
0 0.5543573943661971 0.07453051643192488 0.09375 0.1467136150234742 
0 0.9460827464788732 0.4876760563380282 0.08934859154929578 0.1068075117370892 
0 0.18397887323943662 0.284037558685446 0.07482394366197183 0.1607981220657277 
0 0.844850352112676 0.8210093896713615 0.07790492957746478 0.11619718309859155 
0 0.037411971830985914 0.284037558685446 0.06426056338028169 0.16666666666666666 
0 0.6963028169014085 0.6569835680751174 0.07570422535211267 0.13204225352112675 
0 0.9225352112676056 0.07746478873239436 0.09683098591549295 0.11267605633802817 
0 0.3659771126760563 0.27875586854460094 0.10079225352112677 0.15610328638497653 
0 0.07152288732394366 0.08597417840375587 0.061179577464788734 0.15786384976525822 
0 0.3459507042253521 0.4838615023474178 0.07482394366197183 0.1437793427230047 
0 0.7211707746478874 0.27992957746478875 0.09198943661971831 0.15845070422535212 
0 0.07570422535211267 0.47857981220657275 0.06514084507042253 0.15316901408450703 
0 0.7693661971830986 0.658744131455399 0.07042253521126761 0.13204225352112675 
0 0.6976232394366197 0.8342136150234741 0.07130281690140845 0.07805164319248827 
0 0.9225352112676056 0.658744131455399 0.07922535211267606 0.10856807511737089 
0 0.7299735915492958 0.7687793427230047 0.0682218309859155 0.04342723004694836 
0 0.9654489436619719 0.27992957746478875 0.06910211267605634 0.1607981220657277 
0 0.6285211267605634 0.8339201877934272 0.06426056338028169 0.06924882629107981 
0 0.4903169014084507 0.8224765258215962 0.06514084507042253 0.1426056338028169 
0 0.02618838028169014 0.8166079812206573 0.05149647887323944 0.11091549295774648 
0 0.413512323943662 0.8207159624413145 0.08670774647887323 0.1426056338028169 
0 0.7678257042253521 0.829225352112676 0.06910211267605634 0.07746478873239436 
0 0.08340669014084508 0.8163145539906104 0.06734154929577464 0.11267605633802817 
0 0.21038732394366197 0.8157276995305164 0.06602112676056338 0.12323943661971831 
0 0.2755281690140845 0.8213028169014085 0.06602112676056338 0.13204225352112675 
0 0.33934859154929575 0.8201291079812206 0.061619718309859156 0.13204225352112675 
0 0.5576584507042254 0.8163145539906104 0.07130281690140845 0.12441314553990611 
0 0.921875 0.8169014084507042 0.07790492957746478 0.11150234741784038 
0 0.657350352112676 0.7723004694835681 0.07262323943661972 0.03051643192488263 
0 0.15272887323943662 0.08568075117370892 0.10035211267605634 0.15140845070422534 
0 0.8413292253521126 0.6575704225352113 0.0761443661971831 0.1238262910798122 
0 0.370818661971831 0.0715962441314554 0.08142605633802817 0.13380281690140844 
0 0.3939260563380282 0.659330985915493 0.07306338028169014 0.1273474178403756 
0 0.45686619718309857 0.2819835680751174 0.07922535211267606 0.15669014084507044 
0 0.6201584507042254 0.6552230046948356 0.07746478873239436 0.12852112676056338 
0 0.2011443661971831 0.48063380281690143 0.06073943661971831 0.1431924882629108 
0 0.546875 0.6549295774647887 0.06998239436619719 0.12793427230046947 
0 0.5123239436619719 0.48327464788732394 0.08450704225352113 0.1426056338028169 
0 0.6318221830985915 0.2775821596244131 0.08582746478873239 0.1596244131455399 
0 0.7671654929577465 0.49002347417840375 0.09066901408450705 0.12323943661971831 
0 0.543794014084507 0.2802230046948357 0.08582746478873239 0.15551643192488263 
0 0.1388644366197183 0.47857981220657275 0.05941901408450704 0.1449530516431925 
0 0.26276408450704225 0.28374413145539906 0.08450704225352113 0.16255868544600938 
0 0.26936619718309857 0.47975352112676056 0.07394366197183098 0.1437793427230047 
0 0.8587147887323944 0.4850352112676056 0.08538732394366197 0.11561032863849766 
0 0.30963908450704225 0.6528755868544601 0.0664612676056338 0.12030516431924883 
0 0.24537852112676056 0.6572769953051644 0.058538732394366196 0.11502347417840375 
0 0.4630281690140845 0.07453051643192488 0.08714788732394366 0.14084507042253522 
0 0.5972711267605634 0.4794600938967136 0.08890845070422536 0.14084507042253522 
0 0.11025528169014084 0.28080985915492956 0.07702464788732394 0.1602112676056338 
0 0.6815580985915493 0.48327464788732394 0.07702464788732394 0.13908450704225353 
0 0.735475352112676 0.07394366197183098 0.09242957746478873 0.1396713615023474 
0 0.03829225352112676 0.6563967136150235 0.06690140845070422 0.11326291079812206 
0 0.8912852112676056 0.2811032863849765 0.0818661971830986 0.16314553990610328 
0 0.10915492957746478 0.6566901408450704 0.0721830985915493 0.11619718309859155 
0 0.8085387323943662 0.28169014084507044 0.08274647887323944 0.1619718309859155 
0 0.827024647887324 0.07658450704225352 0.08890845070422536 0.1273474178403756 
0 0.2550616197183099 0.08039906103286384 0.09991197183098592 0.14084507042253522 
0 0.4269366197183099 0.4800469483568075 0.08538732394366197 0.1443661971830986 
0 0.4720510563380282 0.6599178403755869 0.08054577464788733 0.12030516431924883 
0 0.18155809859154928 0.6572769953051644 0.06998239436619719 0.11737089201877934 
0 0.6456866197183099 0.07629107981220658 0.08890845070422536 0.1467136150234742 
0 0.5543573943661971 0.07453051643192488 0.09375 0.1467136150234742 
0 0.9460827464788732 0.4876760563380282 0.08934859154929578 0.1068075117370892 
0 0.18397887323943662 0.284037558685446 0.07482394366197183 0.1607981220657277 
0 0.844850352112676 0.8210093896713615 0.07790492957746478 0.11619718309859155 
0 0.037411971830985914 0.284037558685446 0.06426056338028169 0.16666666666666666 
0 0.6963028169014085 0.6569835680751174 0.07570422535211267 0.13204225352112675 
0 0.9225352112676056 0.07746478873239436 0.09683098591549295 0.11267605633802817 
0 0.3659771126760563 0.27875586854460094 0.10079225352112677 0.15610328638497653 
0 0.07152288732394366 0.08597417840375587 0.061179577464788734 0.15786384976525822 
0 0.3459507042253521 0.4838615023474178 0.07482394366197183 0.1437793427230047 
0 0.7211707746478874 0.27992957746478875 0.09198943661971831 0.15845070422535212 
0 0.07570422535211267 0.47857981220657275 0.06514084507042253 0.15316901408450703 
0 0.7693661971830986 0.658744131455399 0.07042253521126761 0.13204225352112675 
0 0.6976232394366197 0.8342136150234741 0.07130281690140845 0.07805164319248827 
0 0.9225352112676056 0.658744131455399 0.07922535211267606 0.10856807511737089 
0 0.7299735915492958 0.7687793427230047 0.0682218309859155 0.04342723004694836 
0 0.9654489436619719 0.27992957746478875 0.06910211267605634 0.1607981220657277 
0 0.6285211267605634 0.8339201877934272 0.06426056338028169 0.06924882629107981 
0 0.4903169014084507 0.8224765258215962 0.06514084507042253 0.1426056338028169 
0 0.02618838028169014 0.8166079812206573 0.05149647887323944 0.11091549295774648 
0 0.413512323943662 0.8207159624413145 0.08670774647887323 0.1426056338028169 
0 0.7678257042253521 0.829225352112676 0.06910211267605634 0.07746478873239436 
0 0.08340669014084508 0.8163145539906104 0.06734154929577464 0.11267605633802817 
0 0.21038732394366197 0.8157276995305164 0.06602112676056338 0.12323943661971831 
0 0.2755281690140845 0.8213028169014085 0.06602112676056338 0.13204225352112675 
0 0.33934859154929575 0.8201291079812206 0.061619718309859156 0.13204225352112675 
0 0.5576584507042254 0.8163145539906104 0.07130281690140845 0.12441314553990611 
0 0.921875 0.8169014084507042 0.07790492957746478 0.11150234741784038 
0 0.657350352112676 0.7723004694835681 0.07262323943661972 0.03051643192488263 
0 0.15272887323943662 0.08568075117370892 0.10035211267605634 0.15140845070422534 
0 0.8413292253521126 0.6575704225352113 0.0761443661971831 0.1238262910798122 
0 0.370818661971831 0.0715962441314554 0.08142605633802817 0.13380281690140844 
0 0.3939260563380282 0.659330985915493 0.07306338028169014 0.1273474178403756 
0 0.45686619718309857 0.2819835680751174 0.07922535211267606 0.15669014084507044 
0 0.6201584507042254 0.6552230046948356 0.07746478873239436 0.12852112676056338 
0 0.2011443661971831 0.48063380281690143 0.06073943661971831 0.1431924882629108 
0 0.546875 0.6549295774647887 0.06998239436619719 0.12793427230046947 
0 0.5123239436619719 0.48327464788732394 0.08450704225352113 0.1426056338028169 
0 0.6318221830985915 0.2775821596244131 0.08582746478873239 0.1596244131455399 
0 0.7671654929577465 0.49002347417840375 0.09066901408450705 0.12323943661971831 
0 0.543794014084507 0.2802230046948357 0.08582746478873239 0.15551643192488263 
0 0.1388644366197183 0.47857981220657275 0.05941901408450704 0.1449530516431925 
0 0.26276408450704225 0.28374413145539906 0.08450704225352113 0.16255868544600938 
0 0.26936619718309857 0.47975352112676056 0.07394366197183098 0.1437793427230047 
0 0.8587147887323944 0.4850352112676056 0.08538732394366197 0.11561032863849766 
0 0.30963908450704225 0.6528755868544601 0.0664612676056338 0.12030516431924883 
0 0.24537852112676056 0.6572769953051644 0.058538732394366196 0.11502347417840375 
0 0.4630281690140845 0.07453051643192488 0.08714788732394366 0.14084507042253522 
0 0.5972711267605634 0.4794600938967136 0.08890845070422536 0.14084507042253522 
0 0.11025528169014084 0.28080985915492956 0.07702464788732394 0.1602112676056338 
0 0.6815580985915493 0.48327464788732394 0.07702464788732394 0.13908450704225353 
0 0.735475352112676 0.07394366197183098 0.09242957746478873 0.1396713615023474 
0 0.03829225352112676 0.6563967136150235 0.06690140845070422 0.11326291079812206 
0 0.8912852112676056 0.2811032863849765 0.0818661971830986 0.16314553990610328 
0 0.10915492957746478 0.6566901408450704 0.0721830985915493 0.11619718309859155 
0 0.8085387323943662 0.28169014084507044 0.08274647887323944 0.1619718309859155 
0 0.827024647887324 0.07658450704225352 0.08890845070422536 0.1273474178403756 
0 0.2550616197183099 0.08039906103286384 0.09991197183098592 0.14084507042253522 
0 0.4269366197183099 0.4800469483568075 0.08538732394366197 0.1443661971830986 
0 0.4720510563380282 0.6599178403755869 0.08054577464788733 0.12030516431924883 
0 0.18155809859154928 0.6572769953051644 0.06998239436619719 0.11737089201877934 
0 0.6456866197183099 0.07629107981220658 0.08890845070422536 0.1467136150234742 
0 0.5543573943661971 0.07453051643192488 0.09375 0.1467136150234742 
