0 0.8199823943661971 0.0715962441314554 0.09507042253521127 0.142018779342723 
0 0.887544014084507 0.6625586854460094 0.17825704225352113 0.05516431924882629 
0 0.9242957746478874 0.801056338028169 0.15140845070422534 0.09389671361502347 
0 0.8932658450704225 0.2846244131455399 0.12544014084507044 0.24530516431924881 
0 0.11685739436619719 0.8926056338028169 0.21610915492957747 0.11150234741784038 
0 0.8932658450704225 0.7209507042253521 0.2108274647887324 0.05457746478873239 
0 0.920774647887324 0.891725352112676 0.15757042253521128 0.06514084507042253 
0 0.9467429577464789 0.17693661971830985 0.0994718309859155 0.23650234741784038 
0 0.03279049295774648 0.07599765258215962 0.058538732394366196 0.14612676056338028 
0 0.14964788732394366 0.058098591549295774 0.13380281690140844 0.11032863849765258 
0 0.6643926056338029 0.886443661971831 0.2706866197183099 0.05457746478873239 
0 0.42099471830985913 0.06924882629107981 0.10783450704225352 0.13732394366197184 
0 0.4293573943661972 0.2831572769953052 0.12984154929577466 0.22359154929577466 
0 0.7361355633802817 0.2937206572769953 0.12279929577464789 0.2529342723004695 
0 0.3824823943661972 0.6572769953051644 0.2051056338028169 0.07981220657276995 
0 0.6872799295774648 0.0715962441314554 0.08758802816901408 0.13732394366197184 
0 0.6522887323943662 0.727406103286385 0.20334507042253522 0.0710093896713615 
0 0.11575704225352113 0.7535211267605634 0.20774647887323944 0.08215962441314555 
0 0.12279929577464789 0.6558098591549296 0.20774647887323944 0.06866197183098592 
0 0.3816021126760563 0.7620305164319249 0.22183098591549297 0.09565727699530517 
0 0.6441461267605634 0.6405516431924883 0.18794014084507044 0.0733568075117371 
0 0.10871478873239436 0.25234741784037557 0.1619718309859155 0.2664319248826291 
0 0.6599911971830986 0.8098591549295775 0.22755281690140844 0.08333333333333333 
0 0.2893926056338028 0.06954225352112677 0.11839788732394366 0.13791079812206572 
0 0.5534771126760564 0.07188967136150234 0.10695422535211267 0.1426056338028169 
0 0.5862676056338029 0.2869718309859155 0.136443661971831 0.23708920187793428 
0 0.2695862676056338 0.27406103286384975 0.14216549295774647 0.2323943661971831 
0 0.3945862676056338 0.869424882629108 0.22403169014084506 0.08509389671361503 
0 0.8199823943661971 0.0715962441314554 0.09507042253521127 0.142018779342723 
0 0.887544014084507 0.6625586854460094 0.17825704225352113 0.05516431924882629 
0 0.9242957746478874 0.801056338028169 0.15140845070422534 0.09389671361502347 
0 0.8932658450704225 0.2846244131455399 0.12544014084507044 0.24530516431924881 
0 0.11685739436619719 0.8926056338028169 0.21610915492957747 0.11150234741784038 
0 0.8932658450704225 0.7209507042253521 0.2108274647887324 0.05457746478873239 
0 0.920774647887324 0.891725352112676 0.15757042253521128 0.06514084507042253 
0 0.9467429577464789 0.17693661971830985 0.0994718309859155 0.23650234741784038 
0 0.03279049295774648 0.07599765258215962 0.058538732394366196 0.14612676056338028 
0 0.14964788732394366 0.058098591549295774 0.13380281690140844 0.11032863849765258 
0 0.6643926056338029 0.886443661971831 0.2706866197183099 0.05457746478873239 
0 0.42099471830985913 0.06924882629107981 0.10783450704225352 0.13732394366197184 
0 0.4293573943661972 0.2831572769953052 0.12984154929577466 0.22359154929577466 
0 0.7361355633802817 0.2937206572769953 0.12279929577464789 0.2529342723004695 
0 0.3824823943661972 0.6572769953051644 0.2051056338028169 0.07981220657276995 
0 0.6872799295774648 0.0715962441314554 0.08758802816901408 0.13732394366197184 
0 0.6522887323943662 0.727406103286385 0.20334507042253522 0.0710093896713615 
0 0.11575704225352113 0.7535211267605634 0.20774647887323944 0.08215962441314555 
0 0.12279929577464789 0.6558098591549296 0.20774647887323944 0.06866197183098592 
0 0.3816021126760563 0.7620305164319249 0.22183098591549297 0.09565727699530517 
0 0.6441461267605634 0.6405516431924883 0.18794014084507044 0.0733568075117371 
0 0.10871478873239436 0.25234741784037557 0.1619718309859155 0.2664319248826291 
0 0.6599911971830986 0.8098591549295775 0.22755281690140844 0.08333333333333333 
0 0.2893926056338028 0.06954225352112677 0.11839788732394366 0.13791079812206572 
0 0.5534771126760564 0.07188967136150234 0.10695422535211267 0.1426056338028169 
0 0.5862676056338029 0.2869718309859155 0.136443661971831 0.23708920187793428 
0 0.2695862676056338 0.27406103286384975 0.14216549295774647 0.2323943661971831 
0 0.3945862676056338 0.869424882629108 0.22403169014084506 0.08509389671361503 
0 0.8199823943661971 0.0715962441314554 0.09507042253521127 0.142018779342723 
0 0.887544014084507 0.6625586854460094 0.17825704225352113 0.05516431924882629 
0 0.9242957746478874 0.801056338028169 0.15140845070422534 0.09389671361502347 
0 0.8932658450704225 0.2846244131455399 0.12544014084507044 0.24530516431924881 
0 0.11685739436619719 0.8926056338028169 0.21610915492957747 0.11150234741784038 
0 0.8932658450704225 0.7209507042253521 0.2108274647887324 0.05457746478873239 
0 0.920774647887324 0.891725352112676 0.15757042253521128 0.06514084507042253 
0 0.9467429577464789 0.17693661971830985 0.0994718309859155 0.23650234741784038 
0 0.03279049295774648 0.07599765258215962 0.058538732394366196 0.14612676056338028 
0 0.14964788732394366 0.058098591549295774 0.13380281690140844 0.11032863849765258 
0 0.6643926056338029 0.886443661971831 0.2706866197183099 0.05457746478873239 
0 0.42099471830985913 0.06924882629107981 0.10783450704225352 0.13732394366197184 
0 0.4293573943661972 0.2831572769953052 0.12984154929577466 0.22359154929577466 
0 0.7361355633802817 0.2937206572769953 0.12279929577464789 0.2529342723004695 
0 0.3824823943661972 0.6572769953051644 0.2051056338028169 0.07981220657276995 
0 0.6872799295774648 0.0715962441314554 0.08758802816901408 0.13732394366197184 
0 0.6522887323943662 0.727406103286385 0.20334507042253522 0.0710093896713615 
0 0.11575704225352113 0.7535211267605634 0.20774647887323944 0.08215962441314555 
0 0.12279929577464789 0.6558098591549296 0.20774647887323944 0.06866197183098592 
0 0.3816021126760563 0.7620305164319249 0.22183098591549297 0.09565727699530517 
0 0.6441461267605634 0.6405516431924883 0.18794014084507044 0.0733568075117371 
0 0.10871478873239436 0.25234741784037557 0.1619718309859155 0.2664319248826291 
0 0.6599911971830986 0.8098591549295775 0.22755281690140844 0.08333333333333333 
0 0.2893926056338028 0.06954225352112677 0.11839788732394366 0.13791079812206572 
0 0.5534771126760564 0.07188967136150234 0.10695422535211267 0.1426056338028169 
0 0.5862676056338029 0.2869718309859155 0.136443661971831 0.23708920187793428 
0 0.2695862676056338 0.27406103286384975 0.14216549295774647 0.2323943661971831 
0 0.3945862676056338 0.869424882629108 0.22403169014084506 0.08509389671361503 
