0 0.7180897887323944 0.46830985915492956 0.050616197183098594 0.06455399061032864 
0 0.11707746478873239 0.14583333333333334 0.11179577464788733 0.07687793427230047 
0 0.24955985915492956 0.13262910798122066 0.11707746478873239 0.16314553990610328 
0 0.17671654929577466 0.4369131455399061 0.05677816901408451 0.05927230046948357 
0 0.8470510563380281 0.7699530516431925 0.14744718309859156 0.27230046948356806 
0 0.765625 0.059565727699530516 0.13424295774647887 0.052230046948356805 
0 0.9630281690140845 0.11355633802816902 0.07394366197183098 0.125 
0 0.9463028169014085 0.3703051643192488 0.1073943661971831 0.15610328638497653 
0 0.4808538732394366 0.8421361502347418 0.18089788732394366 0.07042253521126761 
0 0.4746919014084507 0.7546948356807511 0.17033450704225353 0.05985915492957746 
0 0.22359154929577466 0.8785211267605634 0.21830985915492956 0.07863849765258216 
0 0.8164612676056338 0.3600352112676056 0.14788732394366197 0.14730046948356806 
0 0.3716989436619718 0.14289906103286384 0.10959507042253522 0.18603286384976525 
0 0.7610035211267606 0.153462441314554 0.09859154929577464 0.12617370892018778 
0 0.6470070422535211 0.20833333333333334 0.12147887323943662 0.15845070422535212 
0 0.08714788732394366 0.3107394366197183 0.12588028169014084 0.20950704225352113 
0 0.969850352112676 0.75 0.07790492957746478 0.21244131455399062 
0 0.0974911971830986 0.06543427230046948 0.1386443661971831 0.06396713615023474 
0 0.21985035211267606 0.6120892018779343 0.19586267605633803 0.04812206572769953 
0 0.38930457746478875 0.34419014084507044 0.1113556338028169 0.1437793427230047 
0 0.2106073943661972 0.7811032863849765 0.22139084507042253 0.08568075117370892 
0 0.6797975352112676 0.7455985915492958 0.1386443661971831 0.3022300469483568 
0 0.2405369718309859 0.3444835680751174 0.10255281690140845 0.12793427230046947 
0 0.6643926056338029 0.3588615023474178 0.11047535211267606 0.1238262910798122 
0 0.47007042253521125 0.6927816901408451 0.1619718309859155 0.04753521126760563 
0 0.22205105633802816 0.676056338028169 0.2011443661971831 0.04812206572769953 
0 0.5015404929577465 0.1722417840375587 0.12720070422535212 0.13791079812206572 
0 0.522887323943662 0.3453638497652582 0.10035211267605634 0.14847417840375587 
0 0.4588468309859155 0.6200117370892019 0.1624119718309859 0.052230046948356805 
0 0.7180897887323944 0.46830985915492956 0.050616197183098594 0.06455399061032864 
0 0.11707746478873239 0.14583333333333334 0.11179577464788733 0.07687793427230047 
0 0.24955985915492956 0.13262910798122066 0.11707746478873239 0.16314553990610328 
0 0.17671654929577466 0.4369131455399061 0.05677816901408451 0.05927230046948357 
0 0.8470510563380281 0.7699530516431925 0.14744718309859156 0.27230046948356806 
0 0.765625 0.059565727699530516 0.13424295774647887 0.052230046948356805 
0 0.9630281690140845 0.11355633802816902 0.07394366197183098 0.125 
0 0.9463028169014085 0.3703051643192488 0.1073943661971831 0.15610328638497653 
0 0.4808538732394366 0.8421361502347418 0.18089788732394366 0.07042253521126761 
0 0.4746919014084507 0.7546948356807511 0.17033450704225353 0.05985915492957746 
0 0.22359154929577466 0.8785211267605634 0.21830985915492956 0.07863849765258216 
0 0.8164612676056338 0.3600352112676056 0.14788732394366197 0.14730046948356806 
0 0.3716989436619718 0.14289906103286384 0.10959507042253522 0.18603286384976525 
0 0.7610035211267606 0.153462441314554 0.09859154929577464 0.12617370892018778 
0 0.6470070422535211 0.20833333333333334 0.12147887323943662 0.15845070422535212 
0 0.08714788732394366 0.3107394366197183 0.12588028169014084 0.20950704225352113 
0 0.969850352112676 0.75 0.07790492957746478 0.21244131455399062 
0 0.0974911971830986 0.06543427230046948 0.1386443661971831 0.06396713615023474 
0 0.21985035211267606 0.6120892018779343 0.19586267605633803 0.04812206572769953 
0 0.38930457746478875 0.34419014084507044 0.1113556338028169 0.1437793427230047 
0 0.2106073943661972 0.7811032863849765 0.22139084507042253 0.08568075117370892 
0 0.6797975352112676 0.7455985915492958 0.1386443661971831 0.3022300469483568 
0 0.2405369718309859 0.3444835680751174 0.10255281690140845 0.12793427230046947 
0 0.6643926056338029 0.3588615023474178 0.11047535211267606 0.1238262910798122 
0 0.47007042253521125 0.6927816901408451 0.1619718309859155 0.04753521126760563 
0 0.22205105633802816 0.676056338028169 0.2011443661971831 0.04812206572769953 
0 0.5015404929577465 0.1722417840375587 0.12720070422535212 0.13791079812206572 
0 0.522887323943662 0.3453638497652582 0.10035211267605634 0.14847417840375587 
0 0.4588468309859155 0.6200117370892019 0.1624119718309859 0.052230046948356805 
0 0.7180897887323944 0.46830985915492956 0.050616197183098594 0.06455399061032864 
0 0.11707746478873239 0.14583333333333334 0.11179577464788733 0.07687793427230047 
0 0.24955985915492956 0.13262910798122066 0.11707746478873239 0.16314553990610328 
0 0.17671654929577466 0.4369131455399061 0.05677816901408451 0.05927230046948357 
0 0.8470510563380281 0.7699530516431925 0.14744718309859156 0.27230046948356806 
0 0.765625 0.059565727699530516 0.13424295774647887 0.052230046948356805 
0 0.9630281690140845 0.11355633802816902 0.07394366197183098 0.125 
0 0.9463028169014085 0.3703051643192488 0.1073943661971831 0.15610328638497653 
0 0.4808538732394366 0.8421361502347418 0.18089788732394366 0.07042253521126761 
0 0.4746919014084507 0.7546948356807511 0.17033450704225353 0.05985915492957746 
0 0.22359154929577466 0.8785211267605634 0.21830985915492956 0.07863849765258216 
0 0.8164612676056338 0.3600352112676056 0.14788732394366197 0.14730046948356806 
0 0.3716989436619718 0.14289906103286384 0.10959507042253522 0.18603286384976525 
0 0.7610035211267606 0.153462441314554 0.09859154929577464 0.12617370892018778 
0 0.6470070422535211 0.20833333333333334 0.12147887323943662 0.15845070422535212 
0 0.08714788732394366 0.3107394366197183 0.12588028169014084 0.20950704225352113 
0 0.969850352112676 0.75 0.07790492957746478 0.21244131455399062 
0 0.0974911971830986 0.06543427230046948 0.1386443661971831 0.06396713615023474 
0 0.21985035211267606 0.6120892018779343 0.19586267605633803 0.04812206572769953 
0 0.38930457746478875 0.34419014084507044 0.1113556338028169 0.1437793427230047 
0 0.2106073943661972 0.7811032863849765 0.22139084507042253 0.08568075117370892 
0 0.6797975352112676 0.7455985915492958 0.1386443661971831 0.3022300469483568 
0 0.2405369718309859 0.3444835680751174 0.10255281690140845 0.12793427230046947 
0 0.6643926056338029 0.3588615023474178 0.11047535211267606 0.1238262910798122 
0 0.47007042253521125 0.6927816901408451 0.1619718309859155 0.04753521126760563 
0 0.22205105633802816 0.676056338028169 0.2011443661971831 0.04812206572769953 
0 0.5015404929577465 0.1722417840375587 0.12720070422535212 0.13791079812206572 
0 0.522887323943662 0.3453638497652582 0.10035211267605634 0.14847417840375587 
0 0.4588468309859155 0.6200117370892019 0.1624119718309859 0.052230046948356805 
