0 0.10519366197183098 0.6426056338028169 0.1073943661971831 0.08685446009389672 
0 0.9401408450704225 0.5607394366197183 0.09507042253521127 0.06748826291079812 
0 0.8994278169014085 0.8083920187793427 0.12720070422535212 0.13321596244131456 
0 0.8367077464788732 0.19512910798122066 0.08362676056338028 0.06514084507042253 
0 0.9507042253521126 0.6681338028169014 0.08890845070422536 0.08509389671361503 
0 0.0840669014084507 0.2828638497652582 0.07130281690140845 0.17488262910798122 
0 0.129181338028169 0.1317488262910798 0.08670774647887323 0.1273474178403756 
0 0.03851232394366197 0.09683098591549295 0.0761443661971831 0.09859154929577464 
0 0.8569542253521126 0.6666666666666666 0.10035211267605634 0.13497652582159625 
0 0.9256161971830986 0.18104460093896713 0.051056338028169015 0.08157276995305164 
0 0.6327024647887324 0.8277582159624414 0.1131161971830986 0.13556338028169015 
0 0.758362676056338 0.2972417840375587 0.1487676056338028 0.13086854460093897 
0 0.41747359154929575 0.24794600938967137 0.207306338028169 0.17312206572769953 
0 0.09220950704225352 0.5443075117370892 0.1113556338028169 0.0534037558685446 
0 0.0644806338028169 0.7943075117370892 0.11047535211267606 0.1977699530516432 
0 0.3611355633802817 0.829225352112676 0.11751760563380281 0.1467136150234742 
0 0.21897007042253522 0.8192488262910798 0.11487676056338028 0.15492957746478872 
0 0.4980193661971831 0.8271713615023474 0.1192781690140845 0.1402582159624413 
0 0.34242957746478875 0.6285211267605634 0.10651408450704225 0.18896713615023475 
0 0.674955985915493 0.16314553990610328 0.18529929577464788 0.07863849765258216 
0 0.6038732394366197 0.2849178403755869 0.15316901408450703 0.18838028169014084 
0 0.22315140845070422 0.6261737089201878 0.10915492957746478 0.1443661971830986 
0 0.7819102112676056 0.8157276995305164 0.1192781690140845 0.1619718309859155 
0 0.7273327464788732 0.6094483568075117 0.1192781690140845 0.10622065727699531 
0 0.5996919014084507 0.6511150234741784 0.08582746478873239 0.15316901408450703 
0 0.9330985915492958 0.3051643192488263 0.0625 0.107981220657277 
0 0.4727112676056338 0.6405516431924883 0.1153169014084507 0.14964788732394366 
0 0.10519366197183098 0.6426056338028169 0.1073943661971831 0.08685446009389672 
0 0.9401408450704225 0.5607394366197183 0.09507042253521127 0.06748826291079812 
0 0.8994278169014085 0.8083920187793427 0.12720070422535212 0.13321596244131456 
0 0.8367077464788732 0.19512910798122066 0.08362676056338028 0.06514084507042253 
0 0.9507042253521126 0.6681338028169014 0.08890845070422536 0.08509389671361503 
0 0.0840669014084507 0.2828638497652582 0.07130281690140845 0.17488262910798122 
0 0.129181338028169 0.1317488262910798 0.08670774647887323 0.1273474178403756 
0 0.03851232394366197 0.09683098591549295 0.0761443661971831 0.09859154929577464 
0 0.8569542253521126 0.6666666666666666 0.10035211267605634 0.13497652582159625 
0 0.9256161971830986 0.18104460093896713 0.051056338028169015 0.08157276995305164 
0 0.6327024647887324 0.8277582159624414 0.1131161971830986 0.13556338028169015 
0 0.758362676056338 0.2972417840375587 0.1487676056338028 0.13086854460093897 
0 0.41747359154929575 0.24794600938967137 0.207306338028169 0.17312206572769953 
0 0.09220950704225352 0.5443075117370892 0.1113556338028169 0.0534037558685446 
0 0.0644806338028169 0.7943075117370892 0.11047535211267606 0.1977699530516432 
0 0.3611355633802817 0.829225352112676 0.11751760563380281 0.1467136150234742 
0 0.21897007042253522 0.8192488262910798 0.11487676056338028 0.15492957746478872 
0 0.4980193661971831 0.8271713615023474 0.1192781690140845 0.1402582159624413 
0 0.34242957746478875 0.6285211267605634 0.10651408450704225 0.18896713615023475 
0 0.674955985915493 0.16314553990610328 0.18529929577464788 0.07863849765258216 
0 0.6038732394366197 0.2849178403755869 0.15316901408450703 0.18838028169014084 
0 0.22315140845070422 0.6261737089201878 0.10915492957746478 0.1443661971830986 
0 0.7819102112676056 0.8157276995305164 0.1192781690140845 0.1619718309859155 
0 0.7273327464788732 0.6094483568075117 0.1192781690140845 0.10622065727699531 
0 0.5996919014084507 0.6511150234741784 0.08582746478873239 0.15316901408450703 
0 0.9330985915492958 0.3051643192488263 0.0625 0.107981220657277 
0 0.4727112676056338 0.6405516431924883 0.1153169014084507 0.14964788732394366 
0 0.10519366197183098 0.6426056338028169 0.1073943661971831 0.08685446009389672 
0 0.9401408450704225 0.5607394366197183 0.09507042253521127 0.06748826291079812 
0 0.8994278169014085 0.8083920187793427 0.12720070422535212 0.13321596244131456 
0 0.8367077464788732 0.19512910798122066 0.08362676056338028 0.06514084507042253 
0 0.9507042253521126 0.6681338028169014 0.08890845070422536 0.08509389671361503 
0 0.0840669014084507 0.2828638497652582 0.07130281690140845 0.17488262910798122 
0 0.129181338028169 0.1317488262910798 0.08670774647887323 0.1273474178403756 
0 0.03851232394366197 0.09683098591549295 0.0761443661971831 0.09859154929577464 
0 0.8569542253521126 0.6666666666666666 0.10035211267605634 0.13497652582159625 
0 0.9256161971830986 0.18104460093896713 0.051056338028169015 0.08157276995305164 
0 0.6327024647887324 0.8277582159624414 0.1131161971830986 0.13556338028169015 
0 0.758362676056338 0.2972417840375587 0.1487676056338028 0.13086854460093897 
0 0.41747359154929575 0.24794600938967137 0.207306338028169 0.17312206572769953 
0 0.09220950704225352 0.5443075117370892 0.1113556338028169 0.0534037558685446 
0 0.0644806338028169 0.7943075117370892 0.11047535211267606 0.1977699530516432 
0 0.3611355633802817 0.829225352112676 0.11751760563380281 0.1467136150234742 
0 0.21897007042253522 0.8192488262910798 0.11487676056338028 0.15492957746478872 
0 0.4980193661971831 0.8271713615023474 0.1192781690140845 0.1402582159624413 
0 0.34242957746478875 0.6285211267605634 0.10651408450704225 0.18896713615023475 
0 0.674955985915493 0.16314553990610328 0.18529929577464788 0.07863849765258216 
0 0.6038732394366197 0.2849178403755869 0.15316901408450703 0.18838028169014084 
0 0.22315140845070422 0.6261737089201878 0.10915492957746478 0.1443661971830986 
0 0.7819102112676056 0.8157276995305164 0.1192781690140845 0.1619718309859155 
0 0.7273327464788732 0.6094483568075117 0.1192781690140845 0.10622065727699531 
0 0.5996919014084507 0.6511150234741784 0.08582746478873239 0.15316901408450703 
0 0.9330985915492958 0.3051643192488263 0.0625 0.107981220657277 
0 0.4727112676056338 0.6405516431924883 0.1153169014084507 0.14964788732394366 
