0 0.9267165492957746 0.07629107981220658 0.12455985915492958 0.05046948356807512 
0 0.19058098591549297 0.8374413145539906 0.15580985915492956 0.27582159624413144 
0 0.35981514084507044 0.8471244131455399 0.15096830985915494 0.27992957746478875 
0 0.5112235915492958 0.8377347417840375 0.1307218309859155 0.27523474178403756 
0 0.0605193661971831 0.835093896713615 0.12015845070422536 0.29460093896713613 
0 0.8263644366197183 0.8415492957746479 0.1307218309859155 0.2828638497652582 
0 0.9445422535211268 0.17693661971830985 0.11091549295774648 0.040492957746478875 
0 0.9040492957746479 0.03022300469483568 0.18045774647887325 0.051056338028169015 
0 0.9546654929577465 0.3538732394366197 0.08538732394366197 0.11737089201877934 
0 0.6128961267605634 0.590669014084507 0.10871478873239436 0.1789906103286385 
0 0.08538732394366197 0.5745305164319249 0.12059859154929578 0.17136150234741784 
0 0.9432218309859155 0.8585680751173709 0.10387323943661972 0.24178403755868544 
0 0.6595510563380281 0.8392018779342723 0.14128521126760563 0.2875586854460094 
0 0.9463028169014085 0.24413145539906103 0.0977112676056338 0.09741784037558686 
0 0.48701584507042256 0.5848004694835681 0.10255281690140845 0.1766431924882629 
0 0.768705985915493 0.11737089201877934 0.1641725352112676 0.12323943661971831 
0 0.9124119718309859 0.6132629107981221 0.15933098591549297 0.08568075117370892 
0 0.4546654929577465 0.10035211267605634 0.14700704225352113 0.12793427230046947 
0 0.9322183098591549 0.11942488262910798 0.11883802816901408 0.05927230046948357 
0 0.612455985915493 0.10827464788732394 0.13336267605633803 0.11443661971830986 
0 0.11091549295774648 0.22799295774647887 0.19982394366197184 0.13673708920187794 
0 0.4762323943661972 0.2505868544600939 0.15316901408450703 0.15492957746478872 
0 0.8122799295774648 0.26467136150234744 0.13776408450704225 0.13849765258215962 
0 0.36399647887323944 0.5836267605633803 0.11355633802816902 0.18955399061032863 
0 0.7352552816901409 0.5892018779342723 0.08934859154929578 0.176056338028169 
0 0.28983274647887325 0.09125586854460094 0.15360915492957747 0.13086854460093897 
0 0.6492077464788732 0.2482394366197183 0.14348591549295775 0.15375586854460094 
0 0.10849471830985916 0.08450704225352113 0.14744718309859156 0.13262910798122066 
0 0.2984154929577465 0.23708920187793428 0.1681338028169014 0.15845070422535212 
0 0.23173415492957747 0.5762910798122066 0.11663732394366197 0.1772300469483568 
0 0.9267165492957746 0.07629107981220658 0.12455985915492958 0.05046948356807512 
0 0.19058098591549297 0.8374413145539906 0.15580985915492956 0.27582159624413144 
0 0.35981514084507044 0.8471244131455399 0.15096830985915494 0.27992957746478875 
0 0.5112235915492958 0.8377347417840375 0.1307218309859155 0.27523474178403756 
0 0.0605193661971831 0.835093896713615 0.12015845070422536 0.29460093896713613 
0 0.8263644366197183 0.8415492957746479 0.1307218309859155 0.2828638497652582 
0 0.9445422535211268 0.17693661971830985 0.11091549295774648 0.040492957746478875 
0 0.9040492957746479 0.03022300469483568 0.18045774647887325 0.051056338028169015 
0 0.9546654929577465 0.3538732394366197 0.08538732394366197 0.11737089201877934 
0 0.6128961267605634 0.590669014084507 0.10871478873239436 0.1789906103286385 
0 0.08538732394366197 0.5745305164319249 0.12059859154929578 0.17136150234741784 
0 0.9432218309859155 0.8585680751173709 0.10387323943661972 0.24178403755868544 
0 0.6595510563380281 0.8392018779342723 0.14128521126760563 0.2875586854460094 
0 0.9463028169014085 0.24413145539906103 0.0977112676056338 0.09741784037558686 
0 0.48701584507042256 0.5848004694835681 0.10255281690140845 0.1766431924882629 
0 0.768705985915493 0.11737089201877934 0.1641725352112676 0.12323943661971831 
0 0.9124119718309859 0.6132629107981221 0.15933098591549297 0.08568075117370892 
0 0.4546654929577465 0.10035211267605634 0.14700704225352113 0.12793427230046947 
0 0.9322183098591549 0.11942488262910798 0.11883802816901408 0.05927230046948357 
0 0.612455985915493 0.10827464788732394 0.13336267605633803 0.11443661971830986 
0 0.11091549295774648 0.22799295774647887 0.19982394366197184 0.13673708920187794 
0 0.4762323943661972 0.2505868544600939 0.15316901408450703 0.15492957746478872 
0 0.8122799295774648 0.26467136150234744 0.13776408450704225 0.13849765258215962 
0 0.36399647887323944 0.5836267605633803 0.11355633802816902 0.18955399061032863 
0 0.7352552816901409 0.5892018779342723 0.08934859154929578 0.176056338028169 
0 0.28983274647887325 0.09125586854460094 0.15360915492957747 0.13086854460093897 
0 0.6492077464788732 0.2482394366197183 0.14348591549295775 0.15375586854460094 
0 0.10849471830985916 0.08450704225352113 0.14744718309859156 0.13262910798122066 
0 0.2984154929577465 0.23708920187793428 0.1681338028169014 0.15845070422535212 
0 0.23173415492957747 0.5762910798122066 0.11663732394366197 0.1772300469483568 
0 0.9267165492957746 0.07629107981220658 0.12455985915492958 0.05046948356807512 
0 0.19058098591549297 0.8374413145539906 0.15580985915492956 0.27582159624413144 
0 0.35981514084507044 0.8471244131455399 0.15096830985915494 0.27992957746478875 
0 0.5112235915492958 0.8377347417840375 0.1307218309859155 0.27523474178403756 
0 0.0605193661971831 0.835093896713615 0.12015845070422536 0.29460093896713613 
0 0.8263644366197183 0.8415492957746479 0.1307218309859155 0.2828638497652582 
0 0.9445422535211268 0.17693661971830985 0.11091549295774648 0.040492957746478875 
0 0.9040492957746479 0.03022300469483568 0.18045774647887325 0.051056338028169015 
0 0.9546654929577465 0.3538732394366197 0.08538732394366197 0.11737089201877934 
0 0.6128961267605634 0.590669014084507 0.10871478873239436 0.1789906103286385 
0 0.08538732394366197 0.5745305164319249 0.12059859154929578 0.17136150234741784 
0 0.9432218309859155 0.8585680751173709 0.10387323943661972 0.24178403755868544 
0 0.6595510563380281 0.8392018779342723 0.14128521126760563 0.2875586854460094 
0 0.9463028169014085 0.24413145539906103 0.0977112676056338 0.09741784037558686 
0 0.48701584507042256 0.5848004694835681 0.10255281690140845 0.1766431924882629 
0 0.768705985915493 0.11737089201877934 0.1641725352112676 0.12323943661971831 
0 0.9124119718309859 0.6132629107981221 0.15933098591549297 0.08568075117370892 
0 0.4546654929577465 0.10035211267605634 0.14700704225352113 0.12793427230046947 
0 0.9322183098591549 0.11942488262910798 0.11883802816901408 0.05927230046948357 
0 0.612455985915493 0.10827464788732394 0.13336267605633803 0.11443661971830986 
0 0.11091549295774648 0.22799295774647887 0.19982394366197184 0.13673708920187794 
0 0.4762323943661972 0.2505868544600939 0.15316901408450703 0.15492957746478872 
0 0.8122799295774648 0.26467136150234744 0.13776408450704225 0.13849765258215962 
0 0.36399647887323944 0.5836267605633803 0.11355633802816902 0.18955399061032863 
0 0.7352552816901409 0.5892018779342723 0.08934859154929578 0.176056338028169 
0 0.28983274647887325 0.09125586854460094 0.15360915492957747 0.13086854460093897 
0 0.6492077464788732 0.2482394366197183 0.14348591549295775 0.15375586854460094 
0 0.10849471830985916 0.08450704225352113 0.14744718309859156 0.13262910798122066 
0 0.2984154929577465 0.23708920187793428 0.1681338028169014 0.15845070422535212 
0 0.23173415492957747 0.5762910798122066 0.11663732394366197 0.1772300469483568 
