0 0.5772447183098591 0.8996478873239436 0.2830105633802817 0.09389671361502347 
0 0.25110035211267606 0.8946596244131455 0.292693661971831 0.0721830985915493 
0 0.8769806338028169 0.8990610328638498 0.1993838028169014 0.07981220657276995 
0 0.8494718309859155 0.7699530516431925 0.21214788732394366 0.062206572769953054 
0 0.9434419014084507 0.35357981220657275 0.1131161971830986 0.2353286384976526 
0 0.2205105633802817 0.0971244131455399 0.12323943661971831 0.18838028169014084 
0 0.36553697183098594 0.10035211267605634 0.11751760563380281 0.19718309859154928 
0 0.8699383802816901 0.11208920187793427 0.11047535211267606 0.18192488262910797 
0 0.972931338028169 0.11091549295774648 0.05413732394366197 0.176056338028169 
0 0.03653169014084507 0.0903755868544601 0.07130281690140845 0.16901408450704225 
0 0.5019806338028169 0.10299295774647887 0.10431338028169014 0.17312206572769953 
0 0.827024647887324 0.698650234741784 0.1742957746478873 0.0733568075117371 
0 0.8670774647887324 0.823943661971831 0.20334507042253522 0.05516431924882629 
0 0.7502200704225352 0.10005868544600939 0.0840669014084507 0.1637323943661972 
0 0.3701584507042254 0.3201291079812207 0.13556338028169015 0.24237089201877934 
0 0.5539172535211268 0.6919014084507042 0.2460387323943662 0.07276995305164319 
0 0.22513204225352113 0.6965962441314554 0.29797535211267606 0.11971830985915492 
0 0.21192781690140844 0.3107394366197183 0.144806338028169 0.24237089201877934 
0 0.5530369718309859 0.7937206572769953 0.2574823943661972 0.08392018779342723 
0 0.6804577464788732 0.30633802816901406 0.11707746478873239 0.24530516431924881 
0 0.05677816901408451 0.30134976525821594 0.11267605633802817 0.2505868544600939 
0 0.6388644366197183 0.09419014084507042 0.1034330985915493 0.16960093896713616 
0 0.5338908450704225 0.3259976525821596 0.13732394366197184 0.24237089201877934 
0 0.819762323943662 0.3342136150234742 0.1210387323943662 0.22007042253521128 
0 0.2422975352112676 0.8054577464788732 0.27244718309859156 0.0710093896713615 
0 0.5772447183098591 0.8996478873239436 0.2830105633802817 0.09389671361502347 
0 0.25110035211267606 0.8946596244131455 0.292693661971831 0.0721830985915493 
0 0.8769806338028169 0.8990610328638498 0.1993838028169014 0.07981220657276995 
0 0.8494718309859155 0.7699530516431925 0.21214788732394366 0.062206572769953054 
0 0.9434419014084507 0.35357981220657275 0.1131161971830986 0.2353286384976526 
0 0.2205105633802817 0.0971244131455399 0.12323943661971831 0.18838028169014084 
0 0.36553697183098594 0.10035211267605634 0.11751760563380281 0.19718309859154928 
0 0.8699383802816901 0.11208920187793427 0.11047535211267606 0.18192488262910797 
0 0.972931338028169 0.11091549295774648 0.05413732394366197 0.176056338028169 
0 0.03653169014084507 0.0903755868544601 0.07130281690140845 0.16901408450704225 
0 0.5019806338028169 0.10299295774647887 0.10431338028169014 0.17312206572769953 
0 0.827024647887324 0.698650234741784 0.1742957746478873 0.0733568075117371 
0 0.8670774647887324 0.823943661971831 0.20334507042253522 0.05516431924882629 
0 0.7502200704225352 0.10005868544600939 0.0840669014084507 0.1637323943661972 
0 0.3701584507042254 0.3201291079812207 0.13556338028169015 0.24237089201877934 
0 0.5539172535211268 0.6919014084507042 0.2460387323943662 0.07276995305164319 
0 0.22513204225352113 0.6965962441314554 0.29797535211267606 0.11971830985915492 
0 0.21192781690140844 0.3107394366197183 0.144806338028169 0.24237089201877934 
0 0.5530369718309859 0.7937206572769953 0.2574823943661972 0.08392018779342723 
0 0.6804577464788732 0.30633802816901406 0.11707746478873239 0.24530516431924881 
0 0.05677816901408451 0.30134976525821594 0.11267605633802817 0.2505868544600939 
0 0.6388644366197183 0.09419014084507042 0.1034330985915493 0.16960093896713616 
0 0.5338908450704225 0.3259976525821596 0.13732394366197184 0.24237089201877934 
0 0.819762323943662 0.3342136150234742 0.1210387323943662 0.22007042253521128 
0 0.2422975352112676 0.8054577464788732 0.27244718309859156 0.0710093896713615 
0 0.5772447183098591 0.8996478873239436 0.2830105633802817 0.09389671361502347 
0 0.25110035211267606 0.8946596244131455 0.292693661971831 0.0721830985915493 
0 0.8769806338028169 0.8990610328638498 0.1993838028169014 0.07981220657276995 
0 0.8494718309859155 0.7699530516431925 0.21214788732394366 0.062206572769953054 
0 0.9434419014084507 0.35357981220657275 0.1131161971830986 0.2353286384976526 
0 0.2205105633802817 0.0971244131455399 0.12323943661971831 0.18838028169014084 
0 0.36553697183098594 0.10035211267605634 0.11751760563380281 0.19718309859154928 
0 0.8699383802816901 0.11208920187793427 0.11047535211267606 0.18192488262910797 
0 0.972931338028169 0.11091549295774648 0.05413732394366197 0.176056338028169 
0 0.03653169014084507 0.0903755868544601 0.07130281690140845 0.16901408450704225 
0 0.5019806338028169 0.10299295774647887 0.10431338028169014 0.17312206572769953 
0 0.827024647887324 0.698650234741784 0.1742957746478873 0.0733568075117371 
0 0.8670774647887324 0.823943661971831 0.20334507042253522 0.05516431924882629 
0 0.7502200704225352 0.10005868544600939 0.0840669014084507 0.1637323943661972 
0 0.3701584507042254 0.3201291079812207 0.13556338028169015 0.24237089201877934 
0 0.5539172535211268 0.6919014084507042 0.2460387323943662 0.07276995305164319 
0 0.22513204225352113 0.6965962441314554 0.29797535211267606 0.11971830985915492 
0 0.21192781690140844 0.3107394366197183 0.144806338028169 0.24237089201877934 
0 0.5530369718309859 0.7937206572769953 0.2574823943661972 0.08392018779342723 
0 0.6804577464788732 0.30633802816901406 0.11707746478873239 0.24530516431924881 
0 0.05677816901408451 0.30134976525821594 0.11267605633802817 0.2505868544600939 
0 0.6388644366197183 0.09419014084507042 0.1034330985915493 0.16960093896713616 
0 0.5338908450704225 0.3259976525821596 0.13732394366197184 0.24237089201877934 
0 0.819762323943662 0.3342136150234742 0.1210387323943662 0.22007042253521128 
0 0.2422975352112676 0.8054577464788732 0.27244718309859156 0.0710093896713615 
