0 0.3149207746478873 0.8761737089201878 0.13776408450704225 0.2476525821596244 
0 0.4672095070422535 0.8884976525821596 0.1307218309859155 0.20305164319248825 
0 0.14084507042253522 0.9210680751173709 0.12235915492957747 0.15082159624413147 
0 0.6005721830985915 0.8791079812206573 0.1307218309859155 0.23708920187793428 
0 0.9650088028169014 0.15874413145539906 0.06998239436619719 0.10035211267605634 
0 0.7904929577464789 0.6487676056338029 0.10475352112676056 0.18955399061032863 
0 0.9751320422535211 0.5786384976525821 0.04973591549295775 0.09154929577464789 
0 0.8809419014084507 0.8711854460093896 0.16593309859154928 0.24354460093896713 
0 0.7251320422535211 0.8814553990610329 0.14128521126760563 0.23708920187793428 
0 0.061619718309859156 0.6792840375586855 0.0801056338028169 0.1942488262910798 
0 0.03279049295774648 0.8867370892018779 0.058538732394366196 0.22652582159624413 
0 0.9683098591549296 0.7981220657276995 0.06073943661971831 0.176056338028169 
0 0.9106514084507042 0.625293427230047 0.11971830985915492 0.17312206572769953 
0 0.8523327464788732 0.16343896713615025 0.1483274647887324 0.15434272300469484 
0 0.9412411971830986 0.3019366197183099 0.11047535211267606 0.11913145539906103 
0 0.5349911971830986 0.6558098591549296 0.11487676056338028 0.18955399061032863 
0 0.592649647887324 0.28257042253521125 0.16329225352112675 0.12969483568075119 
0 0.40250880281690143 0.06866197183098592 0.13336267605633803 0.11267605633802817 
0 0.5620598591549296 0.1467136150234742 0.12411971830985916 0.1068075117370892 
0 0.21016725352112675 0.10387323943661972 0.14920774647887325 0.1056338028169014 
0 0.4161531690140845 0.2813967136150235 0.1694542253521127 0.13204225352112675 
0 0.4027288732394366 0.15933098591549297 0.1382042253521127 0.07570422535211267 
0 0.18265845070422534 0.6552230046948356 0.12235915492957747 0.17312206572769953 
0 0.20290492957746478 0.24618544600938966 0.176056338028169 0.1426056338028169 
0 0.056117957746478875 0.24530516431924881 0.1034330985915493 0.15023474178403756 
0 0.32768485915492956 0.6508215962441315 0.08934859154929578 0.17018779342723006 
0 0.668794014084507 0.6578638497652582 0.10783450704225352 0.19014084507042253 
0 0.06602112676056338 0.10357981220657277 0.10475352112676056 0.09565727699530517 
0 0.16307218309859156 0.7975352112676056 0.11575704225352113 0.07863849765258216 
0 0.703125 0.12265258215962441 0.1131161971830986 0.05868544600938967 
0 0.7977552816901409 0.21654929577464788 0.1580105633802817 0.11267605633802817 
0 0.3149207746478873 0.8761737089201878 0.13776408450704225 0.2476525821596244 
0 0.4672095070422535 0.8884976525821596 0.1307218309859155 0.20305164319248825 
0 0.14084507042253522 0.9210680751173709 0.12235915492957747 0.15082159624413147 
0 0.6005721830985915 0.8791079812206573 0.1307218309859155 0.23708920187793428 
0 0.9650088028169014 0.15874413145539906 0.06998239436619719 0.10035211267605634 
0 0.7904929577464789 0.6487676056338029 0.10475352112676056 0.18955399061032863 
0 0.9751320422535211 0.5786384976525821 0.04973591549295775 0.09154929577464789 
0 0.8809419014084507 0.8711854460093896 0.16593309859154928 0.24354460093896713 
0 0.7251320422535211 0.8814553990610329 0.14128521126760563 0.23708920187793428 
0 0.061619718309859156 0.6792840375586855 0.0801056338028169 0.1942488262910798 
0 0.03279049295774648 0.8867370892018779 0.058538732394366196 0.22652582159624413 
0 0.9683098591549296 0.7981220657276995 0.06073943661971831 0.176056338028169 
0 0.9106514084507042 0.625293427230047 0.11971830985915492 0.17312206572769953 
0 0.8523327464788732 0.16343896713615025 0.1483274647887324 0.15434272300469484 
0 0.9412411971830986 0.3019366197183099 0.11047535211267606 0.11913145539906103 
0 0.5349911971830986 0.6558098591549296 0.11487676056338028 0.18955399061032863 
0 0.592649647887324 0.28257042253521125 0.16329225352112675 0.12969483568075119 
0 0.40250880281690143 0.06866197183098592 0.13336267605633803 0.11267605633802817 
0 0.5620598591549296 0.1467136150234742 0.12411971830985916 0.1068075117370892 
0 0.21016725352112675 0.10387323943661972 0.14920774647887325 0.1056338028169014 
0 0.4161531690140845 0.2813967136150235 0.1694542253521127 0.13204225352112675 
0 0.4027288732394366 0.15933098591549297 0.1382042253521127 0.07570422535211267 
0 0.18265845070422534 0.6552230046948356 0.12235915492957747 0.17312206572769953 
0 0.20290492957746478 0.24618544600938966 0.176056338028169 0.1426056338028169 
0 0.056117957746478875 0.24530516431924881 0.1034330985915493 0.15023474178403756 
0 0.32768485915492956 0.6508215962441315 0.08934859154929578 0.17018779342723006 
0 0.668794014084507 0.6578638497652582 0.10783450704225352 0.19014084507042253 
0 0.06602112676056338 0.10357981220657277 0.10475352112676056 0.09565727699530517 
0 0.16307218309859156 0.7975352112676056 0.11575704225352113 0.07863849765258216 
0 0.703125 0.12265258215962441 0.1131161971830986 0.05868544600938967 
0 0.7977552816901409 0.21654929577464788 0.1580105633802817 0.11267605633802817 
0 0.3149207746478873 0.8761737089201878 0.13776408450704225 0.2476525821596244 
0 0.4672095070422535 0.8884976525821596 0.1307218309859155 0.20305164319248825 
0 0.14084507042253522 0.9210680751173709 0.12235915492957747 0.15082159624413147 
0 0.6005721830985915 0.8791079812206573 0.1307218309859155 0.23708920187793428 
0 0.9650088028169014 0.15874413145539906 0.06998239436619719 0.10035211267605634 
0 0.7904929577464789 0.6487676056338029 0.10475352112676056 0.18955399061032863 
0 0.9751320422535211 0.5786384976525821 0.04973591549295775 0.09154929577464789 
0 0.8809419014084507 0.8711854460093896 0.16593309859154928 0.24354460093896713 
0 0.7251320422535211 0.8814553990610329 0.14128521126760563 0.23708920187793428 
0 0.061619718309859156 0.6792840375586855 0.0801056338028169 0.1942488262910798 
0 0.03279049295774648 0.8867370892018779 0.058538732394366196 0.22652582159624413 
0 0.9683098591549296 0.7981220657276995 0.06073943661971831 0.176056338028169 
0 0.9106514084507042 0.625293427230047 0.11971830985915492 0.17312206572769953 
0 0.8523327464788732 0.16343896713615025 0.1483274647887324 0.15434272300469484 
0 0.9412411971830986 0.3019366197183099 0.11047535211267606 0.11913145539906103 
0 0.5349911971830986 0.6558098591549296 0.11487676056338028 0.18955399061032863 
0 0.592649647887324 0.28257042253521125 0.16329225352112675 0.12969483568075119 
0 0.40250880281690143 0.06866197183098592 0.13336267605633803 0.11267605633802817 
0 0.5620598591549296 0.1467136150234742 0.12411971830985916 0.1068075117370892 
0 0.21016725352112675 0.10387323943661972 0.14920774647887325 0.1056338028169014 
0 0.4161531690140845 0.2813967136150235 0.1694542253521127 0.13204225352112675 
0 0.4027288732394366 0.15933098591549297 0.1382042253521127 0.07570422535211267 
0 0.18265845070422534 0.6552230046948356 0.12235915492957747 0.17312206572769953 
0 0.20290492957746478 0.24618544600938966 0.176056338028169 0.1426056338028169 
0 0.056117957746478875 0.24530516431924881 0.1034330985915493 0.15023474178403756 
0 0.32768485915492956 0.6508215962441315 0.08934859154929578 0.17018779342723006 
0 0.668794014084507 0.6578638497652582 0.10783450704225352 0.19014084507042253 
0 0.06602112676056338 0.10357981220657277 0.10475352112676056 0.09565727699530517 
0 0.16307218309859156 0.7975352112676056 0.11575704225352113 0.07863849765258216 
0 0.703125 0.12265258215962441 0.1131161971830986 0.05868544600938967 
0 0.7977552816901409 0.21654929577464788 0.1580105633802817 0.11267605633802817 
