0 0.4727112676056338 0.7027582159624414 0.09507042253521127 0.12969483568075119 
0 0.3615757042253521 0.7403169014084507 0.09110915492957747 0.12617370892018778 
0 0.03389084507042254 0.8673708920187794 0.06338028169014084 0.15492957746478872 
0 0.13138204225352113 0.7623239436619719 0.08494718309859155 0.14553990610328638 
0 0.04863556338028169 0.7403169014084507 0.06998239436619719 0.10856807511737089 
0 0.4524647887323944 0.8653169014084507 0.09683098591549295 0.19307511737089203 
0 0.3147007042253521 0.9181338028169014 0.1487676056338028 0.16255868544600938 
0 0.5567781690140845 0.8820422535211268 0.10475352112676056 0.22887323943661972 
0 0.7429577464788732 0.7027582159624414 0.1073943661971831 0.1238262910798122 
0 0.6393045774647887 0.7056924882629108 0.08934859154929578 0.12969483568075119 
0 0.6577904929577465 0.8767605633802817 0.09463028169014084 0.20305164319248825 
0 0.757262323943662 0.8705985915492958 0.09727112676056338 0.1965962441314554 
0 0.8529929577464789 0.8667840375586855 0.08362676056338028 0.1960093896713615 
0 0.8525528169014085 0.6977699530516432 0.08890845070422536 0.12793427230046947 
0 0.9449823943661971 0.6960093896713615 0.08450704225352113 0.11619718309859155 
0 0.9496038732394366 0.863849765258216 0.09375 0.18661971830985916 
0 0.976012323943662 0.36032863849765256 0.04533450704225352 0.09154929577464789 
0 0.5591989436619719 0.7191901408450704 0.07350352112676056 0.09917840375586855 
0 0.9390404929577465 0.460387323943662 0.10607394366197183 0.10856807511737089 
0 0.23569542253521128 0.7576291079812206 0.10167253521126761 0.14906103286384975 
0 0.8164612676056338 0.454518779342723 0.10299295774647887 0.12617370892018778 
0 0.8972271126760564 0.3559272300469484 0.10607394366197183 0.08626760563380281 
0 0.04005281690140845 0.27699530516431925 0.07306338028169014 0.11737089201877934 
0 0.1324823943661972 0.26173708920187794 0.10915492957746478 0.11737089201877934 
0 0.3538732394366197 0.2761150234741784 0.09154929577464789 0.125 
0 0.4564260563380282 0.2335680751173709 0.1073943661971831 0.1443661971830986 
0 0.563600352112676 0.22505868544600938 0.10255281690140845 0.1273474178403756 
0 0.6652728873239436 0.23092723004694835 0.09815140845070422 0.10974178403755869 
0 0.7678257042253521 0.278462441314554 0.10695422535211267 0.12030516431924883 
0 0.06536091549295775 0.4448356807511737 0.12632042253521128 0.12206572769953052 
0 0.12852112676056338 0.36502347417840375 0.0994718309859155 0.0892018779342723 
0 0.24867957746478872 0.2538145539906103 0.1073943661971831 0.13086854460093897 
0 0.2088468309859155 0.4574530516431925 0.10607394366197183 0.10269953051643192 
0 0.24097711267605634 0.3568075117370892 0.11399647887323944 0.06924882629107981 
0 0.796875 0.36502347417840375 0.09022887323943662 0.04929577464788732 
0 0.6698943661971831 0.32717136150234744 0.0801056338028169 0.0886150234741784 
0 0.581205985915493 0.43720657276995306 0.12191901408450705 0.13380281690140844 
0 0.703125 0.43485915492957744 0.11047535211267606 0.12323943661971831 
0 0.4537852112676056 0.3342136150234742 0.10827464788732394 0.05457746478873239 
0 0.45356514084507044 0.43045774647887325 0.1307218309859155 0.14730046948356806 
0 0.3283450704225352 0.4703638497652582 0.11267605633802817 0.13086854460093897 
0 0.5710827464788732 0.3301056338028169 0.11047535211267606 0.08274647887323944 
0 0.4727112676056338 0.7027582159624414 0.09507042253521127 0.12969483568075119 
0 0.3615757042253521 0.7403169014084507 0.09110915492957747 0.12617370892018778 
0 0.03389084507042254 0.8673708920187794 0.06338028169014084 0.15492957746478872 
0 0.13138204225352113 0.7623239436619719 0.08494718309859155 0.14553990610328638 
0 0.04863556338028169 0.7403169014084507 0.06998239436619719 0.10856807511737089 
0 0.4524647887323944 0.8653169014084507 0.09683098591549295 0.19307511737089203 
0 0.3147007042253521 0.9181338028169014 0.1487676056338028 0.16255868544600938 
0 0.5567781690140845 0.8820422535211268 0.10475352112676056 0.22887323943661972 
0 0.7429577464788732 0.7027582159624414 0.1073943661971831 0.1238262910798122 
0 0.6393045774647887 0.7056924882629108 0.08934859154929578 0.12969483568075119 
0 0.6577904929577465 0.8767605633802817 0.09463028169014084 0.20305164319248825 
0 0.757262323943662 0.8705985915492958 0.09727112676056338 0.1965962441314554 
0 0.8529929577464789 0.8667840375586855 0.08362676056338028 0.1960093896713615 
0 0.8525528169014085 0.6977699530516432 0.08890845070422536 0.12793427230046947 
0 0.9449823943661971 0.6960093896713615 0.08450704225352113 0.11619718309859155 
0 0.9496038732394366 0.863849765258216 0.09375 0.18661971830985916 
0 0.976012323943662 0.36032863849765256 0.04533450704225352 0.09154929577464789 
0 0.5591989436619719 0.7191901408450704 0.07350352112676056 0.09917840375586855 
0 0.9390404929577465 0.460387323943662 0.10607394366197183 0.10856807511737089 
0 0.23569542253521128 0.7576291079812206 0.10167253521126761 0.14906103286384975 
0 0.8164612676056338 0.454518779342723 0.10299295774647887 0.12617370892018778 
0 0.8972271126760564 0.3559272300469484 0.10607394366197183 0.08626760563380281 
0 0.04005281690140845 0.27699530516431925 0.07306338028169014 0.11737089201877934 
0 0.1324823943661972 0.26173708920187794 0.10915492957746478 0.11737089201877934 
0 0.3538732394366197 0.2761150234741784 0.09154929577464789 0.125 
0 0.4564260563380282 0.2335680751173709 0.1073943661971831 0.1443661971830986 
0 0.563600352112676 0.22505868544600938 0.10255281690140845 0.1273474178403756 
0 0.6652728873239436 0.23092723004694835 0.09815140845070422 0.10974178403755869 
0 0.7678257042253521 0.278462441314554 0.10695422535211267 0.12030516431924883 
0 0.06536091549295775 0.4448356807511737 0.12632042253521128 0.12206572769953052 
0 0.12852112676056338 0.36502347417840375 0.0994718309859155 0.0892018779342723 
0 0.24867957746478872 0.2538145539906103 0.1073943661971831 0.13086854460093897 
0 0.2088468309859155 0.4574530516431925 0.10607394366197183 0.10269953051643192 
0 0.24097711267605634 0.3568075117370892 0.11399647887323944 0.06924882629107981 
0 0.796875 0.36502347417840375 0.09022887323943662 0.04929577464788732 
0 0.6698943661971831 0.32717136150234744 0.0801056338028169 0.0886150234741784 
0 0.581205985915493 0.43720657276995306 0.12191901408450705 0.13380281690140844 
0 0.703125 0.43485915492957744 0.11047535211267606 0.12323943661971831 
0 0.4537852112676056 0.3342136150234742 0.10827464788732394 0.05457746478873239 
0 0.45356514084507044 0.43045774647887325 0.1307218309859155 0.14730046948356806 
0 0.3283450704225352 0.4703638497652582 0.11267605633802817 0.13086854460093897 
0 0.5710827464788732 0.3301056338028169 0.11047535211267606 0.08274647887323944 
0 0.4727112676056338 0.7027582159624414 0.09507042253521127 0.12969483568075119 
0 0.3615757042253521 0.7403169014084507 0.09110915492957747 0.12617370892018778 
0 0.03389084507042254 0.8673708920187794 0.06338028169014084 0.15492957746478872 
0 0.13138204225352113 0.7623239436619719 0.08494718309859155 0.14553990610328638 
0 0.04863556338028169 0.7403169014084507 0.06998239436619719 0.10856807511737089 
0 0.4524647887323944 0.8653169014084507 0.09683098591549295 0.19307511737089203 
0 0.3147007042253521 0.9181338028169014 0.1487676056338028 0.16255868544600938 
0 0.5567781690140845 0.8820422535211268 0.10475352112676056 0.22887323943661972 
0 0.7429577464788732 0.7027582159624414 0.1073943661971831 0.1238262910798122 
0 0.6393045774647887 0.7056924882629108 0.08934859154929578 0.12969483568075119 
0 0.6577904929577465 0.8767605633802817 0.09463028169014084 0.20305164319248825 
0 0.757262323943662 0.8705985915492958 0.09727112676056338 0.1965962441314554 
0 0.8529929577464789 0.8667840375586855 0.08362676056338028 0.1960093896713615 
0 0.8525528169014085 0.6977699530516432 0.08890845070422536 0.12793427230046947 
0 0.9449823943661971 0.6960093896713615 0.08450704225352113 0.11619718309859155 
0 0.9496038732394366 0.863849765258216 0.09375 0.18661971830985916 
0 0.976012323943662 0.36032863849765256 0.04533450704225352 0.09154929577464789 
0 0.5591989436619719 0.7191901408450704 0.07350352112676056 0.09917840375586855 
0 0.9390404929577465 0.460387323943662 0.10607394366197183 0.10856807511737089 
0 0.23569542253521128 0.7576291079812206 0.10167253521126761 0.14906103286384975 
0 0.8164612676056338 0.454518779342723 0.10299295774647887 0.12617370892018778 
0 0.8972271126760564 0.3559272300469484 0.10607394366197183 0.08626760563380281 
0 0.04005281690140845 0.27699530516431925 0.07306338028169014 0.11737089201877934 
0 0.1324823943661972 0.26173708920187794 0.10915492957746478 0.11737089201877934 
0 0.3538732394366197 0.2761150234741784 0.09154929577464789 0.125 
0 0.4564260563380282 0.2335680751173709 0.1073943661971831 0.1443661971830986 
0 0.563600352112676 0.22505868544600938 0.10255281690140845 0.1273474178403756 
0 0.6652728873239436 0.23092723004694835 0.09815140845070422 0.10974178403755869 
0 0.7678257042253521 0.278462441314554 0.10695422535211267 0.12030516431924883 
0 0.06536091549295775 0.4448356807511737 0.12632042253521128 0.12206572769953052 
0 0.12852112676056338 0.36502347417840375 0.0994718309859155 0.0892018779342723 
0 0.24867957746478872 0.2538145539906103 0.1073943661971831 0.13086854460093897 
0 0.2088468309859155 0.4574530516431925 0.10607394366197183 0.10269953051643192 
0 0.24097711267605634 0.3568075117370892 0.11399647887323944 0.06924882629107981 
0 0.796875 0.36502347417840375 0.09022887323943662 0.04929577464788732 
0 0.6698943661971831 0.32717136150234744 0.0801056338028169 0.0886150234741784 
0 0.581205985915493 0.43720657276995306 0.12191901408450705 0.13380281690140844 
0 0.703125 0.43485915492957744 0.11047535211267606 0.12323943661971831 
0 0.4537852112676056 0.3342136150234742 0.10827464788732394 0.05457746478873239 
0 0.45356514084507044 0.43045774647887325 0.1307218309859155 0.14730046948356806 
0 0.3283450704225352 0.4703638497652582 0.11267605633802817 0.13086854460093897 
0 0.5710827464788732 0.3301056338028169 0.11047535211267606 0.08274647887323944 
