0 0.8992077464788732 0.8899647887323944 0.16901408450704225 0.13438967136150234 
0 0.061619718309859156 0.9078638497652582 0.10035211267605634 0.09272300469483569 
0 0.026628521126760563 0.22711267605633803 0.05237676056338028 0.24061032863849766 
0 0.06492077464788733 0.06044600938967136 0.08934859154929578 0.10211267605633803 
0 0.7268926056338029 0.06866197183098592 0.14216549295774647 0.13380281690140844 
0 0.6223591549295775 0.27024647887323944 0.13204225352112675 0.2517605633802817 
0 0.7786091549295775 0.278462441314554 0.17165492957746478 0.24354460093896713 
0 0.4784330985915493 0.25821596244131456 0.1329225352112676 0.2511737089201878 
0 0.32438380281690143 0.25234741784037557 0.15492957746478872 0.24530516431924881 
0 0.6144366197183099 0.8896713615023474 0.3001760563380282 0.10446009389671361 
0 0.9647887323943662 0.07071596244131455 0.06338028169014084 0.13556338028169015 
0 0.9339788732394366 0.27992957746478875 0.10211267605633803 0.26173708920187794 
0 0.28587147887323944 0.903755868544601 0.2689260563380282 0.06924882629107981 
0 0.8789612676056338 0.664906103286385 0.2130281690140845 0.07746478873239436 
0 0.5842869718309859 0.6719483568075117 0.292693661971831 0.12793427230046947 
0 0.8697183098591549 0.07247652582159625 0.10915492957746478 0.1437793427230047 
0 0.27244718309859156 0.64231220657277 0.21654929577464788 0.08744131455399061 
0 0.2860915492957746 0.8166079812206573 0.24911971830985916 0.06631455399061033 
0 0.5939700704225352 0.7816901408450704 0.2706866197183099 0.06924882629107981 
0 0.18463908450704225 0.05897887323943662 0.144806338028169 0.11678403755868545 
0 0.15889084507042253 0.2323943661971831 0.1602112676056338 0.22065727699530516 
0 0.27662852112676056 0.7359154929577465 0.21786971830985916 0.05868544600938967 
0 0.0644806338028169 0.7209507042253521 0.09727112676056338 0.06748826291079812 
0 0.06205985915492958 0.641725352112676 0.10915492957746478 0.06866197183098592 
0 0.06690140845070422 0.8163145539906104 0.11003521126760564 0.09859154929577464 
0 0.5867077464788732 0.06719483568075117 0.11971830985915492 0.13321596244131456 
0 0.8862235915492958 0.755868544600939 0.2169894366197183 0.07981220657276995 
0 0.359375 0.056924882629107984 0.12720070422535212 0.11267605633802817 
0 0.8992077464788732 0.8899647887323944 0.16901408450704225 0.13438967136150234 
0 0.061619718309859156 0.9078638497652582 0.10035211267605634 0.09272300469483569 
0 0.026628521126760563 0.22711267605633803 0.05237676056338028 0.24061032863849766 
0 0.06492077464788733 0.06044600938967136 0.08934859154929578 0.10211267605633803 
0 0.7268926056338029 0.06866197183098592 0.14216549295774647 0.13380281690140844 
0 0.6223591549295775 0.27024647887323944 0.13204225352112675 0.2517605633802817 
0 0.7786091549295775 0.278462441314554 0.17165492957746478 0.24354460093896713 
0 0.4784330985915493 0.25821596244131456 0.1329225352112676 0.2511737089201878 
0 0.32438380281690143 0.25234741784037557 0.15492957746478872 0.24530516431924881 
0 0.6144366197183099 0.8896713615023474 0.3001760563380282 0.10446009389671361 
0 0.9647887323943662 0.07071596244131455 0.06338028169014084 0.13556338028169015 
0 0.9339788732394366 0.27992957746478875 0.10211267605633803 0.26173708920187794 
0 0.28587147887323944 0.903755868544601 0.2689260563380282 0.06924882629107981 
0 0.8789612676056338 0.664906103286385 0.2130281690140845 0.07746478873239436 
0 0.5842869718309859 0.6719483568075117 0.292693661971831 0.12793427230046947 
0 0.8697183098591549 0.07247652582159625 0.10915492957746478 0.1437793427230047 
0 0.27244718309859156 0.64231220657277 0.21654929577464788 0.08744131455399061 
0 0.2860915492957746 0.8166079812206573 0.24911971830985916 0.06631455399061033 
0 0.5939700704225352 0.7816901408450704 0.2706866197183099 0.06924882629107981 
0 0.18463908450704225 0.05897887323943662 0.144806338028169 0.11678403755868545 
0 0.15889084507042253 0.2323943661971831 0.1602112676056338 0.22065727699530516 
0 0.27662852112676056 0.7359154929577465 0.21786971830985916 0.05868544600938967 
0 0.0644806338028169 0.7209507042253521 0.09727112676056338 0.06748826291079812 
0 0.06205985915492958 0.641725352112676 0.10915492957746478 0.06866197183098592 
0 0.06690140845070422 0.8163145539906104 0.11003521126760564 0.09859154929577464 
0 0.5867077464788732 0.06719483568075117 0.11971830985915492 0.13321596244131456 
0 0.8862235915492958 0.755868544600939 0.2169894366197183 0.07981220657276995 
0 0.359375 0.056924882629107984 0.12720070422535212 0.11267605633802817 
0 0.8992077464788732 0.8899647887323944 0.16901408450704225 0.13438967136150234 
0 0.061619718309859156 0.9078638497652582 0.10035211267605634 0.09272300469483569 
0 0.026628521126760563 0.22711267605633803 0.05237676056338028 0.24061032863849766 
0 0.06492077464788733 0.06044600938967136 0.08934859154929578 0.10211267605633803 
0 0.7268926056338029 0.06866197183098592 0.14216549295774647 0.13380281690140844 
0 0.6223591549295775 0.27024647887323944 0.13204225352112675 0.2517605633802817 
0 0.7786091549295775 0.278462441314554 0.17165492957746478 0.24354460093896713 
0 0.4784330985915493 0.25821596244131456 0.1329225352112676 0.2511737089201878 
0 0.32438380281690143 0.25234741784037557 0.15492957746478872 0.24530516431924881 
0 0.6144366197183099 0.8896713615023474 0.3001760563380282 0.10446009389671361 
0 0.9647887323943662 0.07071596244131455 0.06338028169014084 0.13556338028169015 
0 0.9339788732394366 0.27992957746478875 0.10211267605633803 0.26173708920187794 
0 0.28587147887323944 0.903755868544601 0.2689260563380282 0.06924882629107981 
0 0.8789612676056338 0.664906103286385 0.2130281690140845 0.07746478873239436 
0 0.5842869718309859 0.6719483568075117 0.292693661971831 0.12793427230046947 
0 0.8697183098591549 0.07247652582159625 0.10915492957746478 0.1437793427230047 
0 0.27244718309859156 0.64231220657277 0.21654929577464788 0.08744131455399061 
0 0.2860915492957746 0.8166079812206573 0.24911971830985916 0.06631455399061033 
0 0.5939700704225352 0.7816901408450704 0.2706866197183099 0.06924882629107981 
0 0.18463908450704225 0.05897887323943662 0.144806338028169 0.11678403755868545 
0 0.15889084507042253 0.2323943661971831 0.1602112676056338 0.22065727699530516 
0 0.27662852112676056 0.7359154929577465 0.21786971830985916 0.05868544600938967 
0 0.0644806338028169 0.7209507042253521 0.09727112676056338 0.06748826291079812 
0 0.06205985915492958 0.641725352112676 0.10915492957746478 0.06866197183098592 
0 0.06690140845070422 0.8163145539906104 0.11003521126760564 0.09859154929577464 
0 0.5867077464788732 0.06719483568075117 0.11971830985915492 0.13321596244131456 
0 0.8862235915492958 0.755868544600939 0.2169894366197183 0.07981220657276995 
0 0.359375 0.056924882629107984 0.12720070422535212 0.11267605633802817 
