0 0.3356073943661972 0.9005281690140845 0.3578345070422535 0.125 
0 0.9412411971830986 0.8928990610328639 0.11751760563380281 0.10035211267605634 
0 0.6685739436619719 0.556924882629108 0.31514084507042256 0.107981220657277 
0 0.9289172535211268 0.8007629107981221 0.14216549295774647 0.07805164319248827 
0 0.6753961267605634 0.6335093896713615 0.31294014084507044 0.051056338028169015 
0 0.6888204225352113 0.8057511737089202 0.3397887323943662 0.08568075117370892 
0 0.6998239436619719 0.9119718309859155 0.36795774647887325 0.11384976525821597 
0 0.3345070422535211 0.7834507042253521 0.3714788732394366 0.12206572769953052 
0 0.08538732394366197 0.6810446009389671 0.1698943661971831 0.06748826291079812 
0 0.5360915492957746 0.7435446009389671 0.0 0.0 
0 0.3560739436619718 0.5862676056338029 0.31690140845070425 0.08568075117370892 
0 0.3694982394366197 0.5223004694835681 0.29005281690140844 0.0539906103286385 
0 0.07350352112676056 0.8937793427230047 0.14612676056338028 0.11737089201877934 
0 0.0743838028169014 0.7772887323943662 0.14700704225352113 0.10974178403755869 
0 0.09132922535211267 0.6035798122065728 0.18089788732394366 0.07805164319248827 
0 0.11223591549295775 0.5205399061032864 0.21566901408450703 0.06338028169014084 
0 0.933318661971831 0.7150821596244131 0.13336267605633803 0.08157276995305164 
0 0.3543133802816901 0.6825117370892019 0.363556338028169 0.1068075117370892 
0 0.9163732394366197 0.636150234741784 0.16725352112676056 0.07394366197183098 
0 0.6967429577464789 0.7095070422535211 0.3397887323943662 0.1068075117370892 
0 0.8943661971830986 0.30839201877934275 0.2112676056338028 0.06866197183098592 
0 0.03675176056338028 0.12441314553990611 0.07262323943661972 0.07394366197183098 
0 0.03895246478873239 0.23268779342723006 0.06205985915492958 0.04636150234741784 
0 0.20466549295774647 0.1255868544600939 0.19278169014084506 0.05868544600938967 
0 0.20026408450704225 0.18309859154929578 0.1954225352112676 0.0528169014084507 
0 0.1952024647887324 0.23708920187793428 0.207306338028169 0.05516431924882629 
0 0.1855193661971831 0.2981220657276995 0.2108274647887324 0.06338028169014084 
0 0.1736355633802817 0.3703051643192488 0.23459507042253522 0.08450704225352113 
0 0.40492957746478875 0.12646713615023475 0.19190140845070422 0.06044600938967136 
0 0.40625 0.19571596244131456 0.22359154929577466 0.07570422535211267 
0 0.042913732394366196 0.18456572769953053 0.0743838028169014 0.040492957746478875 
0 0.40999119718309857 0.3192488262910798 0.2381161971830986 0.0539906103286385 
0 0.40911091549295775 0.2620305164319249 0.2266725352112676 0.06044600938967136 
0 0.8899647887323944 0.238556338028169 0.22007042253521128 0.061619718309859156 
0 0.886443661971831 0.17165492957746478 0.22711267605633803 0.07570422535211267 
0 0.663512323943662 0.3899647887323944 0.28213028169014087 0.10504694835680752 
0 0.9000880281690141 0.392018779342723 0.19982394366197184 0.1068075117370892 
0 0.6483274647887324 0.21625586854460094 0.2605633802816901 0.10974178403755869 
0 0.6362235915492958 0.136443661971831 0.2460387323943662 0.05575117370892019 
0 0.4069102112676056 0.39055164319248825 0.23371478873239437 0.0886150234741784 
0 0.6511883802816901 0.3004694835680751 0.2574823943661972 0.06455399061032864 
0 0.3356073943661972 0.9005281690140845 0.3578345070422535 0.125 
0 0.9412411971830986 0.8928990610328639 0.11751760563380281 0.10035211267605634 
0 0.6685739436619719 0.556924882629108 0.31514084507042256 0.107981220657277 
0 0.9289172535211268 0.8007629107981221 0.14216549295774647 0.07805164319248827 
0 0.6753961267605634 0.6335093896713615 0.31294014084507044 0.051056338028169015 
0 0.6888204225352113 0.8057511737089202 0.3397887323943662 0.08568075117370892 
0 0.6998239436619719 0.9119718309859155 0.36795774647887325 0.11384976525821597 
0 0.3345070422535211 0.7834507042253521 0.3714788732394366 0.12206572769953052 
0 0.08538732394366197 0.6810446009389671 0.1698943661971831 0.06748826291079812 
0 0.5360915492957746 0.7435446009389671 0.0 0.0 
0 0.3560739436619718 0.5862676056338029 0.31690140845070425 0.08568075117370892 
0 0.3694982394366197 0.5223004694835681 0.29005281690140844 0.0539906103286385 
0 0.07350352112676056 0.8937793427230047 0.14612676056338028 0.11737089201877934 
0 0.0743838028169014 0.7772887323943662 0.14700704225352113 0.10974178403755869 
0 0.09132922535211267 0.6035798122065728 0.18089788732394366 0.07805164319248827 
0 0.11223591549295775 0.5205399061032864 0.21566901408450703 0.06338028169014084 
0 0.933318661971831 0.7150821596244131 0.13336267605633803 0.08157276995305164 
0 0.3543133802816901 0.6825117370892019 0.363556338028169 0.1068075117370892 
0 0.9163732394366197 0.636150234741784 0.16725352112676056 0.07394366197183098 
0 0.6967429577464789 0.7095070422535211 0.3397887323943662 0.1068075117370892 
0 0.8943661971830986 0.30839201877934275 0.2112676056338028 0.06866197183098592 
0 0.03675176056338028 0.12441314553990611 0.07262323943661972 0.07394366197183098 
0 0.03895246478873239 0.23268779342723006 0.06205985915492958 0.04636150234741784 
0 0.20466549295774647 0.1255868544600939 0.19278169014084506 0.05868544600938967 
0 0.20026408450704225 0.18309859154929578 0.1954225352112676 0.0528169014084507 
0 0.1952024647887324 0.23708920187793428 0.207306338028169 0.05516431924882629 
0 0.1855193661971831 0.2981220657276995 0.2108274647887324 0.06338028169014084 
0 0.1736355633802817 0.3703051643192488 0.23459507042253522 0.08450704225352113 
0 0.40492957746478875 0.12646713615023475 0.19190140845070422 0.06044600938967136 
0 0.40625 0.19571596244131456 0.22359154929577466 0.07570422535211267 
0 0.042913732394366196 0.18456572769953053 0.0743838028169014 0.040492957746478875 
0 0.40999119718309857 0.3192488262910798 0.2381161971830986 0.0539906103286385 
0 0.40911091549295775 0.2620305164319249 0.2266725352112676 0.06044600938967136 
0 0.8899647887323944 0.238556338028169 0.22007042253521128 0.061619718309859156 
0 0.886443661971831 0.17165492957746478 0.22711267605633803 0.07570422535211267 
0 0.663512323943662 0.3899647887323944 0.28213028169014087 0.10504694835680752 
0 0.9000880281690141 0.392018779342723 0.19982394366197184 0.1068075117370892 
0 0.6483274647887324 0.21625586854460094 0.2605633802816901 0.10974178403755869 
0 0.6362235915492958 0.136443661971831 0.2460387323943662 0.05575117370892019 
0 0.4069102112676056 0.39055164319248825 0.23371478873239437 0.0886150234741784 
0 0.6511883802816901 0.3004694835680751 0.2574823943661972 0.06455399061032864 
0 0.3356073943661972 0.9005281690140845 0.3578345070422535 0.125 
0 0.9412411971830986 0.8928990610328639 0.11751760563380281 0.10035211267605634 
0 0.6685739436619719 0.556924882629108 0.31514084507042256 0.107981220657277 
0 0.9289172535211268 0.8007629107981221 0.14216549295774647 0.07805164319248827 
0 0.6753961267605634 0.6335093896713615 0.31294014084507044 0.051056338028169015 
0 0.6888204225352113 0.8057511737089202 0.3397887323943662 0.08568075117370892 
0 0.6998239436619719 0.9119718309859155 0.36795774647887325 0.11384976525821597 
0 0.3345070422535211 0.7834507042253521 0.3714788732394366 0.12206572769953052 
0 0.08538732394366197 0.6810446009389671 0.1698943661971831 0.06748826291079812 
0 0.5360915492957746 0.7435446009389671 0.0 0.0 
0 0.3560739436619718 0.5862676056338029 0.31690140845070425 0.08568075117370892 
0 0.3694982394366197 0.5223004694835681 0.29005281690140844 0.0539906103286385 
0 0.07350352112676056 0.8937793427230047 0.14612676056338028 0.11737089201877934 
0 0.0743838028169014 0.7772887323943662 0.14700704225352113 0.10974178403755869 
0 0.09132922535211267 0.6035798122065728 0.18089788732394366 0.07805164319248827 
0 0.11223591549295775 0.5205399061032864 0.21566901408450703 0.06338028169014084 
0 0.933318661971831 0.7150821596244131 0.13336267605633803 0.08157276995305164 
0 0.3543133802816901 0.6825117370892019 0.363556338028169 0.1068075117370892 
0 0.9163732394366197 0.636150234741784 0.16725352112676056 0.07394366197183098 
0 0.6967429577464789 0.7095070422535211 0.3397887323943662 0.1068075117370892 
0 0.8943661971830986 0.30839201877934275 0.2112676056338028 0.06866197183098592 
0 0.03675176056338028 0.12441314553990611 0.07262323943661972 0.07394366197183098 
0 0.03895246478873239 0.23268779342723006 0.06205985915492958 0.04636150234741784 
0 0.20466549295774647 0.1255868544600939 0.19278169014084506 0.05868544600938967 
0 0.20026408450704225 0.18309859154929578 0.1954225352112676 0.0528169014084507 
0 0.1952024647887324 0.23708920187793428 0.207306338028169 0.05516431924882629 
0 0.1855193661971831 0.2981220657276995 0.2108274647887324 0.06338028169014084 
0 0.1736355633802817 0.3703051643192488 0.23459507042253522 0.08450704225352113 
0 0.40492957746478875 0.12646713615023475 0.19190140845070422 0.06044600938967136 
0 0.40625 0.19571596244131456 0.22359154929577466 0.07570422535211267 
0 0.042913732394366196 0.18456572769953053 0.0743838028169014 0.040492957746478875 
0 0.40999119718309857 0.3192488262910798 0.2381161971830986 0.0539906103286385 
0 0.40911091549295775 0.2620305164319249 0.2266725352112676 0.06044600938967136 
0 0.8899647887323944 0.238556338028169 0.22007042253521128 0.061619718309859156 
0 0.886443661971831 0.17165492957746478 0.22711267605633803 0.07570422535211267 
0 0.663512323943662 0.3899647887323944 0.28213028169014087 0.10504694835680752 
0 0.9000880281690141 0.392018779342723 0.19982394366197184 0.1068075117370892 
0 0.6483274647887324 0.21625586854460094 0.2605633802816901 0.10974178403755869 
0 0.6362235915492958 0.136443661971831 0.2460387323943662 0.05575117370892019 
0 0.4069102112676056 0.39055164319248825 0.23371478873239437 0.0886150234741784 
0 0.6511883802816901 0.3004694835680751 0.2574823943661972 0.06455399061032864 
