0 0.5044014084507042 0.03433098591549296 0.2262323943661972 0.056924882629107984 
0 0.05765845070422535 0.7676056338028169 0.11443661971830986 0.08450704225352113 
0 0.7636443661971831 0.4721244131455399 0.32922535211267606 0.07453051643192488 
0 0.7878521126760564 0.6555164319248826 0.35475352112676056 0.08333333333333333 
0 0.05523767605633803 0.903169014084507 0.10959507042253522 0.12206572769953052 
0 0.3827024647887324 0.9181338028169014 0.42649647887323944 0.15669014084507044 
0 0.7849911971830986 0.034624413145539906 0.2381161971830986 0.06338028169014084 
0 0.5061619718309859 0.1141431924882629 0.25616197183098594 0.10035211267605634 
0 0.8160211267605634 0.9163732394366197 0.35475352112676056 0.15199530516431925 
0 0.7973151408450704 0.2661384976525822 0.26100352112676056 0.06044600938967136 
0 0.7860915492957746 0.19160798122065728 0.2262323943661972 0.07453051643192488 
0 0.1797975352112676 0.08597417840375587 0.28389084507042256 0.07805164319248827 
0 0.0741637323943662 0.6440727699530516 0.14392605633802816 0.13204225352112675 
0 0.1056338028169014 0.4539319248826291 0.2007042253521127 0.11913145539906103 
0 0.7799295774647887 0.10328638497652583 0.2147887323943662 0.07981220657276995 
0 0.4925176056338028 0.2221244131455399 0.23767605633802816 0.09800469483568075 
0 0.17121478873239437 0.2092136150234742 0.3089788732394366 0.13204225352112675 
0 0.39942781690140844 0.5777582159624414 0.34110915492957744 0.08274647887323944 
0 0.4003080985915493 0.7878521126760564 0.40713028169014087 0.09800469483568075 
0 0.8153609154929577 0.7749413145539906 0.34286971830985913 0.12969483568075119 
0 0.39172535211267606 0.6742957746478874 0.36971830985915494 0.09859154929577464 
0 0.7841109154929577 0.5545774647887324 0.34991197183098594 0.09507042253521127 
0 0.5044014084507042 0.03433098591549296 0.2262323943661972 0.056924882629107984 
0 0.05765845070422535 0.7676056338028169 0.11443661971830986 0.08450704225352113 
0 0.7636443661971831 0.4721244131455399 0.32922535211267606 0.07453051643192488 
0 0.7878521126760564 0.6555164319248826 0.35475352112676056 0.08333333333333333 
0 0.05523767605633803 0.903169014084507 0.10959507042253522 0.12206572769953052 
0 0.3827024647887324 0.9181338028169014 0.42649647887323944 0.15669014084507044 
0 0.7849911971830986 0.034624413145539906 0.2381161971830986 0.06338028169014084 
0 0.5061619718309859 0.1141431924882629 0.25616197183098594 0.10035211267605634 
0 0.8160211267605634 0.9163732394366197 0.35475352112676056 0.15199530516431925 
0 0.7973151408450704 0.2661384976525822 0.26100352112676056 0.06044600938967136 
0 0.7860915492957746 0.19160798122065728 0.2262323943661972 0.07453051643192488 
0 0.1797975352112676 0.08597417840375587 0.28389084507042256 0.07805164319248827 
0 0.0741637323943662 0.6440727699530516 0.14392605633802816 0.13204225352112675 
0 0.1056338028169014 0.4539319248826291 0.2007042253521127 0.11913145539906103 
0 0.7799295774647887 0.10328638497652583 0.2147887323943662 0.07981220657276995 
0 0.4925176056338028 0.2221244131455399 0.23767605633802816 0.09800469483568075 
0 0.17121478873239437 0.2092136150234742 0.3089788732394366 0.13204225352112675 
0 0.39942781690140844 0.5777582159624414 0.34110915492957744 0.08274647887323944 
0 0.4003080985915493 0.7878521126760564 0.40713028169014087 0.09800469483568075 
0 0.8153609154929577 0.7749413145539906 0.34286971830985913 0.12969483568075119 
0 0.39172535211267606 0.6742957746478874 0.36971830985915494 0.09859154929577464 
0 0.7841109154929577 0.5545774647887324 0.34991197183098594 0.09507042253521127 
0 0.5044014084507042 0.03433098591549296 0.2262323943661972 0.056924882629107984 
0 0.05765845070422535 0.7676056338028169 0.11443661971830986 0.08450704225352113 
0 0.7636443661971831 0.4721244131455399 0.32922535211267606 0.07453051643192488 
0 0.7878521126760564 0.6555164319248826 0.35475352112676056 0.08333333333333333 
0 0.05523767605633803 0.903169014084507 0.10959507042253522 0.12206572769953052 
0 0.3827024647887324 0.9181338028169014 0.42649647887323944 0.15669014084507044 
0 0.7849911971830986 0.034624413145539906 0.2381161971830986 0.06338028169014084 
0 0.5061619718309859 0.1141431924882629 0.25616197183098594 0.10035211267605634 
0 0.8160211267605634 0.9163732394366197 0.35475352112676056 0.15199530516431925 
0 0.7973151408450704 0.2661384976525822 0.26100352112676056 0.06044600938967136 
0 0.7860915492957746 0.19160798122065728 0.2262323943661972 0.07453051643192488 
0 0.1797975352112676 0.08597417840375587 0.28389084507042256 0.07805164319248827 
0 0.0741637323943662 0.6440727699530516 0.14392605633802816 0.13204225352112675 
0 0.1056338028169014 0.4539319248826291 0.2007042253521127 0.11913145539906103 
0 0.7799295774647887 0.10328638497652583 0.2147887323943662 0.07981220657276995 
0 0.4925176056338028 0.2221244131455399 0.23767605633802816 0.09800469483568075 
0 0.17121478873239437 0.2092136150234742 0.3089788732394366 0.13204225352112675 
0 0.39942781690140844 0.5777582159624414 0.34110915492957744 0.08274647887323944 
0 0.4003080985915493 0.7878521126760564 0.40713028169014087 0.09800469483568075 
0 0.8153609154929577 0.7749413145539906 0.34286971830985913 0.12969483568075119 
0 0.39172535211267606 0.6742957746478874 0.36971830985915494 0.09859154929577464 
0 0.7841109154929577 0.5545774647887324 0.34991197183098594 0.09507042253521127 
