0 0.5393926056338029 0.7561619718309859 0.19410211267605634 0.052230046948356805 
0 0.0974911971830986 0.8233568075117371 0.1932218309859155 0.08450704225352113 
0 0.14722711267605634 0.6983568075117371 0.21346830985915494 0.0539906103286385 
0 0.12235915492957747 0.7643779342723005 0.18838028169014084 0.03931924882629108 
0 0.3485915492957746 0.7136150234741784 0.18309859154929578 0.04812206572769953 
0 0.32438380281690143 0.8389084507042254 0.2244718309859155 0.09213615023474178 
0 0.3107394366197183 0.9292840375586855 0.2244718309859155 0.08626760563380281 
0 0.5415933098591549 0.7095070422535211 0.1738556338028169 0.03755868544600939 
0 0.5400528169014085 0.8116197183098591 0.20422535211267606 0.05868544600938967 
0 0.9304577464788732 0.9421948356807511 0.13908450704225353 0.09917840375586855 
0 0.5415933098591549 0.9404342723004695 0.22315140845070422 0.0721830985915493 
0 0.7392165492957746 0.7576291079812206 0.19850352112676056 0.08568075117370892 
0 0.7447183098591549 0.82981220657277 0.198943661971831 0.0528169014084507 
0 0.7526408450704225 0.8855633802816901 0.21214788732394366 0.06455399061032864 
0 0.7605633802816901 0.954225352112676 0.2051056338028169 0.06924882629107981 
0 0.9220950704225352 0.7740610328638498 0.15580985915492956 0.1068075117370892 
0 0.9253961267605634 0.8632629107981221 0.14920774647887325 0.05868544600938967 
0 0.10167253521126761 0.9105046948356808 0.19630281690140844 0.08744131455399061 
0 0.5444542253521126 0.8735328638497653 0.21566901408450703 0.05575117370892019 
0 0.934419014084507 0.5140845070422535 0.11971830985915492 0.18192488262910797 
0 0.2550616197183099 0.04225352112676056 0.1307218309859155 0.08098591549295775 
0 0.8210827464788732 0.494424882629108 0.10255281690140845 0.1789906103286385 
0 0.09397007042253522 0.03374413145539906 0.11399647887323944 0.061619718309859156 
0 0.3842429577464789 0.06690140845070422 0.10915492957746478 0.12793427230046947 
0 0.5195862676056338 0.037852112676056336 0.13424295774647887 0.07453051643192488 
0 0.6617517605633803 0.043133802816901406 0.1430457746478873 0.07687793427230047 
0 0.801056338028169 0.05134976525821596 0.12852112676056338 0.09917840375586855 
0 0.934419014084507 0.07071596244131455 0.12852112676056338 0.12617370892018778 
0 0.06029929577464789 0.36032863849765256 0.10915492957746478 0.08568075117370892 
0 0.07152288732394366 0.4950117370892019 0.14128521126760563 0.16255868544600938 
0 0.18882042253521128 0.3785211267605634 0.07570422535211267 0.12793427230046947 
0 0.9379401408450704 0.352406103286385 0.12411971830985916 0.13556338028169015 
0 0.3633362676056338 0.5267018779342723 0.15536971830985916 0.15082159624413147 
0 0.4128521126760563 0.3703051643192488 0.08362676056338028 0.11737089201877934 
0 0.5264084507042254 0.32805164319248825 0.1073943661971831 0.12910798122065728 
0 0.5050616197183099 0.4876760563380282 0.10255281690140845 0.18309859154929578 
0 0.6172975352112676 0.3544600938967136 0.06558098591549295 0.09507042253521127 
0 0.6155369718309859 0.5005868544600939 0.11399647887323944 0.20305164319248825 
0 0.7024647887323944 0.3380281690140845 0.09595070422535211 0.12793427230046947 
0 0.7222711267605634 0.49735915492957744 0.09242957746478873 0.18485915492957747 
0 0.28983274647887325 0.3829225352112676 0.08582746478873239 0.1402582159624413 
0 0.8058978873239436 0.3444835680751174 0.10387323943661972 0.12323943661971831 
0 0.5393926056338029 0.7561619718309859 0.19410211267605634 0.052230046948356805 
0 0.0974911971830986 0.8233568075117371 0.1932218309859155 0.08450704225352113 
0 0.14722711267605634 0.6983568075117371 0.21346830985915494 0.0539906103286385 
0 0.12235915492957747 0.7643779342723005 0.18838028169014084 0.03931924882629108 
0 0.3485915492957746 0.7136150234741784 0.18309859154929578 0.04812206572769953 
0 0.32438380281690143 0.8389084507042254 0.2244718309859155 0.09213615023474178 
0 0.3107394366197183 0.9292840375586855 0.2244718309859155 0.08626760563380281 
0 0.5415933098591549 0.7095070422535211 0.1738556338028169 0.03755868544600939 
0 0.5400528169014085 0.8116197183098591 0.20422535211267606 0.05868544600938967 
0 0.9304577464788732 0.9421948356807511 0.13908450704225353 0.09917840375586855 
0 0.5415933098591549 0.9404342723004695 0.22315140845070422 0.0721830985915493 
0 0.7392165492957746 0.7576291079812206 0.19850352112676056 0.08568075117370892 
0 0.7447183098591549 0.82981220657277 0.198943661971831 0.0528169014084507 
0 0.7526408450704225 0.8855633802816901 0.21214788732394366 0.06455399061032864 
0 0.7605633802816901 0.954225352112676 0.2051056338028169 0.06924882629107981 
0 0.9220950704225352 0.7740610328638498 0.15580985915492956 0.1068075117370892 
0 0.9253961267605634 0.8632629107981221 0.14920774647887325 0.05868544600938967 
0 0.10167253521126761 0.9105046948356808 0.19630281690140844 0.08744131455399061 
0 0.5444542253521126 0.8735328638497653 0.21566901408450703 0.05575117370892019 
0 0.934419014084507 0.5140845070422535 0.11971830985915492 0.18192488262910797 
0 0.2550616197183099 0.04225352112676056 0.1307218309859155 0.08098591549295775 
0 0.8210827464788732 0.494424882629108 0.10255281690140845 0.1789906103286385 
0 0.09397007042253522 0.03374413145539906 0.11399647887323944 0.061619718309859156 
0 0.3842429577464789 0.06690140845070422 0.10915492957746478 0.12793427230046947 
0 0.5195862676056338 0.037852112676056336 0.13424295774647887 0.07453051643192488 
0 0.6617517605633803 0.043133802816901406 0.1430457746478873 0.07687793427230047 
0 0.801056338028169 0.05134976525821596 0.12852112676056338 0.09917840375586855 
0 0.934419014084507 0.07071596244131455 0.12852112676056338 0.12617370892018778 
0 0.06029929577464789 0.36032863849765256 0.10915492957746478 0.08568075117370892 
0 0.07152288732394366 0.4950117370892019 0.14128521126760563 0.16255868544600938 
0 0.18882042253521128 0.3785211267605634 0.07570422535211267 0.12793427230046947 
0 0.9379401408450704 0.352406103286385 0.12411971830985916 0.13556338028169015 
0 0.3633362676056338 0.5267018779342723 0.15536971830985916 0.15082159624413147 
0 0.4128521126760563 0.3703051643192488 0.08362676056338028 0.11737089201877934 
0 0.5264084507042254 0.32805164319248825 0.1073943661971831 0.12910798122065728 
0 0.5050616197183099 0.4876760563380282 0.10255281690140845 0.18309859154929578 
0 0.6172975352112676 0.3544600938967136 0.06558098591549295 0.09507042253521127 
0 0.6155369718309859 0.5005868544600939 0.11399647887323944 0.20305164319248825 
0 0.7024647887323944 0.3380281690140845 0.09595070422535211 0.12793427230046947 
0 0.7222711267605634 0.49735915492957744 0.09242957746478873 0.18485915492957747 
0 0.28983274647887325 0.3829225352112676 0.08582746478873239 0.1402582159624413 
0 0.8058978873239436 0.3444835680751174 0.10387323943661972 0.12323943661971831 
0 0.5393926056338029 0.7561619718309859 0.19410211267605634 0.052230046948356805 
0 0.0974911971830986 0.8233568075117371 0.1932218309859155 0.08450704225352113 
0 0.14722711267605634 0.6983568075117371 0.21346830985915494 0.0539906103286385 
0 0.12235915492957747 0.7643779342723005 0.18838028169014084 0.03931924882629108 
0 0.3485915492957746 0.7136150234741784 0.18309859154929578 0.04812206572769953 
0 0.32438380281690143 0.8389084507042254 0.2244718309859155 0.09213615023474178 
0 0.3107394366197183 0.9292840375586855 0.2244718309859155 0.08626760563380281 
0 0.5415933098591549 0.7095070422535211 0.1738556338028169 0.03755868544600939 
0 0.5400528169014085 0.8116197183098591 0.20422535211267606 0.05868544600938967 
0 0.9304577464788732 0.9421948356807511 0.13908450704225353 0.09917840375586855 
0 0.5415933098591549 0.9404342723004695 0.22315140845070422 0.0721830985915493 
0 0.7392165492957746 0.7576291079812206 0.19850352112676056 0.08568075117370892 
0 0.7447183098591549 0.82981220657277 0.198943661971831 0.0528169014084507 
0 0.7526408450704225 0.8855633802816901 0.21214788732394366 0.06455399061032864 
0 0.7605633802816901 0.954225352112676 0.2051056338028169 0.06924882629107981 
0 0.9220950704225352 0.7740610328638498 0.15580985915492956 0.1068075117370892 
0 0.9253961267605634 0.8632629107981221 0.14920774647887325 0.05868544600938967 
0 0.10167253521126761 0.9105046948356808 0.19630281690140844 0.08744131455399061 
0 0.5444542253521126 0.8735328638497653 0.21566901408450703 0.05575117370892019 
0 0.934419014084507 0.5140845070422535 0.11971830985915492 0.18192488262910797 
0 0.2550616197183099 0.04225352112676056 0.1307218309859155 0.08098591549295775 
0 0.8210827464788732 0.494424882629108 0.10255281690140845 0.1789906103286385 
0 0.09397007042253522 0.03374413145539906 0.11399647887323944 0.061619718309859156 
0 0.3842429577464789 0.06690140845070422 0.10915492957746478 0.12793427230046947 
0 0.5195862676056338 0.037852112676056336 0.13424295774647887 0.07453051643192488 
0 0.6617517605633803 0.043133802816901406 0.1430457746478873 0.07687793427230047 
0 0.801056338028169 0.05134976525821596 0.12852112676056338 0.09917840375586855 
0 0.934419014084507 0.07071596244131455 0.12852112676056338 0.12617370892018778 
0 0.06029929577464789 0.36032863849765256 0.10915492957746478 0.08568075117370892 
0 0.07152288732394366 0.4950117370892019 0.14128521126760563 0.16255868544600938 
0 0.18882042253521128 0.3785211267605634 0.07570422535211267 0.12793427230046947 
0 0.9379401408450704 0.352406103286385 0.12411971830985916 0.13556338028169015 
0 0.3633362676056338 0.5267018779342723 0.15536971830985916 0.15082159624413147 
0 0.4128521126760563 0.3703051643192488 0.08362676056338028 0.11737089201877934 
0 0.5264084507042254 0.32805164319248825 0.1073943661971831 0.12910798122065728 
0 0.5050616197183099 0.4876760563380282 0.10255281690140845 0.18309859154929578 
0 0.6172975352112676 0.3544600938967136 0.06558098591549295 0.09507042253521127 
0 0.6155369718309859 0.5005868544600939 0.11399647887323944 0.20305164319248825 
0 0.7024647887323944 0.3380281690140845 0.09595070422535211 0.12793427230046947 
0 0.7222711267605634 0.49735915492957744 0.09242957746478873 0.18485915492957747 
0 0.28983274647887325 0.3829225352112676 0.08582746478873239 0.1402582159624413 
0 0.8058978873239436 0.3444835680751174 0.10387323943661972 0.12323943661971831 
