0 0.2673855633802817 0.562206572769953 0.2935739436619718 0.04929577464788732 
0 0.05391725352112676 0.5319835680751174 0.10607394366197183 0.040492957746478875 
0 0.053477112676056336 0.5657276995305164 0.09815140845070422 0.02699530516431925 
0 0.04511443661971831 0.6229460093896714 0.08318661971830986 0.06631455399061033 
0 0.5917693661971831 0.9128521126760564 0.33758802816901406 0.09800469483568075 
0 0.5862676056338029 0.8019366197183099 0.3397887323943662 0.12030516431924883 
0 0.5838468309859155 0.7056924882629108 0.3305457746478873 0.08157276995305164 
0 0.555237676056338 0.5575117370892019 0.2706866197183099 0.05868544600938967 
0 0.8474911971830986 0.5833333333333334 0.25044014084507044 0.09154929577464789 
0 0.8745598591549296 0.7168427230046949 0.25088028169014087 0.10622065727699531 
0 0.8802816901408451 0.8908450704225352 0.23943661971830985 0.107981220657277 
0 0.03631161971830986 0.17312206572769953 0.07174295774647887 0.06338028169014084 
0 0.04467429577464789 0.23796948356807512 0.08230633802816902 0.051056338028169015 
0 0.2515404929577465 0.625293427230047 0.32526408450704225 0.07687793427230047 
0 0.5754841549295775 0.6270539906103286 0.3023767605633803 0.08274647887323944 
0 0.8802816901408451 0.8025234741784038 0.23943661971830985 0.058098591549295774 
0 0.24141725352112675 0.7033450704225352 0.3587147887323944 0.08274647887323944 
0 0.23173415492957747 0.9154929577464789 0.37367957746478875 0.12793427230046947 
0 0.23415492957746478 0.7946009389671361 0.3644366197183099 0.1056338028169014 
0 0.21148767605633803 0.1813380281690141 0.2108274647887324 0.07042253521126761 
0 0.21654929577464788 0.24471830985915494 0.21214788732394366 0.04929577464788732 
0 0.18838028169014084 0.3189553990610329 0.24119718309859156 0.09330985915492958 
0 0.42319542253521125 0.1875 0.18529929577464788 0.061619718309859156 
0 0.4203345070422535 0.2476525821596244 0.19718309859154928 0.04929577464788732 
0 0.41813380281690143 0.29958920187793425 0.2130281690140845 0.03931924882629108 
0 0.4253961267605634 0.35357981220657275 0.23283450704225353 0.06044600938967136 
0 0.17825704225352113 0.40874413145539906 0.2367957746478873 0.0710093896713615 
0 0.6199383802816901 0.19131455399061034 0.19762323943661972 0.04812206572769953 
0 0.4198943661971831 0.426056338028169 0.2323943661971831 0.06924882629107981 
0 0.8525528169014085 0.26173708920187794 0.22887323943661972 0.11737089201877934 
0 0.6426056338028169 0.43133802816901406 0.2112676056338028 0.07394366197183098 
0 0.8723591549295775 0.4272300469483568 0.23503521126760563 0.11737089201877934 
0 0.6296214788732394 0.3145539906103286 0.20290492957746478 0.04812206572769953 
0 0.625 0.25586854460093894 0.21654929577464788 0.06924882629107981 
0 0.6432658450704225 0.3664906103286385 0.2055457746478873 0.04988262910798122 
0 0.2673855633802817 0.562206572769953 0.2935739436619718 0.04929577464788732 
0 0.05391725352112676 0.5319835680751174 0.10607394366197183 0.040492957746478875 
0 0.053477112676056336 0.5657276995305164 0.09815140845070422 0.02699530516431925 
0 0.04511443661971831 0.6229460093896714 0.08318661971830986 0.06631455399061033 
0 0.5917693661971831 0.9128521126760564 0.33758802816901406 0.09800469483568075 
0 0.5862676056338029 0.8019366197183099 0.3397887323943662 0.12030516431924883 
0 0.5838468309859155 0.7056924882629108 0.3305457746478873 0.08157276995305164 
0 0.555237676056338 0.5575117370892019 0.2706866197183099 0.05868544600938967 
0 0.8474911971830986 0.5833333333333334 0.25044014084507044 0.09154929577464789 
0 0.8745598591549296 0.7168427230046949 0.25088028169014087 0.10622065727699531 
0 0.8802816901408451 0.8908450704225352 0.23943661971830985 0.107981220657277 
0 0.03631161971830986 0.17312206572769953 0.07174295774647887 0.06338028169014084 
0 0.04467429577464789 0.23796948356807512 0.08230633802816902 0.051056338028169015 
0 0.2515404929577465 0.625293427230047 0.32526408450704225 0.07687793427230047 
0 0.5754841549295775 0.6270539906103286 0.3023767605633803 0.08274647887323944 
0 0.8802816901408451 0.8025234741784038 0.23943661971830985 0.058098591549295774 
0 0.24141725352112675 0.7033450704225352 0.3587147887323944 0.08274647887323944 
0 0.23173415492957747 0.9154929577464789 0.37367957746478875 0.12793427230046947 
0 0.23415492957746478 0.7946009389671361 0.3644366197183099 0.1056338028169014 
0 0.21148767605633803 0.1813380281690141 0.2108274647887324 0.07042253521126761 
0 0.21654929577464788 0.24471830985915494 0.21214788732394366 0.04929577464788732 
0 0.18838028169014084 0.3189553990610329 0.24119718309859156 0.09330985915492958 
0 0.42319542253521125 0.1875 0.18529929577464788 0.061619718309859156 
0 0.4203345070422535 0.2476525821596244 0.19718309859154928 0.04929577464788732 
0 0.41813380281690143 0.29958920187793425 0.2130281690140845 0.03931924882629108 
0 0.4253961267605634 0.35357981220657275 0.23283450704225353 0.06044600938967136 
0 0.17825704225352113 0.40874413145539906 0.2367957746478873 0.0710093896713615 
0 0.6199383802816901 0.19131455399061034 0.19762323943661972 0.04812206572769953 
0 0.4198943661971831 0.426056338028169 0.2323943661971831 0.06924882629107981 
0 0.8525528169014085 0.26173708920187794 0.22887323943661972 0.11737089201877934 
0 0.6426056338028169 0.43133802816901406 0.2112676056338028 0.07394366197183098 
0 0.8723591549295775 0.4272300469483568 0.23503521126760563 0.11737089201877934 
0 0.6296214788732394 0.3145539906103286 0.20290492957746478 0.04812206572769953 
0 0.625 0.25586854460093894 0.21654929577464788 0.06924882629107981 
0 0.6432658450704225 0.3664906103286385 0.2055457746478873 0.04988262910798122 
0 0.2673855633802817 0.562206572769953 0.2935739436619718 0.04929577464788732 
0 0.05391725352112676 0.5319835680751174 0.10607394366197183 0.040492957746478875 
0 0.053477112676056336 0.5657276995305164 0.09815140845070422 0.02699530516431925 
0 0.04511443661971831 0.6229460093896714 0.08318661971830986 0.06631455399061033 
0 0.5917693661971831 0.9128521126760564 0.33758802816901406 0.09800469483568075 
0 0.5862676056338029 0.8019366197183099 0.3397887323943662 0.12030516431924883 
0 0.5838468309859155 0.7056924882629108 0.3305457746478873 0.08157276995305164 
0 0.555237676056338 0.5575117370892019 0.2706866197183099 0.05868544600938967 
0 0.8474911971830986 0.5833333333333334 0.25044014084507044 0.09154929577464789 
0 0.8745598591549296 0.7168427230046949 0.25088028169014087 0.10622065727699531 
0 0.8802816901408451 0.8908450704225352 0.23943661971830985 0.107981220657277 
0 0.03631161971830986 0.17312206572769953 0.07174295774647887 0.06338028169014084 
0 0.04467429577464789 0.23796948356807512 0.08230633802816902 0.051056338028169015 
0 0.2515404929577465 0.625293427230047 0.32526408450704225 0.07687793427230047 
0 0.5754841549295775 0.6270539906103286 0.3023767605633803 0.08274647887323944 
0 0.8802816901408451 0.8025234741784038 0.23943661971830985 0.058098591549295774 
0 0.24141725352112675 0.7033450704225352 0.3587147887323944 0.08274647887323944 
0 0.23173415492957747 0.9154929577464789 0.37367957746478875 0.12793427230046947 
0 0.23415492957746478 0.7946009389671361 0.3644366197183099 0.1056338028169014 
0 0.21148767605633803 0.1813380281690141 0.2108274647887324 0.07042253521126761 
0 0.21654929577464788 0.24471830985915494 0.21214788732394366 0.04929577464788732 
0 0.18838028169014084 0.3189553990610329 0.24119718309859156 0.09330985915492958 
0 0.42319542253521125 0.1875 0.18529929577464788 0.061619718309859156 
0 0.4203345070422535 0.2476525821596244 0.19718309859154928 0.04929577464788732 
0 0.41813380281690143 0.29958920187793425 0.2130281690140845 0.03931924882629108 
0 0.4253961267605634 0.35357981220657275 0.23283450704225353 0.06044600938967136 
0 0.17825704225352113 0.40874413145539906 0.2367957746478873 0.0710093896713615 
0 0.6199383802816901 0.19131455399061034 0.19762323943661972 0.04812206572769953 
0 0.4198943661971831 0.426056338028169 0.2323943661971831 0.06924882629107981 
0 0.8525528169014085 0.26173708920187794 0.22887323943661972 0.11737089201877934 
0 0.6426056338028169 0.43133802816901406 0.2112676056338028 0.07394366197183098 
0 0.8723591549295775 0.4272300469483568 0.23503521126760563 0.11737089201877934 
0 0.6296214788732394 0.3145539906103286 0.20290492957746478 0.04812206572769953 
0 0.625 0.25586854460093894 0.21654929577464788 0.06924882629107981 
0 0.6432658450704225 0.3664906103286385 0.2055457746478873 0.04988262910798122 
