0 0.4163732394366197 0.9096244131455399 0.1329225352112676 0.17018779342723006 
0 0.1974031690140845 0.7118544600938967 0.1034330985915493 0.11150234741784038 
0 0.9423415492957746 0.6387910798122066 0.0994718309859155 0.14612676056338028 
0 0.9009683098591549 0.79518779342723 0.11619718309859155 0.12206572769953052 
0 0.7544014084507042 0.7570422535211268 0.08274647887323944 0.21713615023474178 
0 0.6602112676056338 0.7720070422535211 0.07922535211267606 0.1742957746478873 
0 0.5686619718309859 0.7629107981220657 0.08362676056338028 0.17136150234741784 
0 0.40713028169014087 0.7074530516431925 0.13996478873239437 0.21654929577464788 
0 0.16351232394366197 0.9198943661971831 0.08758802816901408 0.1602112676056338 
0 0.046875 0.9131455399061033 0.08494718309859155 0.17370892018779344 
0 0.9784330985915493 0.2790492957746479 0.043133802816901406 0.12147887323943662 
0 0.9507042253521126 0.4140258215962441 0.06690140845070422 0.12969483568075119 
0 0.9163732394366197 0.2828638497652582 0.06778169014084508 0.11737089201877934 
0 0.8430897887323944 0.4222417840375587 0.08582746478873239 0.09448356807511737 
0 0.7398767605633803 0.397887323943662 0.0801056338028169 0.18192488262910797 
0 0.6014524647887324 0.3890845070422535 0.08582746478873239 0.18544600938967137 
0 0.40338908450704225 0.33656103286384975 0.28741197183098594 0.232981220657277 
0 0.1522887323943662 0.37177230046948356 0.19190140845070422 0.159037558685446 
0 0.2779489436619718 0.903169014084507 0.11839788732394366 0.18661971830985916 
0 0.4163732394366197 0.9096244131455399 0.1329225352112676 0.17018779342723006 
0 0.1974031690140845 0.7118544600938967 0.1034330985915493 0.11150234741784038 
0 0.9423415492957746 0.6387910798122066 0.0994718309859155 0.14612676056338028 
0 0.9009683098591549 0.79518779342723 0.11619718309859155 0.12206572769953052 
0 0.7544014084507042 0.7570422535211268 0.08274647887323944 0.21713615023474178 
0 0.6602112676056338 0.7720070422535211 0.07922535211267606 0.1742957746478873 
0 0.5686619718309859 0.7629107981220657 0.08362676056338028 0.17136150234741784 
0 0.40713028169014087 0.7074530516431925 0.13996478873239437 0.21654929577464788 
0 0.16351232394366197 0.9198943661971831 0.08758802816901408 0.1602112676056338 
0 0.046875 0.9131455399061033 0.08494718309859155 0.17370892018779344 
0 0.9784330985915493 0.2790492957746479 0.043133802816901406 0.12147887323943662 
0 0.9507042253521126 0.4140258215962441 0.06690140845070422 0.12969483568075119 
0 0.9163732394366197 0.2828638497652582 0.06778169014084508 0.11737089201877934 
0 0.8430897887323944 0.4222417840375587 0.08582746478873239 0.09448356807511737 
0 0.7398767605633803 0.397887323943662 0.0801056338028169 0.18192488262910797 
0 0.6014524647887324 0.3890845070422535 0.08582746478873239 0.18544600938967137 
0 0.40338908450704225 0.33656103286384975 0.28741197183098594 0.232981220657277 
0 0.1522887323943662 0.37177230046948356 0.19190140845070422 0.159037558685446 
0 0.2779489436619718 0.903169014084507 0.11839788732394366 0.18661971830985916 
0 0.4163732394366197 0.9096244131455399 0.1329225352112676 0.17018779342723006 
0 0.1974031690140845 0.7118544600938967 0.1034330985915493 0.11150234741784038 
0 0.9423415492957746 0.6387910798122066 0.0994718309859155 0.14612676056338028 
0 0.9009683098591549 0.79518779342723 0.11619718309859155 0.12206572769953052 
0 0.7544014084507042 0.7570422535211268 0.08274647887323944 0.21713615023474178 
0 0.6602112676056338 0.7720070422535211 0.07922535211267606 0.1742957746478873 
0 0.5686619718309859 0.7629107981220657 0.08362676056338028 0.17136150234741784 
0 0.40713028169014087 0.7074530516431925 0.13996478873239437 0.21654929577464788 
0 0.16351232394366197 0.9198943661971831 0.08758802816901408 0.1602112676056338 
0 0.046875 0.9131455399061033 0.08494718309859155 0.17370892018779344 
0 0.9784330985915493 0.2790492957746479 0.043133802816901406 0.12147887323943662 
0 0.9507042253521126 0.4140258215962441 0.06690140845070422 0.12969483568075119 
0 0.9163732394366197 0.2828638497652582 0.06778169014084508 0.11737089201877934 
0 0.8430897887323944 0.4222417840375587 0.08582746478873239 0.09448356807511737 
0 0.7398767605633803 0.397887323943662 0.0801056338028169 0.18192488262910797 
0 0.6014524647887324 0.3890845070422535 0.08582746478873239 0.18544600938967137 
0 0.40338908450704225 0.33656103286384975 0.28741197183098594 0.232981220657277 
0 0.1522887323943662 0.37177230046948356 0.19190140845070422 0.159037558685446 
0 0.2779489436619718 0.903169014084507 0.11839788732394366 0.18661971830985916 
