0 0.7497799295774648 0.818075117370892 0.08934859154929578 0.20892018779342722 
0 0.4751320422535211 0.5539906103286385 0.06998239436619719 0.13262910798122066 
0 0.03345070422535211 0.2852112676056338 0.06602112676056338 0.14553990610328638 
0 0.40162852112676056 0.4175469483568075 0.06294014084507042 0.13086854460093897 
0 0.4762323943661972 0.41607981220657275 0.0721830985915493 0.13732394366197184 
0 0.4060299295774648 0.5431338028169014 0.06998239436619719 0.10856807511737089 
0 0.5930897887323944 0.5446009389671361 0.053257042253521125 0.11737089201877934 
0 0.8237235915492958 0.5704225352112676 0.06294014084507042 0.0539906103286385 
0 0.6938820422535211 0.5352112676056338 0.03829225352112676 0.1068075117370892 
0 0.7341549295774648 0.477112676056338 0.06426056338028169 0.0903755868544601 
0 0.8125 0.4395539906103286 0.09066901408450705 0.08098591549295775 
0 0.051276408450704226 0.4527582159624413 0.05765845070422535 0.0721830985915493 
0 0.056338028169014086 0.5492957746478874 0.05193661971830986 0.11150234741784038 
0 0.7064260563380281 0.9697769953051644 0.0 0.013497652582159625 
0 0.6476672535211268 0.5469483568075117 0.04973591549295775 0.13380281690140844 
0 0.6681338028169014 0.875293427230047 0.07922535211267606 0.22711267605633803 
0 0.5184859154929577 0.8397887323943662 0.07130281690140845 0.2981220657276995 
0 0.21941021126760563 0.04284037558685446 0.05765845070422535 0.07981220657276995 
0 0.5935299295774648 0.841255868544601 0.06294014084507042 0.2975352112676056 
0 0.03455105633802817 0.12353286384976526 0.06205985915492958 0.16255868544600938 
0 0.12588028169014084 0.14906103286384975 0.06426056338028169 0.11737089201877934 
0 0.2013644366197183 0.14847417840375587 0.07086267605633803 0.12206572769953052 
0 0.15735035211267606 0.04107981220657277 0.053257042253521125 0.08098591549295775 
0 0.28257042253521125 0.13468309859154928 0.06690140845070422 0.1426056338028169 
0 0.3514524647887324 0.1402582159624413 0.05941901408450704 0.13849765258215962 
0 0.4282570422535211 0.17165492957746478 0.10035211267605634 0.0721830985915493 
0 0.7962147887323944 0.12353286384976526 0.17693661971830985 0.1742957746478873 
0 0.6483274647887324 0.19483568075117372 0.11619718309859155 0.05868544600938967 
0 0.045774647887323945 0.8163145539906104 0.08450704225352113 0.2875586854460094 
0 0.1624119718309859 0.8450704225352113 0.09683098591549295 0.23943661971830985 
0 0.2636443661971831 0.8459507042253521 0.09595070422535211 0.23767605633802816 
0 0.37059859154929575 0.7887323943661971 0.07570422535211267 0.24061032863849766 
0 0.4480633802816901 0.8321596244131455 0.06778169014084508 0.3039906103286385 
0 0.6415052816901409 0.11678403755868545 0.09110915492957747 0.09741784037558686 
0 0.7497799295774648 0.818075117370892 0.08934859154929578 0.20892018779342722 
0 0.4751320422535211 0.5539906103286385 0.06998239436619719 0.13262910798122066 
0 0.03345070422535211 0.2852112676056338 0.06602112676056338 0.14553990610328638 
0 0.40162852112676056 0.4175469483568075 0.06294014084507042 0.13086854460093897 
0 0.4762323943661972 0.41607981220657275 0.0721830985915493 0.13732394366197184 
0 0.4060299295774648 0.5431338028169014 0.06998239436619719 0.10856807511737089 
0 0.5930897887323944 0.5446009389671361 0.053257042253521125 0.11737089201877934 
0 0.8237235915492958 0.5704225352112676 0.06294014084507042 0.0539906103286385 
0 0.6938820422535211 0.5352112676056338 0.03829225352112676 0.1068075117370892 
0 0.7341549295774648 0.477112676056338 0.06426056338028169 0.0903755868544601 
0 0.8125 0.4395539906103286 0.09066901408450705 0.08098591549295775 
0 0.051276408450704226 0.4527582159624413 0.05765845070422535 0.0721830985915493 
0 0.056338028169014086 0.5492957746478874 0.05193661971830986 0.11150234741784038 
0 0.7064260563380281 0.9697769953051644 0.0 0.013497652582159625 
0 0.6476672535211268 0.5469483568075117 0.04973591549295775 0.13380281690140844 
0 0.6681338028169014 0.875293427230047 0.07922535211267606 0.22711267605633803 
0 0.5184859154929577 0.8397887323943662 0.07130281690140845 0.2981220657276995 
0 0.21941021126760563 0.04284037558685446 0.05765845070422535 0.07981220657276995 
0 0.5935299295774648 0.841255868544601 0.06294014084507042 0.2975352112676056 
0 0.03455105633802817 0.12353286384976526 0.06205985915492958 0.16255868544600938 
0 0.12588028169014084 0.14906103286384975 0.06426056338028169 0.11737089201877934 
0 0.2013644366197183 0.14847417840375587 0.07086267605633803 0.12206572769953052 
0 0.15735035211267606 0.04107981220657277 0.053257042253521125 0.08098591549295775 
0 0.28257042253521125 0.13468309859154928 0.06690140845070422 0.1426056338028169 
0 0.3514524647887324 0.1402582159624413 0.05941901408450704 0.13849765258215962 
0 0.4282570422535211 0.17165492957746478 0.10035211267605634 0.0721830985915493 
0 0.7962147887323944 0.12353286384976526 0.17693661971830985 0.1742957746478873 
0 0.6483274647887324 0.19483568075117372 0.11619718309859155 0.05868544600938967 
0 0.045774647887323945 0.8163145539906104 0.08450704225352113 0.2875586854460094 
0 0.1624119718309859 0.8450704225352113 0.09683098591549295 0.23943661971830985 
0 0.2636443661971831 0.8459507042253521 0.09595070422535211 0.23767605633802816 
0 0.37059859154929575 0.7887323943661971 0.07570422535211267 0.24061032863849766 
0 0.4480633802816901 0.8321596244131455 0.06778169014084508 0.3039906103286385 
0 0.6415052816901409 0.11678403755868545 0.09110915492957747 0.09741784037558686 
0 0.7497799295774648 0.818075117370892 0.08934859154929578 0.20892018779342722 
0 0.4751320422535211 0.5539906103286385 0.06998239436619719 0.13262910798122066 
0 0.03345070422535211 0.2852112676056338 0.06602112676056338 0.14553990610328638 
0 0.40162852112676056 0.4175469483568075 0.06294014084507042 0.13086854460093897 
0 0.4762323943661972 0.41607981220657275 0.0721830985915493 0.13732394366197184 
0 0.4060299295774648 0.5431338028169014 0.06998239436619719 0.10856807511737089 
0 0.5930897887323944 0.5446009389671361 0.053257042253521125 0.11737089201877934 
0 0.8237235915492958 0.5704225352112676 0.06294014084507042 0.0539906103286385 
0 0.6938820422535211 0.5352112676056338 0.03829225352112676 0.1068075117370892 
0 0.7341549295774648 0.477112676056338 0.06426056338028169 0.0903755868544601 
0 0.8125 0.4395539906103286 0.09066901408450705 0.08098591549295775 
0 0.051276408450704226 0.4527582159624413 0.05765845070422535 0.0721830985915493 
0 0.056338028169014086 0.5492957746478874 0.05193661971830986 0.11150234741784038 
0 0.7064260563380281 0.9697769953051644 0.0 0.013497652582159625 
0 0.6476672535211268 0.5469483568075117 0.04973591549295775 0.13380281690140844 
0 0.6681338028169014 0.875293427230047 0.07922535211267606 0.22711267605633803 
0 0.5184859154929577 0.8397887323943662 0.07130281690140845 0.2981220657276995 
0 0.21941021126760563 0.04284037558685446 0.05765845070422535 0.07981220657276995 
0 0.5935299295774648 0.841255868544601 0.06294014084507042 0.2975352112676056 
0 0.03455105633802817 0.12353286384976526 0.06205985915492958 0.16255868544600938 
0 0.12588028169014084 0.14906103286384975 0.06426056338028169 0.11737089201877934 
0 0.2013644366197183 0.14847417840375587 0.07086267605633803 0.12206572769953052 
0 0.15735035211267606 0.04107981220657277 0.053257042253521125 0.08098591549295775 
0 0.28257042253521125 0.13468309859154928 0.06690140845070422 0.1426056338028169 
0 0.3514524647887324 0.1402582159624413 0.05941901408450704 0.13849765258215962 
0 0.4282570422535211 0.17165492957746478 0.10035211267605634 0.0721830985915493 
0 0.7962147887323944 0.12353286384976526 0.17693661971830985 0.1742957746478873 
0 0.6483274647887324 0.19483568075117372 0.11619718309859155 0.05868544600938967 
0 0.045774647887323945 0.8163145539906104 0.08450704225352113 0.2875586854460094 
0 0.1624119718309859 0.8450704225352113 0.09683098591549295 0.23943661971830985 
0 0.2636443661971831 0.8459507042253521 0.09595070422535211 0.23767605633802816 
0 0.37059859154929575 0.7887323943661971 0.07570422535211267 0.24061032863849766 
0 0.4480633802816901 0.8321596244131455 0.06778169014084508 0.3039906103286385 
0 0.6415052816901409 0.11678403755868545 0.09110915492957747 0.09741784037558686 
