0 0.36795774647887325 0.6071009389671361 0.0880281690140845 0.09800469483568075 
0 0.5332306338028169 0.5786384976525821 0.06205985915492958 0.07629107981220658 
0 0.2988556338028169 0.5290492957746479 0.04753521126760563 0.13086854460093897 
0 0.10321302816901408 0.585387323943662 0.0664612676056338 0.10269953051643192 
0 0.17033450704225353 0.5780516431924883 0.05193661971830986 0.1056338028169014 
0 0.5642605633802817 0.6167840375586855 0.0 0.0 
0 0.2323943661971831 0.5765845070422535 0.06514084507042253 0.15669014084507044 
0 0.5851672535211268 0.5583920187793427 0.04181338028169014 0.08157276995305164 
0 0.636443661971831 0.7878521126760564 0.08098591549295775 0.1426056338028169 
0 0.05457746478873239 0.8518192488262911 0.05985915492957746 0.12969483568075119 
0 0.3413292253521127 0.7907863849765259 0.06205985915492958 0.13086854460093897 
0 0.40184859154929575 0.7946009389671361 0.056338028169014086 0.12910798122065728 
0 0.34485035211267606 0.8937793427230047 0.06205985915492958 0.08098591549295775 
0 0.4060299295774648 0.8946596244131455 0.04973591549295775 0.0733568075117371 
0 0.4964788732394366 0.8735328638497653 0.04753521126760563 0.11561032863849766 
0 0.5433538732394366 0.8661971830985915 0.04181338028169014 0.11619718309859155 
0 0.6910211267605634 0.568368544600939 0.11179577464788733 0.17312206572769953 
0 0.034991197183098594 0.5651408450704225 0.058538732394366196 0.15492957746478872 
0 0.6764964788732394 0.04606807511737089 0.06426056338028169 0.0886150234741784 
0 0.21764964788732394 0.3221830985915493 0.06294014084507042 0.13849765258215962 
0 0.09242957746478873 0.3259976525821596 0.07482394366197183 0.1402582159624413 
0 0.028609154929577465 0.289906103286385 0.0528169014084507 0.20305164319248825 
0 0.27244718309859156 0.25440140845070425 0.04401408450704225 0.10856807511737089 
0 0.3180017605633803 0.2549882629107981 0.04973591549295775 0.11913145539906103 
0 0.39370598591549294 0.2913732394366197 0.0743838028169014 0.08274647887323944 
0 0.46764964788732394 0.17752347417840375 0.053257042253521125 0.12030516431924883 
0 0.530149647887324 0.19131455399061034 0.05413732394366197 0.12910798122065728 
0 0.4845950704225352 0.3204225352112676 0.05985915492957746 0.13262910798122066 
0 0.6080545774647887 0.3485915492957746 0.05413732394366197 0.12793427230046947 
0 0.7447183098591549 0.04636150234741784 0.06073943661971831 0.09154929577464789 
0 0.7352552816901409 0.3529929577464789 0.06205985915492958 0.14847417840375587 
0 0.04005281690140845 0.03990610328638498 0.07306338028169014 0.07042253521126761 
0 0.14568661971830985 0.03022300469483568 0.0880281690140845 0.051056338028169015 
0 0.24031690140845072 0.04078638497652582 0.09242957746478873 0.07805164319248827 
0 0.33340669014084506 0.03550469483568075 0.09110915492957747 0.06748826291079812 
0 0.43309859154929575 0.04019953051643192 0.0880281690140845 0.07922535211267606 
0 0.5264084507042254 0.04225352112676056 0.08890845070422536 0.07863849765258216 
0 0.6087147887323944 0.04225352112676056 0.06866197183098592 0.08098591549295775 
0 0.6725352112676056 0.34917840375586856 0.05457746478873239 0.1443661971830986 
0 0.36795774647887325 0.6071009389671361 0.0880281690140845 0.09800469483568075 
0 0.5332306338028169 0.5786384976525821 0.06205985915492958 0.07629107981220658 
0 0.2988556338028169 0.5290492957746479 0.04753521126760563 0.13086854460093897 
0 0.10321302816901408 0.585387323943662 0.0664612676056338 0.10269953051643192 
0 0.17033450704225353 0.5780516431924883 0.05193661971830986 0.1056338028169014 
0 0.5642605633802817 0.6167840375586855 0.0 0.0 
0 0.2323943661971831 0.5765845070422535 0.06514084507042253 0.15669014084507044 
0 0.5851672535211268 0.5583920187793427 0.04181338028169014 0.08157276995305164 
0 0.636443661971831 0.7878521126760564 0.08098591549295775 0.1426056338028169 
0 0.05457746478873239 0.8518192488262911 0.05985915492957746 0.12969483568075119 
0 0.3413292253521127 0.7907863849765259 0.06205985915492958 0.13086854460093897 
0 0.40184859154929575 0.7946009389671361 0.056338028169014086 0.12910798122065728 
0 0.34485035211267606 0.8937793427230047 0.06205985915492958 0.08098591549295775 
0 0.4060299295774648 0.8946596244131455 0.04973591549295775 0.0733568075117371 
0 0.4964788732394366 0.8735328638497653 0.04753521126760563 0.11561032863849766 
0 0.5433538732394366 0.8661971830985915 0.04181338028169014 0.11619718309859155 
0 0.6910211267605634 0.568368544600939 0.11179577464788733 0.17312206572769953 
0 0.034991197183098594 0.5651408450704225 0.058538732394366196 0.15492957746478872 
0 0.6764964788732394 0.04606807511737089 0.06426056338028169 0.0886150234741784 
0 0.21764964788732394 0.3221830985915493 0.06294014084507042 0.13849765258215962 
0 0.09242957746478873 0.3259976525821596 0.07482394366197183 0.1402582159624413 
0 0.028609154929577465 0.289906103286385 0.0528169014084507 0.20305164319248825 
0 0.27244718309859156 0.25440140845070425 0.04401408450704225 0.10856807511737089 
0 0.3180017605633803 0.2549882629107981 0.04973591549295775 0.11913145539906103 
0 0.39370598591549294 0.2913732394366197 0.0743838028169014 0.08274647887323944 
0 0.46764964788732394 0.17752347417840375 0.053257042253521125 0.12030516431924883 
0 0.530149647887324 0.19131455399061034 0.05413732394366197 0.12910798122065728 
0 0.4845950704225352 0.3204225352112676 0.05985915492957746 0.13262910798122066 
0 0.6080545774647887 0.3485915492957746 0.05413732394366197 0.12793427230046947 
0 0.7447183098591549 0.04636150234741784 0.06073943661971831 0.09154929577464789 
0 0.7352552816901409 0.3529929577464789 0.06205985915492958 0.14847417840375587 
0 0.04005281690140845 0.03990610328638498 0.07306338028169014 0.07042253521126761 
0 0.14568661971830985 0.03022300469483568 0.0880281690140845 0.051056338028169015 
0 0.24031690140845072 0.04078638497652582 0.09242957746478873 0.07805164319248827 
0 0.33340669014084506 0.03550469483568075 0.09110915492957747 0.06748826291079812 
0 0.43309859154929575 0.04019953051643192 0.0880281690140845 0.07922535211267606 
0 0.5264084507042254 0.04225352112676056 0.08890845070422536 0.07863849765258216 
0 0.6087147887323944 0.04225352112676056 0.06866197183098592 0.08098591549295775 
0 0.6725352112676056 0.34917840375586856 0.05457746478873239 0.1443661971830986 
0 0.36795774647887325 0.6071009389671361 0.0880281690140845 0.09800469483568075 
0 0.5332306338028169 0.5786384976525821 0.06205985915492958 0.07629107981220658 
0 0.2988556338028169 0.5290492957746479 0.04753521126760563 0.13086854460093897 
0 0.10321302816901408 0.585387323943662 0.0664612676056338 0.10269953051643192 
0 0.17033450704225353 0.5780516431924883 0.05193661971830986 0.1056338028169014 
0 0.5642605633802817 0.6167840375586855 0.0 0.0 
0 0.2323943661971831 0.5765845070422535 0.06514084507042253 0.15669014084507044 
0 0.5851672535211268 0.5583920187793427 0.04181338028169014 0.08157276995305164 
0 0.636443661971831 0.7878521126760564 0.08098591549295775 0.1426056338028169 
0 0.05457746478873239 0.8518192488262911 0.05985915492957746 0.12969483568075119 
0 0.3413292253521127 0.7907863849765259 0.06205985915492958 0.13086854460093897 
0 0.40184859154929575 0.7946009389671361 0.056338028169014086 0.12910798122065728 
0 0.34485035211267606 0.8937793427230047 0.06205985915492958 0.08098591549295775 
0 0.4060299295774648 0.8946596244131455 0.04973591549295775 0.0733568075117371 
0 0.4964788732394366 0.8735328638497653 0.04753521126760563 0.11561032863849766 
0 0.5433538732394366 0.8661971830985915 0.04181338028169014 0.11619718309859155 
0 0.6910211267605634 0.568368544600939 0.11179577464788733 0.17312206572769953 
0 0.034991197183098594 0.5651408450704225 0.058538732394366196 0.15492957746478872 
0 0.6764964788732394 0.04606807511737089 0.06426056338028169 0.0886150234741784 
0 0.21764964788732394 0.3221830985915493 0.06294014084507042 0.13849765258215962 
0 0.09242957746478873 0.3259976525821596 0.07482394366197183 0.1402582159624413 
0 0.028609154929577465 0.289906103286385 0.0528169014084507 0.20305164319248825 
0 0.27244718309859156 0.25440140845070425 0.04401408450704225 0.10856807511737089 
0 0.3180017605633803 0.2549882629107981 0.04973591549295775 0.11913145539906103 
0 0.39370598591549294 0.2913732394366197 0.0743838028169014 0.08274647887323944 
0 0.46764964788732394 0.17752347417840375 0.053257042253521125 0.12030516431924883 
0 0.530149647887324 0.19131455399061034 0.05413732394366197 0.12910798122065728 
0 0.4845950704225352 0.3204225352112676 0.05985915492957746 0.13262910798122066 
0 0.6080545774647887 0.3485915492957746 0.05413732394366197 0.12793427230046947 
0 0.7447183098591549 0.04636150234741784 0.06073943661971831 0.09154929577464789 
0 0.7352552816901409 0.3529929577464789 0.06205985915492958 0.14847417840375587 
0 0.04005281690140845 0.03990610328638498 0.07306338028169014 0.07042253521126761 
0 0.14568661971830985 0.03022300469483568 0.0880281690140845 0.051056338028169015 
0 0.24031690140845072 0.04078638497652582 0.09242957746478873 0.07805164319248827 
0 0.33340669014084506 0.03550469483568075 0.09110915492957747 0.06748826291079812 
0 0.43309859154929575 0.04019953051643192 0.0880281690140845 0.07922535211267606 
0 0.5264084507042254 0.04225352112676056 0.08890845070422536 0.07863849765258216 
0 0.6087147887323944 0.04225352112676056 0.06866197183098592 0.08098591549295775 
0 0.6725352112676056 0.34917840375586856 0.05457746478873239 0.1443661971830986 
