0 0.6043133802816901 0.8623826291079812 0.10035211267605634 0.08392018779342723 
0 0.6465669014084507 0.6622652582159625 0.09066901408450705 0.09330985915492958 
0 0.6923415492957746 0.7485328638497653 0.0801056338028169 0.07687793427230047 
0 0.706205985915493 0.8494718309859155 0.10607394366197183 0.10974178403755869 
0 0.8164612676056338 0.6936619718309859 0.11179577464788733 0.0903755868544601 
0 0.8186619718309859 0.778169014084507 0.10915492957746478 0.08098591549295775 
0 0.9859154929577465 0.6795774647887324 0.028169014084507043 0.07394366197183098 
0 0.9214348591549296 0.6833920187793427 0.09375 0.09330985915492958 
0 0.9231954225352113 0.772593896713615 0.09463028169014084 0.08274647887323944 
0 0.9271566901408451 0.8585680751173709 0.10255281690140845 0.07394366197183098 
0 0.9845950704225352 0.7714201877934272 0.025528169014084508 0.08274647887323944 
0 0.332306338028169 0.9686032863849765 0.17077464788732394 0.05575117370892019 
0 0.6007922535211268 0.7623239436619719 0.10035211267605634 0.10093896713615023 
0 0.8175616197183099 0.8647300469483568 0.10519366197183098 0.0886150234741784 
0 0.5625 0.6569835680751174 0.06426056338028169 0.07687793427230047 
0 0.49141725352112675 0.7714201877934272 0.10695422535211267 0.10387323943661972 
0 0.4982394366197183 0.8802816901408451 0.11619718309859155 0.10211267605633803 
0 0.05237676056338028 0.3078051643192488 0.10035211267605634 0.36561032863849763 
0 0.47909330985915494 0.6622652582159625 0.08670774647887323 0.09330985915492958 
0 0.27750880281690143 0.02992957746478873 0.21434859154929578 0.04812206572769953 
0 0.272887323943662 0.07453051643192488 0.22359154929577466 0.04929577464788732 
0 0.2678257042253521 0.1267605633802817 0.23371478873239437 0.04812206572769953 
0 0.535431338028169 0.2062793427230047 0.26100352112676056 0.18368544600938966 
0 0.5378521126760564 0.39289906103286387 0.2764084507042254 0.18955399061032863 
0 0.7418573943661971 0.21390845070422534 0.1500880281690141 0.1414319248826291 
0 0.26518485915492956 0.3204225352112676 0.2662852112676056 0.33098591549295775 
0 0.9080105633802817 0.17546948356807512 0.18397887323943662 0.0528169014084507 
0 0.9130721830985915 0.2221244131455399 0.1738556338028169 0.034624413145539906 
0 0.9113116197183099 0.2623239436619718 0.17737676056338028 0.036384976525821594 
0 0.9557658450704225 0.39348591549295775 0.08318661971830986 0.20011737089201878 
0 0.0682218309859155 0.704225352112676 0.125 0.31338028169014087 
0 0.31712147887323944 0.6968896713615024 0.23459507042253522 0.09330985915492958 
0 0.7966549295774648 0.3914319248826291 0.22095070422535212 0.20187793427230047 
0 0.6043133802816901 0.8623826291079812 0.10035211267605634 0.08392018779342723 
0 0.6465669014084507 0.6622652582159625 0.09066901408450705 0.09330985915492958 
0 0.6923415492957746 0.7485328638497653 0.0801056338028169 0.07687793427230047 
0 0.706205985915493 0.8494718309859155 0.10607394366197183 0.10974178403755869 
0 0.8164612676056338 0.6936619718309859 0.11179577464788733 0.0903755868544601 
0 0.8186619718309859 0.778169014084507 0.10915492957746478 0.08098591549295775 
0 0.9859154929577465 0.6795774647887324 0.028169014084507043 0.07394366197183098 
0 0.9214348591549296 0.6833920187793427 0.09375 0.09330985915492958 
0 0.9231954225352113 0.772593896713615 0.09463028169014084 0.08274647887323944 
0 0.9271566901408451 0.8585680751173709 0.10255281690140845 0.07394366197183098 
0 0.9845950704225352 0.7714201877934272 0.025528169014084508 0.08274647887323944 
0 0.332306338028169 0.9686032863849765 0.17077464788732394 0.05575117370892019 
0 0.6007922535211268 0.7623239436619719 0.10035211267605634 0.10093896713615023 
0 0.8175616197183099 0.8647300469483568 0.10519366197183098 0.0886150234741784 
0 0.5625 0.6569835680751174 0.06426056338028169 0.07687793427230047 
0 0.49141725352112675 0.7714201877934272 0.10695422535211267 0.10387323943661972 
0 0.4982394366197183 0.8802816901408451 0.11619718309859155 0.10211267605633803 
0 0.05237676056338028 0.3078051643192488 0.10035211267605634 0.36561032863849763 
0 0.47909330985915494 0.6622652582159625 0.08670774647887323 0.09330985915492958 
0 0.27750880281690143 0.02992957746478873 0.21434859154929578 0.04812206572769953 
0 0.272887323943662 0.07453051643192488 0.22359154929577466 0.04929577464788732 
0 0.2678257042253521 0.1267605633802817 0.23371478873239437 0.04812206572769953 
0 0.535431338028169 0.2062793427230047 0.26100352112676056 0.18368544600938966 
0 0.5378521126760564 0.39289906103286387 0.2764084507042254 0.18955399061032863 
0 0.7418573943661971 0.21390845070422534 0.1500880281690141 0.1414319248826291 
0 0.26518485915492956 0.3204225352112676 0.2662852112676056 0.33098591549295775 
0 0.9080105633802817 0.17546948356807512 0.18397887323943662 0.0528169014084507 
0 0.9130721830985915 0.2221244131455399 0.1738556338028169 0.034624413145539906 
0 0.9113116197183099 0.2623239436619718 0.17737676056338028 0.036384976525821594 
0 0.9557658450704225 0.39348591549295775 0.08318661971830986 0.20011737089201878 
0 0.0682218309859155 0.704225352112676 0.125 0.31338028169014087 
0 0.31712147887323944 0.6968896713615024 0.23459507042253522 0.09330985915492958 
0 0.7966549295774648 0.3914319248826291 0.22095070422535212 0.20187793427230047 
0 0.6043133802816901 0.8623826291079812 0.10035211267605634 0.08392018779342723 
0 0.6465669014084507 0.6622652582159625 0.09066901408450705 0.09330985915492958 
0 0.6923415492957746 0.7485328638497653 0.0801056338028169 0.07687793427230047 
0 0.706205985915493 0.8494718309859155 0.10607394366197183 0.10974178403755869 
0 0.8164612676056338 0.6936619718309859 0.11179577464788733 0.0903755868544601 
0 0.8186619718309859 0.778169014084507 0.10915492957746478 0.08098591549295775 
0 0.9859154929577465 0.6795774647887324 0.028169014084507043 0.07394366197183098 
0 0.9214348591549296 0.6833920187793427 0.09375 0.09330985915492958 
0 0.9231954225352113 0.772593896713615 0.09463028169014084 0.08274647887323944 
0 0.9271566901408451 0.8585680751173709 0.10255281690140845 0.07394366197183098 
0 0.9845950704225352 0.7714201877934272 0.025528169014084508 0.08274647887323944 
0 0.332306338028169 0.9686032863849765 0.17077464788732394 0.05575117370892019 
0 0.6007922535211268 0.7623239436619719 0.10035211267605634 0.10093896713615023 
0 0.8175616197183099 0.8647300469483568 0.10519366197183098 0.0886150234741784 
0 0.5625 0.6569835680751174 0.06426056338028169 0.07687793427230047 
0 0.49141725352112675 0.7714201877934272 0.10695422535211267 0.10387323943661972 
0 0.4982394366197183 0.8802816901408451 0.11619718309859155 0.10211267605633803 
0 0.05237676056338028 0.3078051643192488 0.10035211267605634 0.36561032863849763 
0 0.47909330985915494 0.6622652582159625 0.08670774647887323 0.09330985915492958 
0 0.27750880281690143 0.02992957746478873 0.21434859154929578 0.04812206572769953 
0 0.272887323943662 0.07453051643192488 0.22359154929577466 0.04929577464788732 
0 0.2678257042253521 0.1267605633802817 0.23371478873239437 0.04812206572769953 
0 0.535431338028169 0.2062793427230047 0.26100352112676056 0.18368544600938966 
0 0.5378521126760564 0.39289906103286387 0.2764084507042254 0.18955399061032863 
0 0.7418573943661971 0.21390845070422534 0.1500880281690141 0.1414319248826291 
0 0.26518485915492956 0.3204225352112676 0.2662852112676056 0.33098591549295775 
0 0.9080105633802817 0.17546948356807512 0.18397887323943662 0.0528169014084507 
0 0.9130721830985915 0.2221244131455399 0.1738556338028169 0.034624413145539906 
0 0.9113116197183099 0.2623239436619718 0.17737676056338028 0.036384976525821594 
0 0.9557658450704225 0.39348591549295775 0.08318661971830986 0.20011737089201878 
0 0.0682218309859155 0.704225352112676 0.125 0.31338028169014087 
0 0.31712147887323944 0.6968896713615024 0.23459507042253522 0.09330985915492958 
0 0.7966549295774648 0.3914319248826291 0.22095070422535212 0.20187793427230047 
