0 0.9654489436619719 0.48532863849765256 0.0664612676056338 0.07981220657276995 
0 0.18089788732394366 0.6983568075117371 0.2244718309859155 0.32511737089201875 
0 0.413512323943662 0.7033450704225352 0.20906690140845072 0.3597417840375587 
0 0.5829665492957746 0.7802230046948356 0.0664612676056338 0.15786384976525822 
0 0.7018045774647887 0.7714201877934272 0.06558098591549295 0.1637323943661972 
0 0.9460827464788732 0.7461854460093896 0.05765845070422535 0.1414319248826291 
0 0.6234595070422535 0.6569835680751174 0.050616197183098594 0.08274647887323944 
0 0.8785211267605634 0.48151408450704225 0.09330985915492958 0.07805164319248827 
0 0.676056338028169 0.636443661971831 0.040492957746478875 0.09917840375586855 
0 0.9592869718309859 0.6179577464788732 0.05413732394366197 0.09154929577464789 
0 0.8622359154929577 0.6065140845070423 0.05193661971830986 0.06866197183098592 
0 0.8831426056338029 0.7112676056338029 0.06205985915492958 0.13380281690140844 
0 0.8017165492957746 0.24911971830985916 0.07086267605633803 0.05575117370892019 
0 0.793794014084507 0.6998239436619719 0.08934859154929578 0.07570422535211267 
0 0.9672095070422535 0.4055164319248826 0.058538732394366196 0.07981220657276995 
0 0.6811179577464789 0.3761737089201878 0.08230633802816902 0.0903755868544601 
0 0.9740316901408451 0.3204225352112676 0.05193661971830986 0.08098591549295775 
0 0.14766725352112675 0.2904929577464789 0.2055457746478873 0.2981220657276995 
0 0.08758802816901408 0.036384976525821594 0.14964788732394366 0.0715962441314554 
0 0.38974471830985913 0.052230046948356805 0.24955985915492956 0.10093896713615023 
0 0.8972271126760564 0.06631455399061033 0.2055457746478873 0.12910798122065728 
0 0.40625 0.3078051643192488 0.21919014084507044 0.09800469483568075 
0 0.5838468309859155 0.3779342723004695 0.09815140845070422 0.09624413145539906 
0 0.5867077464788732 0.477112676056338 0.10387323943661972 0.08685446009389672 
0 0.655149647887324 0.05575117370892019 0.2381161971830986 0.10211267605633803 
0 0.7786091549295775 0.46566901408450706 0.10123239436619719 0.10974178403755869 
0 0.7662852112676056 0.3673708920187793 0.05897887323943662 0.08450704225352113 
0 0.5578785211267606 0.2904929577464789 0.07790492957746478 0.07863849765258216 
0 0.6342429577464789 0.2904929577464789 0.06338028169014084 0.06572769953051644 
0 0.7139084507042254 0.289612676056338 0.0801056338028169 0.0710093896713615 
0 0.8835827464788732 0.3154342723004695 0.10607394366197183 0.0886150234741784 
0 0.6830985915492958 0.465962441314554 0.07570422535211267 0.08568075117370892 
0 0.8835827464788732 0.403462441314554 0.09727112676056338 0.07805164319248827 
0 0.9654489436619719 0.48532863849765256 0.0664612676056338 0.07981220657276995 
0 0.18089788732394366 0.6983568075117371 0.2244718309859155 0.32511737089201875 
0 0.413512323943662 0.7033450704225352 0.20906690140845072 0.3597417840375587 
0 0.5829665492957746 0.7802230046948356 0.0664612676056338 0.15786384976525822 
0 0.7018045774647887 0.7714201877934272 0.06558098591549295 0.1637323943661972 
0 0.9460827464788732 0.7461854460093896 0.05765845070422535 0.1414319248826291 
0 0.6234595070422535 0.6569835680751174 0.050616197183098594 0.08274647887323944 
0 0.8785211267605634 0.48151408450704225 0.09330985915492958 0.07805164319248827 
0 0.676056338028169 0.636443661971831 0.040492957746478875 0.09917840375586855 
0 0.9592869718309859 0.6179577464788732 0.05413732394366197 0.09154929577464789 
0 0.8622359154929577 0.6065140845070423 0.05193661971830986 0.06866197183098592 
0 0.8831426056338029 0.7112676056338029 0.06205985915492958 0.13380281690140844 
0 0.8017165492957746 0.24911971830985916 0.07086267605633803 0.05575117370892019 
0 0.793794014084507 0.6998239436619719 0.08934859154929578 0.07570422535211267 
0 0.9672095070422535 0.4055164319248826 0.058538732394366196 0.07981220657276995 
0 0.6811179577464789 0.3761737089201878 0.08230633802816902 0.0903755868544601 
0 0.9740316901408451 0.3204225352112676 0.05193661971830986 0.08098591549295775 
0 0.14766725352112675 0.2904929577464789 0.2055457746478873 0.2981220657276995 
0 0.08758802816901408 0.036384976525821594 0.14964788732394366 0.0715962441314554 
0 0.38974471830985913 0.052230046948356805 0.24955985915492956 0.10093896713615023 
0 0.8972271126760564 0.06631455399061033 0.2055457746478873 0.12910798122065728 
0 0.40625 0.3078051643192488 0.21919014084507044 0.09800469483568075 
0 0.5838468309859155 0.3779342723004695 0.09815140845070422 0.09624413145539906 
0 0.5867077464788732 0.477112676056338 0.10387323943661972 0.08685446009389672 
0 0.655149647887324 0.05575117370892019 0.2381161971830986 0.10211267605633803 
0 0.7786091549295775 0.46566901408450706 0.10123239436619719 0.10974178403755869 
0 0.7662852112676056 0.3673708920187793 0.05897887323943662 0.08450704225352113 
0 0.5578785211267606 0.2904929577464789 0.07790492957746478 0.07863849765258216 
0 0.6342429577464789 0.2904929577464789 0.06338028169014084 0.06572769953051644 
0 0.7139084507042254 0.289612676056338 0.0801056338028169 0.0710093896713615 
0 0.8835827464788732 0.3154342723004695 0.10607394366197183 0.0886150234741784 
0 0.6830985915492958 0.465962441314554 0.07570422535211267 0.08568075117370892 
0 0.8835827464788732 0.403462441314554 0.09727112676056338 0.07805164319248827 
0 0.9654489436619719 0.48532863849765256 0.0664612676056338 0.07981220657276995 
0 0.18089788732394366 0.6983568075117371 0.2244718309859155 0.32511737089201875 
0 0.413512323943662 0.7033450704225352 0.20906690140845072 0.3597417840375587 
0 0.5829665492957746 0.7802230046948356 0.0664612676056338 0.15786384976525822 
0 0.7018045774647887 0.7714201877934272 0.06558098591549295 0.1637323943661972 
0 0.9460827464788732 0.7461854460093896 0.05765845070422535 0.1414319248826291 
0 0.6234595070422535 0.6569835680751174 0.050616197183098594 0.08274647887323944 
0 0.8785211267605634 0.48151408450704225 0.09330985915492958 0.07805164319248827 
0 0.676056338028169 0.636443661971831 0.040492957746478875 0.09917840375586855 
0 0.9592869718309859 0.6179577464788732 0.05413732394366197 0.09154929577464789 
0 0.8622359154929577 0.6065140845070423 0.05193661971830986 0.06866197183098592 
0 0.8831426056338029 0.7112676056338029 0.06205985915492958 0.13380281690140844 
0 0.8017165492957746 0.24911971830985916 0.07086267605633803 0.05575117370892019 
0 0.793794014084507 0.6998239436619719 0.08934859154929578 0.07570422535211267 
0 0.9672095070422535 0.4055164319248826 0.058538732394366196 0.07981220657276995 
0 0.6811179577464789 0.3761737089201878 0.08230633802816902 0.0903755868544601 
0 0.9740316901408451 0.3204225352112676 0.05193661971830986 0.08098591549295775 
0 0.14766725352112675 0.2904929577464789 0.2055457746478873 0.2981220657276995 
0 0.08758802816901408 0.036384976525821594 0.14964788732394366 0.0715962441314554 
0 0.38974471830985913 0.052230046948356805 0.24955985915492956 0.10093896713615023 
0 0.8972271126760564 0.06631455399061033 0.2055457746478873 0.12910798122065728 
0 0.40625 0.3078051643192488 0.21919014084507044 0.09800469483568075 
0 0.5838468309859155 0.3779342723004695 0.09815140845070422 0.09624413145539906 
0 0.5867077464788732 0.477112676056338 0.10387323943661972 0.08685446009389672 
0 0.655149647887324 0.05575117370892019 0.2381161971830986 0.10211267605633803 
0 0.7786091549295775 0.46566901408450706 0.10123239436619719 0.10974178403755869 
0 0.7662852112676056 0.3673708920187793 0.05897887323943662 0.08450704225352113 
0 0.5578785211267606 0.2904929577464789 0.07790492957746478 0.07863849765258216 
0 0.6342429577464789 0.2904929577464789 0.06338028169014084 0.06572769953051644 
0 0.7139084507042254 0.289612676056338 0.0801056338028169 0.0710093896713615 
0 0.8835827464788732 0.3154342723004695 0.10607394366197183 0.0886150234741784 
0 0.6830985915492958 0.465962441314554 0.07570422535211267 0.08568075117370892 
0 0.8835827464788732 0.403462441314554 0.09727112676056338 0.07805164319248827 
