0 0.7046654929577465 0.26115023474178406 0.05545774647887324 0.11032863849765258 
0 0.02574823943661972 0.7391431924882629 0.04973591549295775 0.16255868544600938 
0 0.15955105633802816 0.7306338028169014 0.05765845070422535 0.14553990610328638 
0 0.22161091549295775 0.6123826291079812 0.04621478873239437 0.11443661971830986 
0 0.277068661971831 0.6150234741784038 0.04621478873239437 0.1068075117370892 
0 0.3587147887323944 0.6613849765258216 0.07922535211267606 0.09154929577464789 
0 0.45598591549295775 0.7238849765258216 0.056338028169014086 0.15082159624413147 
0 0.5022007042253521 0.5862676056338029 0.06338028169014084 0.09741784037558686 
0 0.6659330985915493 0.7637910798122066 0.05193661971830986 0.14847417840375587 
0 0.7414172535211268 0.7690727699530516 0.06734154929577464 0.15316901408450703 
0 0.5079225352112676 0.6939553990610329 0.03609154929577465 0.10856807511737089 
0 0.43661971830985913 0.573943661971831 0.043133802816901406 0.08568075117370892 
0 0.6996038732394366 0.9527582159624414 0.09463028169014084 0.08744131455399061 
0 0.6300616197183099 0.2549882629107981 0.05765845070422535 0.10974178403755869 
0 0.5919894366197183 0.7605633802816901 0.05985915492957746 0.15492957746478872 
0 0.6731954225352113 0.4078638497652582 0.0664612676056338 0.15375586854460094 
0 0.39766725352112675 0.4424882629107981 0.10695422535211267 0.09624413145539906 
0 0.5996919014084507 0.4025821596244131 0.0664612676056338 0.17018779342723006 
0 0.058538732394366196 0.2535211267605634 0.09242957746478873 0.07394366197183098 
0 0.1443661971830986 0.25586854460093894 0.07658450704225352 0.07511737089201878 
0 0.20972711267605634 0.2573356807511737 0.04973591549295775 0.07805164319248827 
0 0.08120598591549295 0.33480046948356806 0.1192781690140845 0.07687793427230047 
0 0.7497799295774648 0.4102112676056338 0.0664612676056338 0.1431924882629108 
0 0.17891725352112675 0.42370892018779344 0.09375 0.09507042253521127 
0 0.19410211267605634 0.3333333333333333 0.0721830985915493 0.07629107981220658 
0 0.2878521126760563 0.26115023474178406 0.10827464788732394 0.0892018779342723 
0 0.07878521126760564 0.42370892018779344 0.10827464788732394 0.0892018779342723 
0 0.2876320422535211 0.4357394366197183 0.11487676056338028 0.07922535211267606 
0 0.398987676056338 0.2640845070422535 0.11839788732394366 0.09154929577464789 
0 0.40338908450704225 0.3506455399061033 0.10079225352112677 0.07570422535211267 
0 0.5127640845070423 0.2664319248826291 0.10475352112676056 0.0903755868544601 
0 0.5055017605633803 0.35357981220657275 0.10871478873239436 0.08157276995305164 
0 0.508362676056338 0.43339201877934275 0.10475352112676056 0.08392018779342723 
0 0.28983274647887325 0.3515258215962441 0.11751760563380281 0.07981220657276995 
0 0.7046654929577465 0.26115023474178406 0.05545774647887324 0.11032863849765258 
0 0.02574823943661972 0.7391431924882629 0.04973591549295775 0.16255868544600938 
0 0.15955105633802816 0.7306338028169014 0.05765845070422535 0.14553990610328638 
0 0.22161091549295775 0.6123826291079812 0.04621478873239437 0.11443661971830986 
0 0.277068661971831 0.6150234741784038 0.04621478873239437 0.1068075117370892 
0 0.3587147887323944 0.6613849765258216 0.07922535211267606 0.09154929577464789 
0 0.45598591549295775 0.7238849765258216 0.056338028169014086 0.15082159624413147 
0 0.5022007042253521 0.5862676056338029 0.06338028169014084 0.09741784037558686 
0 0.6659330985915493 0.7637910798122066 0.05193661971830986 0.14847417840375587 
0 0.7414172535211268 0.7690727699530516 0.06734154929577464 0.15316901408450703 
0 0.5079225352112676 0.6939553990610329 0.03609154929577465 0.10856807511737089 
0 0.43661971830985913 0.573943661971831 0.043133802816901406 0.08568075117370892 
0 0.6996038732394366 0.9527582159624414 0.09463028169014084 0.08744131455399061 
0 0.6300616197183099 0.2549882629107981 0.05765845070422535 0.10974178403755869 
0 0.5919894366197183 0.7605633802816901 0.05985915492957746 0.15492957746478872 
0 0.6731954225352113 0.4078638497652582 0.0664612676056338 0.15375586854460094 
0 0.39766725352112675 0.4424882629107981 0.10695422535211267 0.09624413145539906 
0 0.5996919014084507 0.4025821596244131 0.0664612676056338 0.17018779342723006 
0 0.058538732394366196 0.2535211267605634 0.09242957746478873 0.07394366197183098 
0 0.1443661971830986 0.25586854460093894 0.07658450704225352 0.07511737089201878 
0 0.20972711267605634 0.2573356807511737 0.04973591549295775 0.07805164319248827 
0 0.08120598591549295 0.33480046948356806 0.1192781690140845 0.07687793427230047 
0 0.7497799295774648 0.4102112676056338 0.0664612676056338 0.1431924882629108 
0 0.17891725352112675 0.42370892018779344 0.09375 0.09507042253521127 
0 0.19410211267605634 0.3333333333333333 0.0721830985915493 0.07629107981220658 
0 0.2878521126760563 0.26115023474178406 0.10827464788732394 0.0892018779342723 
0 0.07878521126760564 0.42370892018779344 0.10827464788732394 0.0892018779342723 
0 0.2876320422535211 0.4357394366197183 0.11487676056338028 0.07922535211267606 
0 0.398987676056338 0.2640845070422535 0.11839788732394366 0.09154929577464789 
0 0.40338908450704225 0.3506455399061033 0.10079225352112677 0.07570422535211267 
0 0.5127640845070423 0.2664319248826291 0.10475352112676056 0.0903755868544601 
0 0.5055017605633803 0.35357981220657275 0.10871478873239436 0.08157276995305164 
0 0.508362676056338 0.43339201877934275 0.10475352112676056 0.08392018779342723 
0 0.28983274647887325 0.3515258215962441 0.11751760563380281 0.07981220657276995 
0 0.7046654929577465 0.26115023474178406 0.05545774647887324 0.11032863849765258 
0 0.02574823943661972 0.7391431924882629 0.04973591549295775 0.16255868544600938 
0 0.15955105633802816 0.7306338028169014 0.05765845070422535 0.14553990610328638 
0 0.22161091549295775 0.6123826291079812 0.04621478873239437 0.11443661971830986 
0 0.277068661971831 0.6150234741784038 0.04621478873239437 0.1068075117370892 
0 0.3587147887323944 0.6613849765258216 0.07922535211267606 0.09154929577464789 
0 0.45598591549295775 0.7238849765258216 0.056338028169014086 0.15082159624413147 
0 0.5022007042253521 0.5862676056338029 0.06338028169014084 0.09741784037558686 
0 0.6659330985915493 0.7637910798122066 0.05193661971830986 0.14847417840375587 
0 0.7414172535211268 0.7690727699530516 0.06734154929577464 0.15316901408450703 
0 0.5079225352112676 0.6939553990610329 0.03609154929577465 0.10856807511737089 
0 0.43661971830985913 0.573943661971831 0.043133802816901406 0.08568075117370892 
0 0.6996038732394366 0.9527582159624414 0.09463028169014084 0.08744131455399061 
0 0.6300616197183099 0.2549882629107981 0.05765845070422535 0.10974178403755869 
0 0.5919894366197183 0.7605633802816901 0.05985915492957746 0.15492957746478872 
0 0.6731954225352113 0.4078638497652582 0.0664612676056338 0.15375586854460094 
0 0.39766725352112675 0.4424882629107981 0.10695422535211267 0.09624413145539906 
0 0.5996919014084507 0.4025821596244131 0.0664612676056338 0.17018779342723006 
0 0.058538732394366196 0.2535211267605634 0.09242957746478873 0.07394366197183098 
0 0.1443661971830986 0.25586854460093894 0.07658450704225352 0.07511737089201878 
0 0.20972711267605634 0.2573356807511737 0.04973591549295775 0.07805164319248827 
0 0.08120598591549295 0.33480046948356806 0.1192781690140845 0.07687793427230047 
0 0.7497799295774648 0.4102112676056338 0.0664612676056338 0.1431924882629108 
0 0.17891725352112675 0.42370892018779344 0.09375 0.09507042253521127 
0 0.19410211267605634 0.3333333333333333 0.0721830985915493 0.07629107981220658 
0 0.2878521126760563 0.26115023474178406 0.10827464788732394 0.0892018779342723 
0 0.07878521126760564 0.42370892018779344 0.10827464788732394 0.0892018779342723 
0 0.2876320422535211 0.4357394366197183 0.11487676056338028 0.07922535211267606 
0 0.398987676056338 0.2640845070422535 0.11839788732394366 0.09154929577464789 
0 0.40338908450704225 0.3506455399061033 0.10079225352112677 0.07570422535211267 
0 0.5127640845070423 0.2664319248826291 0.10475352112676056 0.0903755868544601 
0 0.5055017605633803 0.35357981220657275 0.10871478873239436 0.08157276995305164 
0 0.508362676056338 0.43339201877934275 0.10475352112676056 0.08392018779342723 
0 0.28983274647887325 0.3515258215962441 0.11751760563380281 0.07981220657276995 
