0 0.6404049295774648 0.8981807511737089 0.06338028169014084 0.12852112676056338 
0 0.1505281690140845 0.44072769953051644 0.06954225352112677 0.0715962441314554 
0 0.7029049295774648 0.9055164319248826 0.058098591549295774 0.13145539906103287 
0 0.9647887323943662 0.733274647887324 0.0625 0.12030516431924883 
0 0.9674295774647887 0.3095657276995305 0.061619718309859156 0.12030516431924883 
0 0.8860035211267606 0.0982981220657277 0.10123239436619719 0.14964788732394366 
0 0.8012764084507042 0.5105633802816901 0.08582746478873239 0.14084507042253522 
0 0.1445862676056338 0.1340962441314554 0.07262323943661972 0.11326291079812206 
0 0.35629401408450706 0.10915492957746478 0.09110915492957747 0.142018779342723 
0 0.24779929577464788 0.6804577464788732 0.06338028169014084 0.14964788732394366 
0 0.2753080985915493 0.12705399061032863 0.07262323943661972 0.12147887323943662 
0 0.370818661971831 0.693368544600939 0.058538732394366196 0.12969483568075119 
0 0.04665492957746479 0.3028169014084507 0.09242957746478873 0.11032863849765258 
0 0.3672975352112676 0.4961854460093897 0.07174295774647887 0.16960093896713616 
0 0.7722271126760564 0.914612676056338 0.06205985915492958 0.10974178403755869 
0 0.012984154929577465 0.840669014084507 0.025088028169014086 0.13204225352112675 
0 0.5671214788732394 0.8934859154929577 0.06382042253521127 0.12265258215962441 
0 0.07592429577464789 0.1335093896713615 0.061179577464788734 0.11208920187793427 
0 0.058538732394366196 0.8415492957746479 0.0528169014084507 0.13028169014084506 
0 0.11157570422535211 0.8506455399061033 0.05941901408450704 0.13204225352112675 
0 0.061399647887323945 0.6675469483568075 0.055897887323943664 0.13204225352112675 
0 0.023547535211267605 0.13791079812206572 0.04181338028169014 0.1056338028169014 
0 0.20994718309859156 0.1317488262910798 0.0625 0.12030516431924883 
0 0.2990757042253521 0.8741197183098591 0.06734154929577464 0.12030516431924883 
0 0.9632482394366197 0.10035211267605634 0.07262323943661972 0.1572769953051643 
0 0.2381161971830986 0.869131455399061 0.061619718309859156 0.12441314553990611 
0 0.842649647887324 0.9169600938967136 0.06910211267605634 0.11443661971830986 
0 0.9141725352112676 0.9210680751173709 0.08274647887323944 0.12030516431924883 
0 0.5 0.8955399061032864 0.05985915492957746 0.12206572769953052 
0 0.4414612676056338 0.8794014084507042 0.05721830985915493 0.12852112676056338 
0 0.36311619718309857 0.874706572769953 0.051056338028169015 0.12147887323943662 
0 0.17473591549295775 0.8617957746478874 0.06690140845070422 0.11913145539906103 
0 0.0488556338028169 0.4856220657276995 0.0880281690140845 0.14964788732394366 
0 0.44212147887323944 0.6907276995305164 0.055897887323943664 0.12089201877934272 
0 0.501100352112676 0.5020539906103286 0.05941901408450704 0.16255868544600938 
0 0.8877640845070423 0.7382629107981221 0.09330985915492958 0.11032863849765258 
0 0.7915933098591549 0.7139084507042254 0.0682218309859155 0.11678403755868545 
0 0.731294014084507 0.30369718309859156 0.07174295774647887 0.12030516431924883 
0 0.7128080985915493 0.7144953051643192 0.06382042253521127 0.125 
0 0.5105633802816901 0.12206572769953052 0.06690140845070422 0.12206572769953052 
0 0.5151848591549296 0.7007042253521126 0.05237676056338028 0.11737089201877934 
0 0.585387323943662 0.301056338028169 0.07570422535211267 0.12441314553990611 
0 0.6591109154929577 0.3048708920187793 0.06910211267605634 0.12265258215962441 
0 0.8039172535211268 0.3130868544600939 0.06998239436619719 0.12147887323943662 
0 0.5730633802816901 0.7065727699530516 0.05545774647887324 0.12206572769953052 
0 0.30985915492957744 0.30164319248826293 0.09154929577464789 0.11619718309859155 
0 0.7403169014084507 0.11091549295774648 0.08714788732394366 0.1267605633802817 
0 0.581205985915493 0.11825117370892019 0.07702464788732394 0.12969483568075119 
0 0.5658010563380281 0.5093896713615024 0.07262323943661972 0.14906103286384975 
0 0.6342429577464789 0.7086267605633803 0.056338028169014086 0.13086854460093897 
0 0.43882042253521125 0.49677230046948356 0.05193661971830986 0.15199530516431925 
0 0.5123239436619719 0.29782863849765256 0.07658450704225352 0.12030516431924883 
0 0.3089788732394366 0.6792840375586855 0.058098591549295774 0.13204225352112675 
0 0.23393485915492956 0.29870892018779344 0.06734154929577464 0.12206572769953052 
0 0.6588908450704225 0.12059859154929578 0.06954225352112677 0.125 
0 0.914612676056338 0.5193661971830986 0.0880281690140845 0.11267605633802817 
0 0.639524647887324 0.5090962441314554 0.07482394366197183 0.14964788732394366 
0 0.1190580985915493 0.676349765258216 0.04621478873239437 0.13204225352112675 
0 0.43838028169014087 0.11561032863849766 0.07922535211267606 0.14084507042253522 
0 0.8873239436619719 0.3113262910798122 0.09242957746478873 0.12852112676056338 
0 0.4326584507042254 0.3001760563380282 0.07922535211267606 0.12265258215962441 
0 0.3001760563380282 0.5029342723004695 0.06954225352112677 0.14084507042253522 
0 0.7165492957746479 0.5117370892018779 0.07922535211267606 0.15258215962441316 
0 0.1813380281690141 0.6813380281690141 0.06073943661971831 0.15140845070422534 
0 0.16593309859154928 0.2992957746478873 0.0801056338028169 0.12089201877934272 
0 0.6404049295774648 0.8981807511737089 0.06338028169014084 0.12852112676056338 
0 0.1505281690140845 0.44072769953051644 0.06954225352112677 0.0715962441314554 
0 0.7029049295774648 0.9055164319248826 0.058098591549295774 0.13145539906103287 
0 0.9647887323943662 0.733274647887324 0.0625 0.12030516431924883 
0 0.9674295774647887 0.3095657276995305 0.061619718309859156 0.12030516431924883 
0 0.8860035211267606 0.0982981220657277 0.10123239436619719 0.14964788732394366 
0 0.8012764084507042 0.5105633802816901 0.08582746478873239 0.14084507042253522 
0 0.1445862676056338 0.1340962441314554 0.07262323943661972 0.11326291079812206 
0 0.35629401408450706 0.10915492957746478 0.09110915492957747 0.142018779342723 
0 0.24779929577464788 0.6804577464788732 0.06338028169014084 0.14964788732394366 
0 0.2753080985915493 0.12705399061032863 0.07262323943661972 0.12147887323943662 
0 0.370818661971831 0.693368544600939 0.058538732394366196 0.12969483568075119 
0 0.04665492957746479 0.3028169014084507 0.09242957746478873 0.11032863849765258 
0 0.3672975352112676 0.4961854460093897 0.07174295774647887 0.16960093896713616 
0 0.7722271126760564 0.914612676056338 0.06205985915492958 0.10974178403755869 
0 0.012984154929577465 0.840669014084507 0.025088028169014086 0.13204225352112675 
0 0.5671214788732394 0.8934859154929577 0.06382042253521127 0.12265258215962441 
0 0.07592429577464789 0.1335093896713615 0.061179577464788734 0.11208920187793427 
0 0.058538732394366196 0.8415492957746479 0.0528169014084507 0.13028169014084506 
0 0.11157570422535211 0.8506455399061033 0.05941901408450704 0.13204225352112675 
0 0.061399647887323945 0.6675469483568075 0.055897887323943664 0.13204225352112675 
0 0.023547535211267605 0.13791079812206572 0.04181338028169014 0.1056338028169014 
0 0.20994718309859156 0.1317488262910798 0.0625 0.12030516431924883 
0 0.2990757042253521 0.8741197183098591 0.06734154929577464 0.12030516431924883 
0 0.9632482394366197 0.10035211267605634 0.07262323943661972 0.1572769953051643 
0 0.2381161971830986 0.869131455399061 0.061619718309859156 0.12441314553990611 
0 0.842649647887324 0.9169600938967136 0.06910211267605634 0.11443661971830986 
0 0.9141725352112676 0.9210680751173709 0.08274647887323944 0.12030516431924883 
0 0.5 0.8955399061032864 0.05985915492957746 0.12206572769953052 
0 0.4414612676056338 0.8794014084507042 0.05721830985915493 0.12852112676056338 
0 0.36311619718309857 0.874706572769953 0.051056338028169015 0.12147887323943662 
0 0.17473591549295775 0.8617957746478874 0.06690140845070422 0.11913145539906103 
0 0.0488556338028169 0.4856220657276995 0.0880281690140845 0.14964788732394366 
0 0.44212147887323944 0.6907276995305164 0.055897887323943664 0.12089201877934272 
0 0.501100352112676 0.5020539906103286 0.05941901408450704 0.16255868544600938 
0 0.8877640845070423 0.7382629107981221 0.09330985915492958 0.11032863849765258 
0 0.7915933098591549 0.7139084507042254 0.0682218309859155 0.11678403755868545 
0 0.731294014084507 0.30369718309859156 0.07174295774647887 0.12030516431924883 
0 0.7128080985915493 0.7144953051643192 0.06382042253521127 0.125 
0 0.5105633802816901 0.12206572769953052 0.06690140845070422 0.12206572769953052 
0 0.5151848591549296 0.7007042253521126 0.05237676056338028 0.11737089201877934 
0 0.585387323943662 0.301056338028169 0.07570422535211267 0.12441314553990611 
0 0.6591109154929577 0.3048708920187793 0.06910211267605634 0.12265258215962441 
0 0.8039172535211268 0.3130868544600939 0.06998239436619719 0.12147887323943662 
0 0.5730633802816901 0.7065727699530516 0.05545774647887324 0.12206572769953052 
0 0.30985915492957744 0.30164319248826293 0.09154929577464789 0.11619718309859155 
0 0.7403169014084507 0.11091549295774648 0.08714788732394366 0.1267605633802817 
0 0.581205985915493 0.11825117370892019 0.07702464788732394 0.12969483568075119 
0 0.5658010563380281 0.5093896713615024 0.07262323943661972 0.14906103286384975 
0 0.6342429577464789 0.7086267605633803 0.056338028169014086 0.13086854460093897 
0 0.43882042253521125 0.49677230046948356 0.05193661971830986 0.15199530516431925 
0 0.5123239436619719 0.29782863849765256 0.07658450704225352 0.12030516431924883 
0 0.3089788732394366 0.6792840375586855 0.058098591549295774 0.13204225352112675 
0 0.23393485915492956 0.29870892018779344 0.06734154929577464 0.12206572769953052 
0 0.6588908450704225 0.12059859154929578 0.06954225352112677 0.125 
0 0.914612676056338 0.5193661971830986 0.0880281690140845 0.11267605633802817 
0 0.639524647887324 0.5090962441314554 0.07482394366197183 0.14964788732394366 
0 0.1190580985915493 0.676349765258216 0.04621478873239437 0.13204225352112675 
0 0.43838028169014087 0.11561032863849766 0.07922535211267606 0.14084507042253522 
0 0.8873239436619719 0.3113262910798122 0.09242957746478873 0.12852112676056338 
0 0.4326584507042254 0.3001760563380282 0.07922535211267606 0.12265258215962441 
0 0.3001760563380282 0.5029342723004695 0.06954225352112677 0.14084507042253522 
0 0.7165492957746479 0.5117370892018779 0.07922535211267606 0.15258215962441316 
0 0.1813380281690141 0.6813380281690141 0.06073943661971831 0.15140845070422534 
0 0.16593309859154928 0.2992957746478873 0.0801056338028169 0.12089201877934272 
0 0.6404049295774648 0.8981807511737089 0.06338028169014084 0.12852112676056338 
0 0.1505281690140845 0.44072769953051644 0.06954225352112677 0.0715962441314554 
0 0.7029049295774648 0.9055164319248826 0.058098591549295774 0.13145539906103287 
0 0.9647887323943662 0.733274647887324 0.0625 0.12030516431924883 
0 0.9674295774647887 0.3095657276995305 0.061619718309859156 0.12030516431924883 
0 0.8860035211267606 0.0982981220657277 0.10123239436619719 0.14964788732394366 
0 0.8012764084507042 0.5105633802816901 0.08582746478873239 0.14084507042253522 
0 0.1445862676056338 0.1340962441314554 0.07262323943661972 0.11326291079812206 
0 0.35629401408450706 0.10915492957746478 0.09110915492957747 0.142018779342723 
0 0.24779929577464788 0.6804577464788732 0.06338028169014084 0.14964788732394366 
0 0.2753080985915493 0.12705399061032863 0.07262323943661972 0.12147887323943662 
0 0.370818661971831 0.693368544600939 0.058538732394366196 0.12969483568075119 
0 0.04665492957746479 0.3028169014084507 0.09242957746478873 0.11032863849765258 
0 0.3672975352112676 0.4961854460093897 0.07174295774647887 0.16960093896713616 
0 0.7722271126760564 0.914612676056338 0.06205985915492958 0.10974178403755869 
0 0.012984154929577465 0.840669014084507 0.025088028169014086 0.13204225352112675 
0 0.5671214788732394 0.8934859154929577 0.06382042253521127 0.12265258215962441 
0 0.07592429577464789 0.1335093896713615 0.061179577464788734 0.11208920187793427 
0 0.058538732394366196 0.8415492957746479 0.0528169014084507 0.13028169014084506 
0 0.11157570422535211 0.8506455399061033 0.05941901408450704 0.13204225352112675 
0 0.061399647887323945 0.6675469483568075 0.055897887323943664 0.13204225352112675 
0 0.023547535211267605 0.13791079812206572 0.04181338028169014 0.1056338028169014 
0 0.20994718309859156 0.1317488262910798 0.0625 0.12030516431924883 
0 0.2990757042253521 0.8741197183098591 0.06734154929577464 0.12030516431924883 
0 0.9632482394366197 0.10035211267605634 0.07262323943661972 0.1572769953051643 
0 0.2381161971830986 0.869131455399061 0.061619718309859156 0.12441314553990611 
0 0.842649647887324 0.9169600938967136 0.06910211267605634 0.11443661971830986 
0 0.9141725352112676 0.9210680751173709 0.08274647887323944 0.12030516431924883 
0 0.5 0.8955399061032864 0.05985915492957746 0.12206572769953052 
0 0.4414612676056338 0.8794014084507042 0.05721830985915493 0.12852112676056338 
0 0.36311619718309857 0.874706572769953 0.051056338028169015 0.12147887323943662 
0 0.17473591549295775 0.8617957746478874 0.06690140845070422 0.11913145539906103 
0 0.0488556338028169 0.4856220657276995 0.0880281690140845 0.14964788732394366 
0 0.44212147887323944 0.6907276995305164 0.055897887323943664 0.12089201877934272 
0 0.501100352112676 0.5020539906103286 0.05941901408450704 0.16255868544600938 
0 0.8877640845070423 0.7382629107981221 0.09330985915492958 0.11032863849765258 
0 0.7915933098591549 0.7139084507042254 0.0682218309859155 0.11678403755868545 
0 0.731294014084507 0.30369718309859156 0.07174295774647887 0.12030516431924883 
0 0.7128080985915493 0.7144953051643192 0.06382042253521127 0.125 
0 0.5105633802816901 0.12206572769953052 0.06690140845070422 0.12206572769953052 
0 0.5151848591549296 0.7007042253521126 0.05237676056338028 0.11737089201877934 
0 0.585387323943662 0.301056338028169 0.07570422535211267 0.12441314553990611 
0 0.6591109154929577 0.3048708920187793 0.06910211267605634 0.12265258215962441 
0 0.8039172535211268 0.3130868544600939 0.06998239436619719 0.12147887323943662 
0 0.5730633802816901 0.7065727699530516 0.05545774647887324 0.12206572769953052 
0 0.30985915492957744 0.30164319248826293 0.09154929577464789 0.11619718309859155 
0 0.7403169014084507 0.11091549295774648 0.08714788732394366 0.1267605633802817 
0 0.581205985915493 0.11825117370892019 0.07702464788732394 0.12969483568075119 
0 0.5658010563380281 0.5093896713615024 0.07262323943661972 0.14906103286384975 
0 0.6342429577464789 0.7086267605633803 0.056338028169014086 0.13086854460093897 
0 0.43882042253521125 0.49677230046948356 0.05193661971830986 0.15199530516431925 
0 0.5123239436619719 0.29782863849765256 0.07658450704225352 0.12030516431924883 
0 0.3089788732394366 0.6792840375586855 0.058098591549295774 0.13204225352112675 
0 0.23393485915492956 0.29870892018779344 0.06734154929577464 0.12206572769953052 
0 0.6588908450704225 0.12059859154929578 0.06954225352112677 0.125 
0 0.914612676056338 0.5193661971830986 0.0880281690140845 0.11267605633802817 
0 0.639524647887324 0.5090962441314554 0.07482394366197183 0.14964788732394366 
0 0.1190580985915493 0.676349765258216 0.04621478873239437 0.13204225352112675 
0 0.43838028169014087 0.11561032863849766 0.07922535211267606 0.14084507042253522 
0 0.8873239436619719 0.3113262910798122 0.09242957746478873 0.12852112676056338 
0 0.4326584507042254 0.3001760563380282 0.07922535211267606 0.12265258215962441 
0 0.3001760563380282 0.5029342723004695 0.06954225352112677 0.14084507042253522 
0 0.7165492957746479 0.5117370892018779 0.07922535211267606 0.15258215962441316 
0 0.1813380281690141 0.6813380281690141 0.06073943661971831 0.15140845070422534 
0 0.16593309859154928 0.2992957746478873 0.0801056338028169 0.12089201877934272 
