0 0.44784330985915494 0.8714788732394366 0.06998239436619719 0.21948356807511737 
0 0.9348591549295775 0.34683098591549294 0.11179577464788733 0.11854460093896714 
0 0.9716109154929577 0.8532863849765259 0.05413732394366197 0.22300469483568075 
0 0.9106514084507042 0.8553403755868545 0.04929577464788732 0.22124413145539906 
0 0.8474911971830986 0.8629694835680751 0.06998239436619719 0.22711267605633803 
0 0.7713468309859155 0.8661971830985915 0.07086267605633803 0.22417840375586853 
0 0.691681338028169 0.8758802816901409 0.07702464788732394 0.2318075117370892 
0 0.6087147887323944 0.8811619718309859 0.07306338028169014 0.22711267605633803 
0 0.514524647887324 0.8629694835680751 0.05897887323943662 0.20598591549295775 
0 0.3657570422535211 0.8832159624413145 0.0880281690140845 0.22887323943661972 
0 0.9691901408450704 0.5334507042253521 0.056338028169014086 0.20892018779342722 
0 0.18617957746478872 0.8870305164319249 0.09507042253521127 0.22124413145539906 
0 0.05413732394366197 0.5771713615023474 0.09683098591549295 0.22476525821596244 
0 0.2836707746478873 0.8817488262910798 0.07790492957746478 0.22241784037558684 
0 0.17319542253521128 0.5686619718309859 0.1386443661971831 0.2347417840375587 
0 0.2920334507042254 0.5607394366197183 0.08582746478873239 0.22124413145539906 
0 0.31866197183098594 0.3682511737089202 0.13204225352112675 0.15199530516431925 
0 0.04951584507042254 0.37470657276995306 0.09463028169014084 0.15316901408450703 
0 0.5996919014084507 0.568075117370892 0.14568661971830985 0.2300469483568075 
0 0.7341549295774648 0.5539906103286385 0.12323943661971831 0.22887323943661972 
0 0.860475352112676 0.5698356807511737 0.11883802816901408 0.20305164319248825 
0 0.0917693661971831 0.8843896713615024 0.09110915492957747 0.2312206572769953 
0 0.3965669014084507 0.579518779342723 0.125 0.21654929577464788 
0 0.44784330985915494 0.8714788732394366 0.06998239436619719 0.21948356807511737 
0 0.9348591549295775 0.34683098591549294 0.11179577464788733 0.11854460093896714 
0 0.9716109154929577 0.8532863849765259 0.05413732394366197 0.22300469483568075 
0 0.9106514084507042 0.8553403755868545 0.04929577464788732 0.22124413145539906 
0 0.8474911971830986 0.8629694835680751 0.06998239436619719 0.22711267605633803 
0 0.7713468309859155 0.8661971830985915 0.07086267605633803 0.22417840375586853 
0 0.691681338028169 0.8758802816901409 0.07702464788732394 0.2318075117370892 
0 0.6087147887323944 0.8811619718309859 0.07306338028169014 0.22711267605633803 
0 0.514524647887324 0.8629694835680751 0.05897887323943662 0.20598591549295775 
0 0.3657570422535211 0.8832159624413145 0.0880281690140845 0.22887323943661972 
0 0.9691901408450704 0.5334507042253521 0.056338028169014086 0.20892018779342722 
0 0.18617957746478872 0.8870305164319249 0.09507042253521127 0.22124413145539906 
0 0.05413732394366197 0.5771713615023474 0.09683098591549295 0.22476525821596244 
0 0.2836707746478873 0.8817488262910798 0.07790492957746478 0.22241784037558684 
0 0.17319542253521128 0.5686619718309859 0.1386443661971831 0.2347417840375587 
0 0.2920334507042254 0.5607394366197183 0.08582746478873239 0.22124413145539906 
0 0.31866197183098594 0.3682511737089202 0.13204225352112675 0.15199530516431925 
0 0.04951584507042254 0.37470657276995306 0.09463028169014084 0.15316901408450703 
0 0.5996919014084507 0.568075117370892 0.14568661971830985 0.2300469483568075 
0 0.7341549295774648 0.5539906103286385 0.12323943661971831 0.22887323943661972 
0 0.860475352112676 0.5698356807511737 0.11883802816901408 0.20305164319248825 
0 0.0917693661971831 0.8843896713615024 0.09110915492957747 0.2312206572769953 
0 0.3965669014084507 0.579518779342723 0.125 0.21654929577464788 
0 0.44784330985915494 0.8714788732394366 0.06998239436619719 0.21948356807511737 
0 0.9348591549295775 0.34683098591549294 0.11179577464788733 0.11854460093896714 
0 0.9716109154929577 0.8532863849765259 0.05413732394366197 0.22300469483568075 
0 0.9106514084507042 0.8553403755868545 0.04929577464788732 0.22124413145539906 
0 0.8474911971830986 0.8629694835680751 0.06998239436619719 0.22711267605633803 
0 0.7713468309859155 0.8661971830985915 0.07086267605633803 0.22417840375586853 
0 0.691681338028169 0.8758802816901409 0.07702464788732394 0.2318075117370892 
0 0.6087147887323944 0.8811619718309859 0.07306338028169014 0.22711267605633803 
0 0.514524647887324 0.8629694835680751 0.05897887323943662 0.20598591549295775 
0 0.3657570422535211 0.8832159624413145 0.0880281690140845 0.22887323943661972 
0 0.9691901408450704 0.5334507042253521 0.056338028169014086 0.20892018779342722 
0 0.18617957746478872 0.8870305164319249 0.09507042253521127 0.22124413145539906 
0 0.05413732394366197 0.5771713615023474 0.09683098591549295 0.22476525821596244 
0 0.2836707746478873 0.8817488262910798 0.07790492957746478 0.22241784037558684 
0 0.17319542253521128 0.5686619718309859 0.1386443661971831 0.2347417840375587 
0 0.2920334507042254 0.5607394366197183 0.08582746478873239 0.22124413145539906 
0 0.31866197183098594 0.3682511737089202 0.13204225352112675 0.15199530516431925 
0 0.04951584507042254 0.37470657276995306 0.09463028169014084 0.15316901408450703 
0 0.5996919014084507 0.568075117370892 0.14568661971830985 0.2300469483568075 
0 0.7341549295774648 0.5539906103286385 0.12323943661971831 0.22887323943661972 
0 0.860475352112676 0.5698356807511737 0.11883802816901408 0.20305164319248825 
0 0.0917693661971831 0.8843896713615024 0.09110915492957747 0.2312206572769953 
0 0.3965669014084507 0.579518779342723 0.125 0.21654929577464788 
