0 0.7616637323943662 0.09800469483568075 0.11487676056338028 0.19248826291079812 
0 0.8829225352112676 0.10856807511737089 0.1073943661971831 0.20774647887323944 
0 0.10761443661971831 0.630575117370892 0.2108274647887324 0.15082159624413147 
0 0.10673415492957747 0.8767605633802817 0.20642605633802816 0.20305164319248825 
0 0.37786091549295775 0.7344483568075117 0.18970070422535212 0.3456572769953052 
0 0.967649647887324 0.1619718309859155 0.05501760563380282 0.12793427230046947 
0 0.7057658450704225 0.784330985915493 0.1817781690140845 0.32805164319248825 
0 0.5151848591549296 0.08274647887323944 0.04621478873239437 0.1596244131455399 
0 0.8360475352112676 0.7147887323943662 0.06998239436619719 0.21948356807511737 
0 0.9394806338028169 0.784037558685446 0.11399647887323944 0.36384976525821594 
0 0.6122359154929577 0.09184272300469483 0.12323943661971831 0.1742957746478873 
0 0.5409330985915493 0.7447183098591549 0.12764084507042253 0.352112676056338 
0 0.4236355633802817 0.07687793427230047 0.12544014084507044 0.15023474178403756 
0 0.05567781690140845 0.06044600938967136 0.09375 0.11737089201877934 
0 0.1837588028169014 0.07394366197183098 0.13776408450704225 0.1467136150234742 
0 0.5999119718309859 0.4014084507042254 0.08626760563380281 0.20422535211267606 
0 0.30809859154929575 0.06514084507042253 0.09242957746478873 0.12910798122065728 
0 0.09991197183098592 0.3482981220657277 0.08274647887323944 0.2153755868544601 
0 0.28587147887323944 0.33656103286384975 0.058538732394366196 0.21654929577464788 
0 0.36795774647887325 0.3685446009389671 0.06602112676056338 0.22769953051643194 
0 0.6852992957746479 0.4046361502347418 0.061619718309859156 0.1977699530516432 
0 0.18683978873239437 0.3532863849765258 0.08142605633802817 0.25234741784037557 
0 0.44784330985915494 0.3659037558685446 0.0664612676056338 0.23767605633802816 
0 0.8494718309859155 0.40757042253521125 0.061619718309859156 0.17781690140845072 
0 0.772887323943662 0.4040492957746479 0.06514084507042253 0.20363849765258216 
0 0.9201144366197183 0.4046361502347418 0.047975352112676055 0.18603286384976525 
0 0.9731514084507042 0.4216549295774648 0.051056338028169015 0.18838028169014084 
0 0.5158450704225352 0.3559272300469484 0.05193661971830986 0.18603286384976525 
0 0.7616637323943662 0.09800469483568075 0.11487676056338028 0.19248826291079812 
0 0.8829225352112676 0.10856807511737089 0.1073943661971831 0.20774647887323944 
0 0.10761443661971831 0.630575117370892 0.2108274647887324 0.15082159624413147 
0 0.10673415492957747 0.8767605633802817 0.20642605633802816 0.20305164319248825 
0 0.37786091549295775 0.7344483568075117 0.18970070422535212 0.3456572769953052 
0 0.967649647887324 0.1619718309859155 0.05501760563380282 0.12793427230046947 
0 0.7057658450704225 0.784330985915493 0.1817781690140845 0.32805164319248825 
0 0.5151848591549296 0.08274647887323944 0.04621478873239437 0.1596244131455399 
0 0.8360475352112676 0.7147887323943662 0.06998239436619719 0.21948356807511737 
0 0.9394806338028169 0.784037558685446 0.11399647887323944 0.36384976525821594 
0 0.6122359154929577 0.09184272300469483 0.12323943661971831 0.1742957746478873 
0 0.5409330985915493 0.7447183098591549 0.12764084507042253 0.352112676056338 
0 0.4236355633802817 0.07687793427230047 0.12544014084507044 0.15023474178403756 
0 0.05567781690140845 0.06044600938967136 0.09375 0.11737089201877934 
0 0.1837588028169014 0.07394366197183098 0.13776408450704225 0.1467136150234742 
0 0.5999119718309859 0.4014084507042254 0.08626760563380281 0.20422535211267606 
0 0.30809859154929575 0.06514084507042253 0.09242957746478873 0.12910798122065728 
0 0.09991197183098592 0.3482981220657277 0.08274647887323944 0.2153755868544601 
0 0.28587147887323944 0.33656103286384975 0.058538732394366196 0.21654929577464788 
0 0.36795774647887325 0.3685446009389671 0.06602112676056338 0.22769953051643194 
0 0.6852992957746479 0.4046361502347418 0.061619718309859156 0.1977699530516432 
0 0.18683978873239437 0.3532863849765258 0.08142605633802817 0.25234741784037557 
0 0.44784330985915494 0.3659037558685446 0.0664612676056338 0.23767605633802816 
0 0.8494718309859155 0.40757042253521125 0.061619718309859156 0.17781690140845072 
0 0.772887323943662 0.4040492957746479 0.06514084507042253 0.20363849765258216 
0 0.9201144366197183 0.4046361502347418 0.047975352112676055 0.18603286384976525 
0 0.9731514084507042 0.4216549295774648 0.051056338028169015 0.18838028169014084 
0 0.5158450704225352 0.3559272300469484 0.05193661971830986 0.18603286384976525 
0 0.7616637323943662 0.09800469483568075 0.11487676056338028 0.19248826291079812 
0 0.8829225352112676 0.10856807511737089 0.1073943661971831 0.20774647887323944 
0 0.10761443661971831 0.630575117370892 0.2108274647887324 0.15082159624413147 
0 0.10673415492957747 0.8767605633802817 0.20642605633802816 0.20305164319248825 
0 0.37786091549295775 0.7344483568075117 0.18970070422535212 0.3456572769953052 
0 0.967649647887324 0.1619718309859155 0.05501760563380282 0.12793427230046947 
0 0.7057658450704225 0.784330985915493 0.1817781690140845 0.32805164319248825 
0 0.5151848591549296 0.08274647887323944 0.04621478873239437 0.1596244131455399 
0 0.8360475352112676 0.7147887323943662 0.06998239436619719 0.21948356807511737 
0 0.9394806338028169 0.784037558685446 0.11399647887323944 0.36384976525821594 
0 0.6122359154929577 0.09184272300469483 0.12323943661971831 0.1742957746478873 
0 0.5409330985915493 0.7447183098591549 0.12764084507042253 0.352112676056338 
0 0.4236355633802817 0.07687793427230047 0.12544014084507044 0.15023474178403756 
0 0.05567781690140845 0.06044600938967136 0.09375 0.11737089201877934 
0 0.1837588028169014 0.07394366197183098 0.13776408450704225 0.1467136150234742 
0 0.5999119718309859 0.4014084507042254 0.08626760563380281 0.20422535211267606 
0 0.30809859154929575 0.06514084507042253 0.09242957746478873 0.12910798122065728 
0 0.09991197183098592 0.3482981220657277 0.08274647887323944 0.2153755868544601 
0 0.28587147887323944 0.33656103286384975 0.058538732394366196 0.21654929577464788 
0 0.36795774647887325 0.3685446009389671 0.06602112676056338 0.22769953051643194 
0 0.6852992957746479 0.4046361502347418 0.061619718309859156 0.1977699530516432 
0 0.18683978873239437 0.3532863849765258 0.08142605633802817 0.25234741784037557 
0 0.44784330985915494 0.3659037558685446 0.0664612676056338 0.23767605633802816 
0 0.8494718309859155 0.40757042253521125 0.061619718309859156 0.17781690140845072 
0 0.772887323943662 0.4040492957746479 0.06514084507042253 0.20363849765258216 
0 0.9201144366197183 0.4046361502347418 0.047975352112676055 0.18603286384976525 
0 0.9731514084507042 0.4216549295774648 0.051056338028169015 0.18838028169014084 
0 0.5158450704225352 0.3559272300469484 0.05193661971830986 0.18603286384976525 
