0 0.5988116197183099 0.7564553990610329 0.06205985915492958 0.14906103286384975 
0 0.4011883802816901 0.6258802816901409 0.09815140845070422 0.09917840375586855 
0 0.40162852112676056 0.7224178403755869 0.11751760563380281 0.07511737089201878 
0 0.398987676056338 0.8072183098591549 0.10959507042253522 0.08274647887323944 
0 0.5099031690140845 0.6276408450704225 0.10167253521126761 0.10269953051643192 
0 0.5094630281690141 0.7168427230046949 0.09815140845070422 0.08274647887323944 
0 0.5015404929577465 0.7998826291079812 0.09815140845070422 0.07394366197183098 
0 0.672975352112676 0.7564553990610329 0.06426056338028169 0.14906103286384975 
0 0.28587147887323944 0.8075117370892019 0.10959507042253522 0.07981220657276995 
0 0.20422535211267606 0.9536384976525821 0.04753521126760563 0.09272300469483569 
0 0.2590228873239437 0.9559859154929577 0.03477112676056338 0.0880281690140845 
0 0.43309859154929575 0.9307511737089202 0.05193661971830986 0.04342723004694836 
0 0.9647887323943662 0.590669014084507 0.06338028169014084 0.18485915492957747 
0 0.9502640845070423 0.841255868544601 0.06073943661971831 0.09683098591549295 
0 0.6144366197183099 0.579225352112676 0.051056338028169015 0.11737089201877934 
0 0.6826584507042254 0.5830399061032864 0.06338028169014084 0.13086854460093897 
0 0.745818661971831 0.744131455399061 0.058538732394366196 0.1396713615023474 
0 0.28389084507042256 0.7171361502347418 0.11619718309859155 0.0892018779342723 
0 0.47997359154929575 0.1693075117370892 0.18617957746478872 0.034624413145539906 
0 0.1912411971830986 0.6901408450704225 0.07790492957746478 0.08568075117370892 
0 0.061399647887323945 0.3415492957746479 0.1210387323943662 0.17488262910798122 
0 0.2911531690140845 0.6291079812206573 0.1131161971830986 0.09976525821596244 
0 0.2555017605633803 0.3380281690140845 0.2266725352112676 0.19718309859154928 
0 0.4784330985915493 0.12411971830985916 0.19454225352112675 0.05575117370892019 
0 0.06558098591549295 0.16109154929577466 0.12411971830985916 0.16255868544600938 
0 0.47733274647887325 0.21508215962441316 0.19674295774647887 0.03931924882629108 
0 0.710387323943662 0.17136150234741784 0.24295774647887325 0.06924882629107981 
0 0.7143485915492958 0.22799295774647887 0.2596830985915493 0.052230046948356805 
0 0.719850352112676 0.28433098591549294 0.2733274647887324 0.06044600938967136 
0 0.25946302816901406 0.16549295774647887 0.19850352112676056 0.13262910798122066 
0 0.7244718309859155 0.40933098591549294 0.25264084507042256 0.06044600938967136 
0 0.4819542253521127 0.340962441314554 0.21654929577464788 0.1936619718309859 
0 0.045774647887323945 0.5944835680751174 0.0801056338028169 0.0903755868544601 
0 0.13534330985915494 0.6026995305164319 0.06998239436619719 0.06807511737089202 
0 0.20202464788732394 0.6088615023474179 0.056338028169014086 0.08274647887323944 
0 0.08340669014084508 0.6954225352112676 0.11487676056338028 0.08098591549295775 
0 0.07152288732394366 0.7922535211267606 0.10959507042253522 0.08568075117370892 
0 0.1793573943661972 0.7887323943661971 0.09903169014084508 0.10211267605633803 
0 0.7233714788732394 0.3471244131455399 0.2460387323943662 0.061619718309859156 
0 0.5988116197183099 0.7564553990610329 0.06205985915492958 0.14906103286384975 
0 0.4011883802816901 0.6258802816901409 0.09815140845070422 0.09917840375586855 
0 0.40162852112676056 0.7224178403755869 0.11751760563380281 0.07511737089201878 
0 0.398987676056338 0.8072183098591549 0.10959507042253522 0.08274647887323944 
0 0.5099031690140845 0.6276408450704225 0.10167253521126761 0.10269953051643192 
0 0.5094630281690141 0.7168427230046949 0.09815140845070422 0.08274647887323944 
0 0.5015404929577465 0.7998826291079812 0.09815140845070422 0.07394366197183098 
0 0.672975352112676 0.7564553990610329 0.06426056338028169 0.14906103286384975 
0 0.28587147887323944 0.8075117370892019 0.10959507042253522 0.07981220657276995 
0 0.20422535211267606 0.9536384976525821 0.04753521126760563 0.09272300469483569 
0 0.2590228873239437 0.9559859154929577 0.03477112676056338 0.0880281690140845 
0 0.43309859154929575 0.9307511737089202 0.05193661971830986 0.04342723004694836 
0 0.9647887323943662 0.590669014084507 0.06338028169014084 0.18485915492957747 
0 0.9502640845070423 0.841255868544601 0.06073943661971831 0.09683098591549295 
0 0.6144366197183099 0.579225352112676 0.051056338028169015 0.11737089201877934 
0 0.6826584507042254 0.5830399061032864 0.06338028169014084 0.13086854460093897 
0 0.745818661971831 0.744131455399061 0.058538732394366196 0.1396713615023474 
0 0.28389084507042256 0.7171361502347418 0.11619718309859155 0.0892018779342723 
0 0.47997359154929575 0.1693075117370892 0.18617957746478872 0.034624413145539906 
0 0.1912411971830986 0.6901408450704225 0.07790492957746478 0.08568075117370892 
0 0.061399647887323945 0.3415492957746479 0.1210387323943662 0.17488262910798122 
0 0.2911531690140845 0.6291079812206573 0.1131161971830986 0.09976525821596244 
0 0.2555017605633803 0.3380281690140845 0.2266725352112676 0.19718309859154928 
0 0.4784330985915493 0.12411971830985916 0.19454225352112675 0.05575117370892019 
0 0.06558098591549295 0.16109154929577466 0.12411971830985916 0.16255868544600938 
0 0.47733274647887325 0.21508215962441316 0.19674295774647887 0.03931924882629108 
0 0.710387323943662 0.17136150234741784 0.24295774647887325 0.06924882629107981 
0 0.7143485915492958 0.22799295774647887 0.2596830985915493 0.052230046948356805 
0 0.719850352112676 0.28433098591549294 0.2733274647887324 0.06044600938967136 
0 0.25946302816901406 0.16549295774647887 0.19850352112676056 0.13262910798122066 
0 0.7244718309859155 0.40933098591549294 0.25264084507042256 0.06044600938967136 
0 0.4819542253521127 0.340962441314554 0.21654929577464788 0.1936619718309859 
0 0.045774647887323945 0.5944835680751174 0.0801056338028169 0.0903755868544601 
0 0.13534330985915494 0.6026995305164319 0.06998239436619719 0.06807511737089202 
0 0.20202464788732394 0.6088615023474179 0.056338028169014086 0.08274647887323944 
0 0.08340669014084508 0.6954225352112676 0.11487676056338028 0.08098591549295775 
0 0.07152288732394366 0.7922535211267606 0.10959507042253522 0.08568075117370892 
0 0.1793573943661972 0.7887323943661971 0.09903169014084508 0.10211267605633803 
0 0.7233714788732394 0.3471244131455399 0.2460387323943662 0.061619718309859156 
0 0.5988116197183099 0.7564553990610329 0.06205985915492958 0.14906103286384975 
0 0.4011883802816901 0.6258802816901409 0.09815140845070422 0.09917840375586855 
0 0.40162852112676056 0.7224178403755869 0.11751760563380281 0.07511737089201878 
0 0.398987676056338 0.8072183098591549 0.10959507042253522 0.08274647887323944 
0 0.5099031690140845 0.6276408450704225 0.10167253521126761 0.10269953051643192 
0 0.5094630281690141 0.7168427230046949 0.09815140845070422 0.08274647887323944 
0 0.5015404929577465 0.7998826291079812 0.09815140845070422 0.07394366197183098 
0 0.672975352112676 0.7564553990610329 0.06426056338028169 0.14906103286384975 
0 0.28587147887323944 0.8075117370892019 0.10959507042253522 0.07981220657276995 
0 0.20422535211267606 0.9536384976525821 0.04753521126760563 0.09272300469483569 
0 0.2590228873239437 0.9559859154929577 0.03477112676056338 0.0880281690140845 
0 0.43309859154929575 0.9307511737089202 0.05193661971830986 0.04342723004694836 
0 0.9647887323943662 0.590669014084507 0.06338028169014084 0.18485915492957747 
0 0.9502640845070423 0.841255868544601 0.06073943661971831 0.09683098591549295 
0 0.6144366197183099 0.579225352112676 0.051056338028169015 0.11737089201877934 
0 0.6826584507042254 0.5830399061032864 0.06338028169014084 0.13086854460093897 
0 0.745818661971831 0.744131455399061 0.058538732394366196 0.1396713615023474 
0 0.28389084507042256 0.7171361502347418 0.11619718309859155 0.0892018779342723 
0 0.47997359154929575 0.1693075117370892 0.18617957746478872 0.034624413145539906 
0 0.1912411971830986 0.6901408450704225 0.07790492957746478 0.08568075117370892 
0 0.061399647887323945 0.3415492957746479 0.1210387323943662 0.17488262910798122 
0 0.2911531690140845 0.6291079812206573 0.1131161971830986 0.09976525821596244 
0 0.2555017605633803 0.3380281690140845 0.2266725352112676 0.19718309859154928 
0 0.4784330985915493 0.12411971830985916 0.19454225352112675 0.05575117370892019 
0 0.06558098591549295 0.16109154929577466 0.12411971830985916 0.16255868544600938 
0 0.47733274647887325 0.21508215962441316 0.19674295774647887 0.03931924882629108 
0 0.710387323943662 0.17136150234741784 0.24295774647887325 0.06924882629107981 
0 0.7143485915492958 0.22799295774647887 0.2596830985915493 0.052230046948356805 
0 0.719850352112676 0.28433098591549294 0.2733274647887324 0.06044600938967136 
0 0.25946302816901406 0.16549295774647887 0.19850352112676056 0.13262910798122066 
0 0.7244718309859155 0.40933098591549294 0.25264084507042256 0.06044600938967136 
0 0.4819542253521127 0.340962441314554 0.21654929577464788 0.1936619718309859 
0 0.045774647887323945 0.5944835680751174 0.0801056338028169 0.0903755868544601 
0 0.13534330985915494 0.6026995305164319 0.06998239436619719 0.06807511737089202 
0 0.20202464788732394 0.6088615023474179 0.056338028169014086 0.08274647887323944 
0 0.08340669014084508 0.6954225352112676 0.11487676056338028 0.08098591549295775 
0 0.07152288732394366 0.7922535211267606 0.10959507042253522 0.08568075117370892 
0 0.1793573943661972 0.7887323943661971 0.09903169014084508 0.10211267605633803 
0 0.7233714788732394 0.3471244131455399 0.2460387323943662 0.061619718309859156 
