0 0.5677816901408451 0.7373826291079812 0.13996478873239437 0.1238262910798122 
0 0.9253961267605634 0.4154929577464789 0.13776408450704225 0.10211267605633803 
0 0.8919454225352113 0.7142018779342723 0.12544014084507044 0.1643192488262911 
0 0.9632482394366197 0.8893779342723005 0.07350352112676056 0.16842723004694835 
0 0.8952464788732394 0.8908450704225352 0.05985915492957746 0.17488262910798122 
0 0.8193221830985915 0.9040492957746479 0.08846830985915492 0.19190140845070422 
0 0.7046654929577465 0.7209507042253521 0.12764084507042253 0.18368544600938966 
0 0.7046654929577465 0.8999413145539906 0.11883802816901408 0.16842723004694835 
0 0.5726232394366197 0.8832159624413145 0.11619718309859155 0.16549295774647887 
0 0.15735035211267606 0.9110915492957746 0.07790492957746478 0.16725352112676056 
0 0.398987676056338 0.909037558685446 0.06205985915492958 0.15375586854460094 
0 0.4722711267605634 0.9172535211267606 0.0801056338028169 0.14906103286384975 
0 0.6201584507042254 0.3937793427230047 0.1522887323943662 0.05868544600938967 
0 0.0818661971830986 0.7268192488262911 0.06866197183098592 0.15669014084507044 
0 0.15735035211267606 0.7365023474178404 0.08230633802816902 0.17018779342723006 
0 0.370818661971831 0.33949530516431925 0.22227112676056338 0.07687793427230047 
0 0.07548415492957747 0.9028755868544601 0.06998239436619719 0.18368544600938966 
0 0.24317781690140844 0.9125586854460094 0.08494718309859155 0.15492957746478872 
0 0.32504401408450706 0.9043427230046949 0.07878521126760564 0.17488262910798122 
0 0.24647887323943662 0.7403169014084507 0.08274647887323944 0.1742957746478873 
0 0.11839788732394366 0.32365023474178406 0.18045774647887325 0.06044600938967136 
0 0.5677816901408451 0.7373826291079812 0.13996478873239437 0.1238262910798122 
0 0.9253961267605634 0.4154929577464789 0.13776408450704225 0.10211267605633803 
0 0.8919454225352113 0.7142018779342723 0.12544014084507044 0.1643192488262911 
0 0.9632482394366197 0.8893779342723005 0.07350352112676056 0.16842723004694835 
0 0.8952464788732394 0.8908450704225352 0.05985915492957746 0.17488262910798122 
0 0.8193221830985915 0.9040492957746479 0.08846830985915492 0.19190140845070422 
0 0.7046654929577465 0.7209507042253521 0.12764084507042253 0.18368544600938966 
0 0.7046654929577465 0.8999413145539906 0.11883802816901408 0.16842723004694835 
0 0.5726232394366197 0.8832159624413145 0.11619718309859155 0.16549295774647887 
0 0.15735035211267606 0.9110915492957746 0.07790492957746478 0.16725352112676056 
0 0.398987676056338 0.909037558685446 0.06205985915492958 0.15375586854460094 
0 0.4722711267605634 0.9172535211267606 0.0801056338028169 0.14906103286384975 
0 0.6201584507042254 0.3937793427230047 0.1522887323943662 0.05868544600938967 
0 0.0818661971830986 0.7268192488262911 0.06866197183098592 0.15669014084507044 
0 0.15735035211267606 0.7365023474178404 0.08230633802816902 0.17018779342723006 
0 0.370818661971831 0.33949530516431925 0.22227112676056338 0.07687793427230047 
0 0.07548415492957747 0.9028755868544601 0.06998239436619719 0.18368544600938966 
0 0.24317781690140844 0.9125586854460094 0.08494718309859155 0.15492957746478872 
0 0.32504401408450706 0.9043427230046949 0.07878521126760564 0.17488262910798122 
0 0.24647887323943662 0.7403169014084507 0.08274647887323944 0.1742957746478873 
0 0.11839788732394366 0.32365023474178406 0.18045774647887325 0.06044600938967136 
0 0.5677816901408451 0.7373826291079812 0.13996478873239437 0.1238262910798122 
0 0.9253961267605634 0.4154929577464789 0.13776408450704225 0.10211267605633803 
0 0.8919454225352113 0.7142018779342723 0.12544014084507044 0.1643192488262911 
0 0.9632482394366197 0.8893779342723005 0.07350352112676056 0.16842723004694835 
0 0.8952464788732394 0.8908450704225352 0.05985915492957746 0.17488262910798122 
0 0.8193221830985915 0.9040492957746479 0.08846830985915492 0.19190140845070422 
0 0.7046654929577465 0.7209507042253521 0.12764084507042253 0.18368544600938966 
0 0.7046654929577465 0.8999413145539906 0.11883802816901408 0.16842723004694835 
0 0.5726232394366197 0.8832159624413145 0.11619718309859155 0.16549295774647887 
0 0.15735035211267606 0.9110915492957746 0.07790492957746478 0.16725352112676056 
0 0.398987676056338 0.909037558685446 0.06205985915492958 0.15375586854460094 
0 0.4722711267605634 0.9172535211267606 0.0801056338028169 0.14906103286384975 
0 0.6201584507042254 0.3937793427230047 0.1522887323943662 0.05868544600938967 
0 0.0818661971830986 0.7268192488262911 0.06866197183098592 0.15669014084507044 
0 0.15735035211267606 0.7365023474178404 0.08230633802816902 0.17018779342723006 
0 0.370818661971831 0.33949530516431925 0.22227112676056338 0.07687793427230047 
0 0.07548415492957747 0.9028755868544601 0.06998239436619719 0.18368544600938966 
0 0.24317781690140844 0.9125586854460094 0.08494718309859155 0.15492957746478872 
0 0.32504401408450706 0.9043427230046949 0.07878521126760564 0.17488262910798122 
0 0.24647887323943662 0.7403169014084507 0.08274647887323944 0.1742957746478873 
0 0.11839788732394366 0.32365023474178406 0.18045774647887325 0.06044600938967136 
