0 0.15030809859154928 0.8852699530516432 0.042693661971830985 0.09096244131455399 
0 0.40250880281690143 0.8738262910798122 0.037411971830985914 0.09389671361502347 
0 0.722931338028169 0.8547535211267606 0.03829225352112676 0.07453051643192488 
0 0.2566021126760563 0.8823356807511737 0.03961267605633803 0.09800469483568075 
0 0.35827464788732394 0.8738262910798122 0.04225352112676056 0.08685446009389672 
0 0.3034771126760563 0.8849765258215962 0.04973591549295775 0.09389671361502347 
0 0.5534771126760564 0.8732394366197183 0.05237676056338028 0.0892018779342723 
0 0.20906690140845072 0.8876173708920188 0.04665492957746479 0.09800469483568075 
0 0.495818661971831 0.8826291079812206 0.05237676056338028 0.09389671361502347 
0 0.44190140845070425 0.8779342723004695 0.04225352112676056 0.10093896713615023 
0 0.9326584507042254 0.8629694835680751 0.04225352112676056 0.08039906103286384 
0 0.5671214788732394 0.19865023474178403 0.14568661971830985 0.10269953051643192 
0 0.6806778169014085 0.8559272300469484 0.03829225352112676 0.07453051643192488 
0 0.024867957746478875 0.8981807511737089 0.0488556338028169 0.11795774647887323 
0 0.9852552816901409 0.8573943661971831 0.04181338028169014 0.09507042253521127 
0 0.02750880281690141 0.5845070422535211 0.04621478873239437 0.13380281690140844 
0 0.0332306338028169 0.7098004694835681 0.05765845070422535 0.10387323943661972 
0 0.09639084507042253 0.6848591549295775 0.04401408450704225 0.12323943661971831 
0 0.8536531690140845 0.5801056338028169 0.10079225352112677 0.10974178403755869 
0 0.9608274647887324 0.5598591549295775 0.07130281690140845 0.15610328638497653 
0 0.7594630281690141 0.21889671361502347 0.14216549295774647 0.09507042253521127 
0 0.9350792253521126 0.26261737089201875 0.10255281690140845 0.09213615023474178 
0 0.034991197183098594 0.25528169014084506 0.06558098591549295 0.19131455399061034 
0 0.8459507042253521 0.35944835680751175 0.05193661971830986 0.08509389671361503 
0 0.078125 0.8882042253521126 0.03917253521126761 0.10035211267605634 
0 0.9379401408450704 0.6998239436619719 0.0528169014084507 0.07570422535211267 
0 0.504181338028169 0.6957159624413145 0.04533450704225352 0.09213615023474178 
0 0.8631161971830986 0.6951291079812206 0.03609154929577465 0.0897887323943662 
0 0.7651848591549296 0.6907276995305164 0.0409330985915493 0.09389671361502347 
0 0.39326584507042256 0.641725352112676 0.0664612676056338 0.17312206572769953 
0 0.632262323943662 0.6798708920187794 0.06470070422535211 0.13791079812206572 
0 0.1602112676056338 0.26291079812206575 0.1426056338028169 0.19131455399061034 
0 0.586487676056338 0.3104460093896714 0.1483274647887324 0.10915492957746478 
0 0.3650968309859155 0.3647300469483568 0.14568661971830985 0.03931924882629108 
0 0.3701584507042254 0.29782863849765256 0.15316901408450703 0.056924882629107984 
0 0.2007042253521127 0.6866197183098591 0.04753521126760563 0.09741784037558686 
0 0.2517605633802817 0.6992370892018779 0.04665492957746479 0.10269953051643192 
0 0.777068661971831 0.3283450704225352 0.09110915492957747 0.10152582159624413 
0 0.8067781690140845 0.7012910798122066 0.04753521126760563 0.08568075117370892 
0 0.6128961267605634 0.8588615023474179 0.0488556338028169 0.08157276995305164 
0 0.1522887323943662 0.6898474178403756 0.043133802816901406 0.09330985915492958 
0 0.24031690140845072 0.5598591549295775 0.04665492957746479 0.09976525821596244 
0 0.944762323943662 0.35768779342723006 0.08230633802816902 0.08274647887323944 
0 0.16879401408450703 0.5551643192488263 0.04621478873239437 0.1056338028169014 
0 0.684419014084507 0.6109154929577465 0.04401408450704225 0.1068075117370892 
0 0.3378080985915493 0.5894953051643192 0.04621478873239437 0.10387323943661972 
0 0.6296214788732394 0.6029929577464789 0.04357394366197183 0.10504694835680752 
0 0.558318661971831 0.5660211267605634 0.04005281690140845 0.10035211267605634 
0 0.45422535211267606 0.5845070422535211 0.04841549295774648 0.11032863849765258 
0 0.7207306338028169 0.7030516431924883 0.04005281690140845 0.09624413145539906 
0 0.566681338028169 0.6963028169014085 0.05149647887323944 0.09448356807511737 
0 0.33758802816901406 0.7051056338028169 0.05017605633802817 0.08509389671361503 
0 0.0957306338028169 0.5534037558685446 0.05501760563380282 0.12441314553990611 
0 0.4011883802816901 0.5941901408450704 0.037411971830985914 0.1073943661971831 
0 0.15030809859154928 0.8852699530516432 0.042693661971830985 0.09096244131455399 
0 0.40250880281690143 0.8738262910798122 0.037411971830985914 0.09389671361502347 
0 0.722931338028169 0.8547535211267606 0.03829225352112676 0.07453051643192488 
0 0.2566021126760563 0.8823356807511737 0.03961267605633803 0.09800469483568075 
0 0.35827464788732394 0.8738262910798122 0.04225352112676056 0.08685446009389672 
0 0.3034771126760563 0.8849765258215962 0.04973591549295775 0.09389671361502347 
0 0.5534771126760564 0.8732394366197183 0.05237676056338028 0.0892018779342723 
0 0.20906690140845072 0.8876173708920188 0.04665492957746479 0.09800469483568075 
0 0.495818661971831 0.8826291079812206 0.05237676056338028 0.09389671361502347 
0 0.44190140845070425 0.8779342723004695 0.04225352112676056 0.10093896713615023 
0 0.9326584507042254 0.8629694835680751 0.04225352112676056 0.08039906103286384 
0 0.5671214788732394 0.19865023474178403 0.14568661971830985 0.10269953051643192 
0 0.6806778169014085 0.8559272300469484 0.03829225352112676 0.07453051643192488 
0 0.024867957746478875 0.8981807511737089 0.0488556338028169 0.11795774647887323 
0 0.9852552816901409 0.8573943661971831 0.04181338028169014 0.09507042253521127 
0 0.02750880281690141 0.5845070422535211 0.04621478873239437 0.13380281690140844 
0 0.0332306338028169 0.7098004694835681 0.05765845070422535 0.10387323943661972 
0 0.09639084507042253 0.6848591549295775 0.04401408450704225 0.12323943661971831 
0 0.8536531690140845 0.5801056338028169 0.10079225352112677 0.10974178403755869 
0 0.9608274647887324 0.5598591549295775 0.07130281690140845 0.15610328638497653 
0 0.7594630281690141 0.21889671361502347 0.14216549295774647 0.09507042253521127 
0 0.9350792253521126 0.26261737089201875 0.10255281690140845 0.09213615023474178 
0 0.034991197183098594 0.25528169014084506 0.06558098591549295 0.19131455399061034 
0 0.8459507042253521 0.35944835680751175 0.05193661971830986 0.08509389671361503 
0 0.078125 0.8882042253521126 0.03917253521126761 0.10035211267605634 
0 0.9379401408450704 0.6998239436619719 0.0528169014084507 0.07570422535211267 
0 0.504181338028169 0.6957159624413145 0.04533450704225352 0.09213615023474178 
0 0.8631161971830986 0.6951291079812206 0.03609154929577465 0.0897887323943662 
0 0.7651848591549296 0.6907276995305164 0.0409330985915493 0.09389671361502347 
0 0.39326584507042256 0.641725352112676 0.0664612676056338 0.17312206572769953 
0 0.632262323943662 0.6798708920187794 0.06470070422535211 0.13791079812206572 
0 0.1602112676056338 0.26291079812206575 0.1426056338028169 0.19131455399061034 
0 0.586487676056338 0.3104460093896714 0.1483274647887324 0.10915492957746478 
0 0.3650968309859155 0.3647300469483568 0.14568661971830985 0.03931924882629108 
0 0.3701584507042254 0.29782863849765256 0.15316901408450703 0.056924882629107984 
0 0.2007042253521127 0.6866197183098591 0.04753521126760563 0.09741784037558686 
0 0.2517605633802817 0.6992370892018779 0.04665492957746479 0.10269953051643192 
0 0.777068661971831 0.3283450704225352 0.09110915492957747 0.10152582159624413 
0 0.8067781690140845 0.7012910798122066 0.04753521126760563 0.08568075117370892 
0 0.6128961267605634 0.8588615023474179 0.0488556338028169 0.08157276995305164 
0 0.1522887323943662 0.6898474178403756 0.043133802816901406 0.09330985915492958 
0 0.24031690140845072 0.5598591549295775 0.04665492957746479 0.09976525821596244 
0 0.944762323943662 0.35768779342723006 0.08230633802816902 0.08274647887323944 
0 0.16879401408450703 0.5551643192488263 0.04621478873239437 0.1056338028169014 
0 0.684419014084507 0.6109154929577465 0.04401408450704225 0.1068075117370892 
0 0.3378080985915493 0.5894953051643192 0.04621478873239437 0.10387323943661972 
0 0.6296214788732394 0.6029929577464789 0.04357394366197183 0.10504694835680752 
0 0.558318661971831 0.5660211267605634 0.04005281690140845 0.10035211267605634 
0 0.45422535211267606 0.5845070422535211 0.04841549295774648 0.11032863849765258 
0 0.7207306338028169 0.7030516431924883 0.04005281690140845 0.09624413145539906 
0 0.566681338028169 0.6963028169014085 0.05149647887323944 0.09448356807511737 
0 0.33758802816901406 0.7051056338028169 0.05017605633802817 0.08509389671361503 
0 0.0957306338028169 0.5534037558685446 0.05501760563380282 0.12441314553990611 
0 0.4011883802816901 0.5941901408450704 0.037411971830985914 0.1073943661971831 
0 0.15030809859154928 0.8852699530516432 0.042693661971830985 0.09096244131455399 
0 0.40250880281690143 0.8738262910798122 0.037411971830985914 0.09389671361502347 
0 0.722931338028169 0.8547535211267606 0.03829225352112676 0.07453051643192488 
0 0.2566021126760563 0.8823356807511737 0.03961267605633803 0.09800469483568075 
0 0.35827464788732394 0.8738262910798122 0.04225352112676056 0.08685446009389672 
0 0.3034771126760563 0.8849765258215962 0.04973591549295775 0.09389671361502347 
0 0.5534771126760564 0.8732394366197183 0.05237676056338028 0.0892018779342723 
0 0.20906690140845072 0.8876173708920188 0.04665492957746479 0.09800469483568075 
0 0.495818661971831 0.8826291079812206 0.05237676056338028 0.09389671361502347 
0 0.44190140845070425 0.8779342723004695 0.04225352112676056 0.10093896713615023 
0 0.9326584507042254 0.8629694835680751 0.04225352112676056 0.08039906103286384 
0 0.5671214788732394 0.19865023474178403 0.14568661971830985 0.10269953051643192 
0 0.6806778169014085 0.8559272300469484 0.03829225352112676 0.07453051643192488 
0 0.024867957746478875 0.8981807511737089 0.0488556338028169 0.11795774647887323 
0 0.9852552816901409 0.8573943661971831 0.04181338028169014 0.09507042253521127 
0 0.02750880281690141 0.5845070422535211 0.04621478873239437 0.13380281690140844 
0 0.0332306338028169 0.7098004694835681 0.05765845070422535 0.10387323943661972 
0 0.09639084507042253 0.6848591549295775 0.04401408450704225 0.12323943661971831 
0 0.8536531690140845 0.5801056338028169 0.10079225352112677 0.10974178403755869 
0 0.9608274647887324 0.5598591549295775 0.07130281690140845 0.15610328638497653 
0 0.7594630281690141 0.21889671361502347 0.14216549295774647 0.09507042253521127 
0 0.9350792253521126 0.26261737089201875 0.10255281690140845 0.09213615023474178 
0 0.034991197183098594 0.25528169014084506 0.06558098591549295 0.19131455399061034 
0 0.8459507042253521 0.35944835680751175 0.05193661971830986 0.08509389671361503 
0 0.078125 0.8882042253521126 0.03917253521126761 0.10035211267605634 
0 0.9379401408450704 0.6998239436619719 0.0528169014084507 0.07570422535211267 
0 0.504181338028169 0.6957159624413145 0.04533450704225352 0.09213615023474178 
0 0.8631161971830986 0.6951291079812206 0.03609154929577465 0.0897887323943662 
0 0.7651848591549296 0.6907276995305164 0.0409330985915493 0.09389671361502347 
0 0.39326584507042256 0.641725352112676 0.0664612676056338 0.17312206572769953 
0 0.632262323943662 0.6798708920187794 0.06470070422535211 0.13791079812206572 
0 0.1602112676056338 0.26291079812206575 0.1426056338028169 0.19131455399061034 
0 0.586487676056338 0.3104460093896714 0.1483274647887324 0.10915492957746478 
0 0.3650968309859155 0.3647300469483568 0.14568661971830985 0.03931924882629108 
0 0.3701584507042254 0.29782863849765256 0.15316901408450703 0.056924882629107984 
0 0.2007042253521127 0.6866197183098591 0.04753521126760563 0.09741784037558686 
0 0.2517605633802817 0.6992370892018779 0.04665492957746479 0.10269953051643192 
0 0.777068661971831 0.3283450704225352 0.09110915492957747 0.10152582159624413 
0 0.8067781690140845 0.7012910798122066 0.04753521126760563 0.08568075117370892 
0 0.6128961267605634 0.8588615023474179 0.0488556338028169 0.08157276995305164 
0 0.1522887323943662 0.6898474178403756 0.043133802816901406 0.09330985915492958 
0 0.24031690140845072 0.5598591549295775 0.04665492957746479 0.09976525821596244 
0 0.944762323943662 0.35768779342723006 0.08230633802816902 0.08274647887323944 
0 0.16879401408450703 0.5551643192488263 0.04621478873239437 0.1056338028169014 
0 0.684419014084507 0.6109154929577465 0.04401408450704225 0.1068075117370892 
0 0.3378080985915493 0.5894953051643192 0.04621478873239437 0.10387323943661972 
0 0.6296214788732394 0.6029929577464789 0.04357394366197183 0.10504694835680752 
0 0.558318661971831 0.5660211267605634 0.04005281690140845 0.10035211267605634 
0 0.45422535211267606 0.5845070422535211 0.04841549295774648 0.11032863849765258 
0 0.7207306338028169 0.7030516431924883 0.04005281690140845 0.09624413145539906 
0 0.566681338028169 0.6963028169014085 0.05149647887323944 0.09448356807511737 
0 0.33758802816901406 0.7051056338028169 0.05017605633802817 0.08509389671361503 
0 0.0957306338028169 0.5534037558685446 0.05501760563380282 0.12441314553990611 
0 0.4011883802816901 0.5941901408450704 0.037411971830985914 0.1073943661971831 
