0 0.8617957746478874 0.9102112676056338 0.23591549295774647 0.1795774647887324 
0 0.581205985915493 0.9530516431924883 0.15360915492957747 0.09389671361502347 
0 0.5981514084507042 0.8359741784037559 0.18485915492957747 0.1273474178403756 
0 0.2891725352112676 0.9357394366197183 0.15669014084507044 0.12852112676056338 
0 0.4253961267605634 0.8550469483568075 0.09463028169014084 0.18661971830985916 
0 0.29775528169014087 0.8080985915492958 0.14216549295774647 0.11150234741784038 
0 0.9632482394366197 0.5064553990610329 0.07086267605633803 0.27230046948356806 
0 0.8050176056338029 0.4876760563380282 0.20422535211267606 0.3192488262910798 
0 0.08626760563380281 0.8931924882629108 0.17077464788732394 0.18544600938967137 
0 0.5523767605633803 0.5410798122065728 0.2852112676056338 0.19131455399061034 
0 0.06712147887323944 0.08597417840375587 0.12279929577464789 0.15669014084507044 
0 0.5801056338028169 0.3755868544600939 0.20334507042253522 0.1431924882629108 
0 0.2706866197183099 0.08714788732394366 0.10387323943661972 0.16842723004694835 
0 0.4410211267605634 0.10328638497652583 0.19630281690140844 0.19718309859154928 
0 0.6459066901408451 0.1159037558685446 0.18617957746478872 0.2282863849765258 
0 0.17473591549295775 0.08744131455399061 0.0721830985915493 0.1596244131455399 
0 0.9282570422535211 0.15815727699530516 0.14348591549295775 0.21654929577464788 
0 0.10035211267605634 0.42282863849765256 0.1892605633802817 0.38791079812206575 
0 0.3008362676056338 0.431924882629108 0.18617957746478872 0.36384976525821594 
0 0.7966549295774648 0.12059859154929578 0.0994718309859155 0.23767605633802816 
0 0.8617957746478874 0.9102112676056338 0.23591549295774647 0.1795774647887324 
0 0.581205985915493 0.9530516431924883 0.15360915492957747 0.09389671361502347 
0 0.5981514084507042 0.8359741784037559 0.18485915492957747 0.1273474178403756 
0 0.2891725352112676 0.9357394366197183 0.15669014084507044 0.12852112676056338 
0 0.4253961267605634 0.8550469483568075 0.09463028169014084 0.18661971830985916 
0 0.29775528169014087 0.8080985915492958 0.14216549295774647 0.11150234741784038 
0 0.9632482394366197 0.5064553990610329 0.07086267605633803 0.27230046948356806 
0 0.8050176056338029 0.4876760563380282 0.20422535211267606 0.3192488262910798 
0 0.08626760563380281 0.8931924882629108 0.17077464788732394 0.18544600938967137 
0 0.5523767605633803 0.5410798122065728 0.2852112676056338 0.19131455399061034 
0 0.06712147887323944 0.08597417840375587 0.12279929577464789 0.15669014084507044 
0 0.5801056338028169 0.3755868544600939 0.20334507042253522 0.1431924882629108 
0 0.2706866197183099 0.08714788732394366 0.10387323943661972 0.16842723004694835 
0 0.4410211267605634 0.10328638497652583 0.19630281690140844 0.19718309859154928 
0 0.6459066901408451 0.1159037558685446 0.18617957746478872 0.2282863849765258 
0 0.17473591549295775 0.08744131455399061 0.0721830985915493 0.1596244131455399 
0 0.9282570422535211 0.15815727699530516 0.14348591549295775 0.21654929577464788 
0 0.10035211267605634 0.42282863849765256 0.1892605633802817 0.38791079812206575 
0 0.3008362676056338 0.431924882629108 0.18617957746478872 0.36384976525821594 
0 0.7966549295774648 0.12059859154929578 0.0994718309859155 0.23767605633802816 
0 0.8617957746478874 0.9102112676056338 0.23591549295774647 0.1795774647887324 
0 0.581205985915493 0.9530516431924883 0.15360915492957747 0.09389671361502347 
0 0.5981514084507042 0.8359741784037559 0.18485915492957747 0.1273474178403756 
0 0.2891725352112676 0.9357394366197183 0.15669014084507044 0.12852112676056338 
0 0.4253961267605634 0.8550469483568075 0.09463028169014084 0.18661971830985916 
0 0.29775528169014087 0.8080985915492958 0.14216549295774647 0.11150234741784038 
0 0.9632482394366197 0.5064553990610329 0.07086267605633803 0.27230046948356806 
0 0.8050176056338029 0.4876760563380282 0.20422535211267606 0.3192488262910798 
0 0.08626760563380281 0.8931924882629108 0.17077464788732394 0.18544600938967137 
0 0.5523767605633803 0.5410798122065728 0.2852112676056338 0.19131455399061034 
0 0.06712147887323944 0.08597417840375587 0.12279929577464789 0.15669014084507044 
0 0.5801056338028169 0.3755868544600939 0.20334507042253522 0.1431924882629108 
0 0.2706866197183099 0.08714788732394366 0.10387323943661972 0.16842723004694835 
0 0.4410211267605634 0.10328638497652583 0.19630281690140844 0.19718309859154928 
0 0.6459066901408451 0.1159037558685446 0.18617957746478872 0.2282863849765258 
0 0.17473591549295775 0.08744131455399061 0.0721830985915493 0.1596244131455399 
0 0.9282570422535211 0.15815727699530516 0.14348591549295775 0.21654929577464788 
0 0.10035211267605634 0.42282863849765256 0.1892605633802817 0.38791079812206575 
0 0.3008362676056338 0.431924882629108 0.18617957746478872 0.36384976525821594 
0 0.7966549295774648 0.12059859154929578 0.0994718309859155 0.23767605633802816 
