0 0.26276408450704225 0.9360328638497653 0.056338028169014086 0.107981220657277 
0 0.6571302816901409 0.9351525821596244 0.06073943661971831 0.09448356807511737 
0 0.38534330985915494 0.9328051643192489 0.061179577464788734 0.13438967136150234 
0 0.8074383802816901 0.9424882629107981 0.06910211267605634 0.10446009389671361 
0 0.8901848591549296 0.5495892018779343 0.07350352112676056 0.1238262910798122 
0 0.5933098591549296 0.9407276995305164 0.04753521126760563 0.10915492957746478 
0 0.7268926056338029 0.9515845070422535 0.06029929577464789 0.10152582159624413 
0 0.5268485915492958 0.943075117370892 0.06073943661971831 0.11150234741784038 
0 0.4564260563380282 0.9427816901408451 0.0625 0.11443661971830986 
0 0.9636883802816901 0.5531103286384976 0.06734154929577464 0.13204225352112675 
0 0.13402288732394366 0.9248826291079812 0.06470070422535211 0.09507042253521127 
0 0.3248239436619718 0.9328051643192489 0.07042253521126761 0.1238262910798122 
0 0.9053697183098591 0.9465962441314554 0.0977112676056338 0.1068075117370892 
0 0.07350352112676056 0.9175469483568075 0.06073943661971831 0.10387323943661972 
0 0.1780369718309859 0.18397887323943662 0.055897887323943664 0.10974178403755869 
0 0.24515845070422534 0.1807511737089202 0.06690140845070422 0.107981220657277 
0 0.3125 0.1772300469483568 0.06690140845070422 0.107981220657277 
0 0.383362676056338 0.16637323943661972 0.08098591549295775 0.11913145539906103 
0 0.06800176056338028 0.3659037558685446 0.04709507042253521 0.1449530516431925 
0 0.11707746478873239 0.3711854460093897 0.0528169014084507 0.1437793427230047 
0 0.17693661971830985 0.37265258215962443 0.058098591549295774 0.13497652582159625 
0 0.238556338028169 0.35944835680751175 0.06073943661971831 0.15551643192488263 
0 0.9738116197183099 0.3682511737089202 0.05237676056338028 0.1789906103286385 
0 0.02948943661971831 0.7121478873239436 0.04753521126760563 0.15082159624413147 
0 0.09044894366197183 0.7150821596244131 0.07702464788732394 0.15669014084507044 
0 0.936399647887324 0.14906103286384975 0.12720070422535212 0.11384976525821597 
0 0.20246478873239437 0.9278169014084507 0.06866197183098592 0.11619718309859155 
0 0.30787852112676056 0.3532863849765258 0.06029929577464789 0.1643192488262911 
0 0.023987676056338027 0.914612676056338 0.0409330985915493 0.10974178403755869 
0 0.08538732394366197 0.551349765258216 0.08098591549295775 0.08626760563380281 
0 0.7257922535211268 0.7420774647887324 0.06778169014084508 0.14964788732394366 
0 0.7407570422535211 0.5460680751173709 0.05985915492957746 0.13438967136150234 
0 0.8129401408450704 0.5475352112676056 0.06954225352112677 0.13380281690140844 
0 0.8109595070422535 0.7438380281690141 0.09551056338028169 0.1637323943661972 
0 0.4608274647887324 0.7403169014084507 0.058098591549295774 0.159037558685446 
0 0.5933098591549296 0.7409037558685446 0.06602112676056338 0.1613849765258216 
0 0.601012323943662 0.5507629107981221 0.05941901408450704 0.125 
0 0.46016725352112675 0.545774647887324 0.06205985915492958 0.11971830985915492 
0 0.5253080985915493 0.37177230046948356 0.05677816901408451 0.1426056338028169 
0 0.657350352112676 0.7406103286384976 0.05677816901408451 0.15845070422535212 
0 0.7475792253521126 0.36795774647887325 0.08582746478873239 0.15610328638497653 
0 0.461487676056338 0.37411971830985913 0.06382042253521127 0.13204225352112675 
0 0.3809419014084507 0.3515258215962441 0.07702464788732394 0.16314553990610328 
0 0.3305457746478873 0.5542840375586855 0.08098591549295775 0.11443661971830986 
0 0.3298855633802817 0.7247652582159625 0.06294014084507042 0.1467136150234742 
0 0.6703345070422535 0.3720657276995305 0.06602112676056338 0.13615023474178403 
0 0.887544014084507 0.3720657276995305 0.11487676056338028 0.11737089201877934 
0 0.023107394366197184 0.3682511737089202 0.04445422535211268 0.13791079812206572 
0 0.2638644366197183 0.5557511737089202 0.06029929577464789 0.09976525821596244 
0 0.198943661971831 0.5531103286384976 0.07394366197183098 0.10269953051643192 
0 0.670774647887324 0.5469483568075117 0.06514084507042253 0.12323943661971831 
0 0.5332306338028169 0.5492957746478874 0.06558098591549295 0.12441314553990611 
0 0.3963468309859155 0.7341549295774648 0.05941901408450704 0.16549295774647887 
0 0.9306778169014085 0.7637910798122066 0.09991197183098592 0.1449530516431925 
0 0.5961707746478874 0.37177230046948356 0.06910211267605634 0.13908450704225353 
0 0.5257482394366197 0.7403169014084507 0.058538732394366196 0.159037558685446 
0 0.26276408450704225 0.9360328638497653 0.056338028169014086 0.107981220657277 
0 0.6571302816901409 0.9351525821596244 0.06073943661971831 0.09448356807511737 
0 0.38534330985915494 0.9328051643192489 0.061179577464788734 0.13438967136150234 
0 0.8074383802816901 0.9424882629107981 0.06910211267605634 0.10446009389671361 
0 0.8901848591549296 0.5495892018779343 0.07350352112676056 0.1238262910798122 
0 0.5933098591549296 0.9407276995305164 0.04753521126760563 0.10915492957746478 
0 0.7268926056338029 0.9515845070422535 0.06029929577464789 0.10152582159624413 
0 0.5268485915492958 0.943075117370892 0.06073943661971831 0.11150234741784038 
0 0.4564260563380282 0.9427816901408451 0.0625 0.11443661971830986 
0 0.9636883802816901 0.5531103286384976 0.06734154929577464 0.13204225352112675 
0 0.13402288732394366 0.9248826291079812 0.06470070422535211 0.09507042253521127 
0 0.3248239436619718 0.9328051643192489 0.07042253521126761 0.1238262910798122 
0 0.9053697183098591 0.9465962441314554 0.0977112676056338 0.1068075117370892 
0 0.07350352112676056 0.9175469483568075 0.06073943661971831 0.10387323943661972 
0 0.1780369718309859 0.18397887323943662 0.055897887323943664 0.10974178403755869 
0 0.24515845070422534 0.1807511737089202 0.06690140845070422 0.107981220657277 
0 0.3125 0.1772300469483568 0.06690140845070422 0.107981220657277 
0 0.383362676056338 0.16637323943661972 0.08098591549295775 0.11913145539906103 
0 0.06800176056338028 0.3659037558685446 0.04709507042253521 0.1449530516431925 
0 0.11707746478873239 0.3711854460093897 0.0528169014084507 0.1437793427230047 
0 0.17693661971830985 0.37265258215962443 0.058098591549295774 0.13497652582159625 
0 0.238556338028169 0.35944835680751175 0.06073943661971831 0.15551643192488263 
0 0.9738116197183099 0.3682511737089202 0.05237676056338028 0.1789906103286385 
0 0.02948943661971831 0.7121478873239436 0.04753521126760563 0.15082159624413147 
0 0.09044894366197183 0.7150821596244131 0.07702464788732394 0.15669014084507044 
0 0.936399647887324 0.14906103286384975 0.12720070422535212 0.11384976525821597 
0 0.20246478873239437 0.9278169014084507 0.06866197183098592 0.11619718309859155 
0 0.30787852112676056 0.3532863849765258 0.06029929577464789 0.1643192488262911 
0 0.023987676056338027 0.914612676056338 0.0409330985915493 0.10974178403755869 
0 0.08538732394366197 0.551349765258216 0.08098591549295775 0.08626760563380281 
0 0.7257922535211268 0.7420774647887324 0.06778169014084508 0.14964788732394366 
0 0.7407570422535211 0.5460680751173709 0.05985915492957746 0.13438967136150234 
0 0.8129401408450704 0.5475352112676056 0.06954225352112677 0.13380281690140844 
0 0.8109595070422535 0.7438380281690141 0.09551056338028169 0.1637323943661972 
0 0.4608274647887324 0.7403169014084507 0.058098591549295774 0.159037558685446 
0 0.5933098591549296 0.7409037558685446 0.06602112676056338 0.1613849765258216 
0 0.601012323943662 0.5507629107981221 0.05941901408450704 0.125 
0 0.46016725352112675 0.545774647887324 0.06205985915492958 0.11971830985915492 
0 0.5253080985915493 0.37177230046948356 0.05677816901408451 0.1426056338028169 
0 0.657350352112676 0.7406103286384976 0.05677816901408451 0.15845070422535212 
0 0.7475792253521126 0.36795774647887325 0.08582746478873239 0.15610328638497653 
0 0.461487676056338 0.37411971830985913 0.06382042253521127 0.13204225352112675 
0 0.3809419014084507 0.3515258215962441 0.07702464788732394 0.16314553990610328 
0 0.3305457746478873 0.5542840375586855 0.08098591549295775 0.11443661971830986 
0 0.3298855633802817 0.7247652582159625 0.06294014084507042 0.1467136150234742 
0 0.6703345070422535 0.3720657276995305 0.06602112676056338 0.13615023474178403 
0 0.887544014084507 0.3720657276995305 0.11487676056338028 0.11737089201877934 
0 0.023107394366197184 0.3682511737089202 0.04445422535211268 0.13791079812206572 
0 0.2638644366197183 0.5557511737089202 0.06029929577464789 0.09976525821596244 
0 0.198943661971831 0.5531103286384976 0.07394366197183098 0.10269953051643192 
0 0.670774647887324 0.5469483568075117 0.06514084507042253 0.12323943661971831 
0 0.5332306338028169 0.5492957746478874 0.06558098591549295 0.12441314553990611 
0 0.3963468309859155 0.7341549295774648 0.05941901408450704 0.16549295774647887 
0 0.9306778169014085 0.7637910798122066 0.09991197183098592 0.1449530516431925 
0 0.5961707746478874 0.37177230046948356 0.06910211267605634 0.13908450704225353 
0 0.5257482394366197 0.7403169014084507 0.058538732394366196 0.159037558685446 
0 0.26276408450704225 0.9360328638497653 0.056338028169014086 0.107981220657277 
0 0.6571302816901409 0.9351525821596244 0.06073943661971831 0.09448356807511737 
0 0.38534330985915494 0.9328051643192489 0.061179577464788734 0.13438967136150234 
0 0.8074383802816901 0.9424882629107981 0.06910211267605634 0.10446009389671361 
0 0.8901848591549296 0.5495892018779343 0.07350352112676056 0.1238262910798122 
0 0.5933098591549296 0.9407276995305164 0.04753521126760563 0.10915492957746478 
0 0.7268926056338029 0.9515845070422535 0.06029929577464789 0.10152582159624413 
0 0.5268485915492958 0.943075117370892 0.06073943661971831 0.11150234741784038 
0 0.4564260563380282 0.9427816901408451 0.0625 0.11443661971830986 
0 0.9636883802816901 0.5531103286384976 0.06734154929577464 0.13204225352112675 
0 0.13402288732394366 0.9248826291079812 0.06470070422535211 0.09507042253521127 
0 0.3248239436619718 0.9328051643192489 0.07042253521126761 0.1238262910798122 
0 0.9053697183098591 0.9465962441314554 0.0977112676056338 0.1068075117370892 
0 0.07350352112676056 0.9175469483568075 0.06073943661971831 0.10387323943661972 
0 0.1780369718309859 0.18397887323943662 0.055897887323943664 0.10974178403755869 
0 0.24515845070422534 0.1807511737089202 0.06690140845070422 0.107981220657277 
0 0.3125 0.1772300469483568 0.06690140845070422 0.107981220657277 
0 0.383362676056338 0.16637323943661972 0.08098591549295775 0.11913145539906103 
0 0.06800176056338028 0.3659037558685446 0.04709507042253521 0.1449530516431925 
0 0.11707746478873239 0.3711854460093897 0.0528169014084507 0.1437793427230047 
0 0.17693661971830985 0.37265258215962443 0.058098591549295774 0.13497652582159625 
0 0.238556338028169 0.35944835680751175 0.06073943661971831 0.15551643192488263 
0 0.9738116197183099 0.3682511737089202 0.05237676056338028 0.1789906103286385 
0 0.02948943661971831 0.7121478873239436 0.04753521126760563 0.15082159624413147 
0 0.09044894366197183 0.7150821596244131 0.07702464788732394 0.15669014084507044 
0 0.936399647887324 0.14906103286384975 0.12720070422535212 0.11384976525821597 
0 0.20246478873239437 0.9278169014084507 0.06866197183098592 0.11619718309859155 
0 0.30787852112676056 0.3532863849765258 0.06029929577464789 0.1643192488262911 
0 0.023987676056338027 0.914612676056338 0.0409330985915493 0.10974178403755869 
0 0.08538732394366197 0.551349765258216 0.08098591549295775 0.08626760563380281 
0 0.7257922535211268 0.7420774647887324 0.06778169014084508 0.14964788732394366 
0 0.7407570422535211 0.5460680751173709 0.05985915492957746 0.13438967136150234 
0 0.8129401408450704 0.5475352112676056 0.06954225352112677 0.13380281690140844 
0 0.8109595070422535 0.7438380281690141 0.09551056338028169 0.1637323943661972 
0 0.4608274647887324 0.7403169014084507 0.058098591549295774 0.159037558685446 
0 0.5933098591549296 0.7409037558685446 0.06602112676056338 0.1613849765258216 
0 0.601012323943662 0.5507629107981221 0.05941901408450704 0.125 
0 0.46016725352112675 0.545774647887324 0.06205985915492958 0.11971830985915492 
0 0.5253080985915493 0.37177230046948356 0.05677816901408451 0.1426056338028169 
0 0.657350352112676 0.7406103286384976 0.05677816901408451 0.15845070422535212 
0 0.7475792253521126 0.36795774647887325 0.08582746478873239 0.15610328638497653 
0 0.461487676056338 0.37411971830985913 0.06382042253521127 0.13204225352112675 
0 0.3809419014084507 0.3515258215962441 0.07702464788732394 0.16314553990610328 
0 0.3305457746478873 0.5542840375586855 0.08098591549295775 0.11443661971830986 
0 0.3298855633802817 0.7247652582159625 0.06294014084507042 0.1467136150234742 
0 0.6703345070422535 0.3720657276995305 0.06602112676056338 0.13615023474178403 
0 0.887544014084507 0.3720657276995305 0.11487676056338028 0.11737089201877934 
0 0.023107394366197184 0.3682511737089202 0.04445422535211268 0.13791079812206572 
0 0.2638644366197183 0.5557511737089202 0.06029929577464789 0.09976525821596244 
0 0.198943661971831 0.5531103286384976 0.07394366197183098 0.10269953051643192 
0 0.670774647887324 0.5469483568075117 0.06514084507042253 0.12323943661971831 
0 0.5332306338028169 0.5492957746478874 0.06558098591549295 0.12441314553990611 
0 0.3963468309859155 0.7341549295774648 0.05941901408450704 0.16549295774647887 
0 0.9306778169014085 0.7637910798122066 0.09991197183098592 0.1449530516431925 
0 0.5961707746478874 0.37177230046948356 0.06910211267605634 0.13908450704225353 
0 0.5257482394366197 0.7403169014084507 0.058538732394366196 0.159037558685446 
