0 0.15338908450704225 0.6737089201877934 0.09022887323943662 0.1068075117370892 
0 0.39942781690140844 0.670481220657277 0.10871478873239436 0.10035211267605634 
0 0.514524647887324 0.6839788732394366 0.10123239436619719 0.10035211267605634 
0 0.9507042253521126 0.8080985915492958 0.09595070422535211 0.2136150234741784 
0 0.8371478873239436 0.8268779342723005 0.0721830985915493 0.1643192488262911 
0 0.7577024647887324 0.8667840375586855 0.09375 0.1267605633802817 
0 0.5235475352112676 0.8485915492957746 0.09903169014084508 0.20774647887323944 
0 0.6307218309859155 0.7872652582159625 0.08098591549295775 0.2106807511737089 
0 0.2691461267605634 0.6584507042253521 0.12544014084507044 0.13380281690140844 
0 0.35321302816901406 0.8397887323943662 0.10607394366197183 0.17488262910798122 
0 0.2579225352112676 0.7960680751173709 0.0801056338028169 0.14730046948356806 
0 0.14722711267605634 0.8330399061032864 0.11839788732394366 0.1613849765258216 
0 0.04225352112676056 0.8585680751173709 0.07746478873239436 0.14906103286384975 
0 0.8576144366197183 0.3711854460093897 0.2662852112676056 0.25410798122065725 
0 0.5840669014084507 0.3949530516431925 0.24471830985915494 0.19131455399061034 
0 0.07108274647887323 0.2476525821596244 0.1307218309859155 0.15492957746478872 
0 0.2904929577464789 0.3130868544600939 0.2720070422535211 0.23767605633802816 
0 0.032570422535211266 0.6772300469483568 0.056338028169014086 0.16901408450704225 
0 0.15338908450704225 0.6737089201877934 0.09022887323943662 0.1068075117370892 
0 0.39942781690140844 0.670481220657277 0.10871478873239436 0.10035211267605634 
0 0.514524647887324 0.6839788732394366 0.10123239436619719 0.10035211267605634 
0 0.9507042253521126 0.8080985915492958 0.09595070422535211 0.2136150234741784 
0 0.8371478873239436 0.8268779342723005 0.0721830985915493 0.1643192488262911 
0 0.7577024647887324 0.8667840375586855 0.09375 0.1267605633802817 
0 0.5235475352112676 0.8485915492957746 0.09903169014084508 0.20774647887323944 
0 0.6307218309859155 0.7872652582159625 0.08098591549295775 0.2106807511737089 
0 0.2691461267605634 0.6584507042253521 0.12544014084507044 0.13380281690140844 
0 0.35321302816901406 0.8397887323943662 0.10607394366197183 0.17488262910798122 
0 0.2579225352112676 0.7960680751173709 0.0801056338028169 0.14730046948356806 
0 0.14722711267605634 0.8330399061032864 0.11839788732394366 0.1613849765258216 
0 0.04225352112676056 0.8585680751173709 0.07746478873239436 0.14906103286384975 
0 0.8576144366197183 0.3711854460093897 0.2662852112676056 0.25410798122065725 
0 0.5840669014084507 0.3949530516431925 0.24471830985915494 0.19131455399061034 
0 0.07108274647887323 0.2476525821596244 0.1307218309859155 0.15492957746478872 
0 0.2904929577464789 0.3130868544600939 0.2720070422535211 0.23767605633802816 
0 0.032570422535211266 0.6772300469483568 0.056338028169014086 0.16901408450704225 
0 0.15338908450704225 0.6737089201877934 0.09022887323943662 0.1068075117370892 
0 0.39942781690140844 0.670481220657277 0.10871478873239436 0.10035211267605634 
0 0.514524647887324 0.6839788732394366 0.10123239436619719 0.10035211267605634 
0 0.9507042253521126 0.8080985915492958 0.09595070422535211 0.2136150234741784 
0 0.8371478873239436 0.8268779342723005 0.0721830985915493 0.1643192488262911 
0 0.7577024647887324 0.8667840375586855 0.09375 0.1267605633802817 
0 0.5235475352112676 0.8485915492957746 0.09903169014084508 0.20774647887323944 
0 0.6307218309859155 0.7872652582159625 0.08098591549295775 0.2106807511737089 
0 0.2691461267605634 0.6584507042253521 0.12544014084507044 0.13380281690140844 
0 0.35321302816901406 0.8397887323943662 0.10607394366197183 0.17488262910798122 
0 0.2579225352112676 0.7960680751173709 0.0801056338028169 0.14730046948356806 
0 0.14722711267605634 0.8330399061032864 0.11839788732394366 0.1613849765258216 
0 0.04225352112676056 0.8585680751173709 0.07746478873239436 0.14906103286384975 
0 0.8576144366197183 0.3711854460093897 0.2662852112676056 0.25410798122065725 
0 0.5840669014084507 0.3949530516431925 0.24471830985915494 0.19131455399061034 
0 0.07108274647887323 0.2476525821596244 0.1307218309859155 0.15492957746478872 
0 0.2904929577464789 0.3130868544600939 0.2720070422535211 0.23767605633802816 
0 0.032570422535211266 0.6772300469483568 0.056338028169014086 0.16901408450704225 
