0 0.6793573943661971 0.5046948356807511 0.04973591549295775 0.14906103286384975 
0 0.1580105633802817 0.49295774647887325 0.06778169014084508 0.19718309859154928 
0 0.2207306338028169 0.494424882629108 0.04621478873239437 0.18838028169014084 
0 0.28036971830985913 0.49295774647887325 0.0625 0.19718309859154928 
0 0.3554137323943662 0.49589201877934275 0.05677816901408451 0.18192488262910797 
0 0.4128521126760563 0.4920774647887324 0.040492957746478875 0.17781690140845072 
0 0.4636883802816901 0.49589201877934275 0.05413732394366197 0.20892018779342722 
0 0.5275088028169014 0.5088028169014085 0.0488556338028169 0.2136150234741784 
0 0.7570422535211268 0.5064553990610329 0.05193661971830986 0.14553990610328638 
0 0.5941901408450704 0.8758802816901409 0.10475352112676056 0.21654929577464788 
0 0.10255281690140845 0.7508802816901409 0.2007042253521127 0.18016431924882628 
0 0.11223591549295775 0.9231220657276995 0.2112676056338028 0.1396713615023474 
0 0.421875 0.8931924882629108 0.1694542253521127 0.20305164319248825 
0 0.08230633802816902 0.49677230046948356 0.05897887323943662 0.1954225352112676 
0 0.7216109154929577 0.8682511737089202 0.12544014084507044 0.198943661971831 
0 0.8926056338028169 0.7546948356807511 0.13732394366197184 0.14906103286384975 
0 0.8628961267605634 0.8961267605633803 0.13424295774647887 0.12441314553990611 
0 0.9722711267605634 0.8893779342723005 0.04401408450704225 0.12030516431924883 
0 0.8932658450704225 0.20246478873239437 0.08670774647887323 0.07629107981220658 
0 0.8175616197183099 0.5184859154929577 0.04621478873239437 0.1426056338028169 
0 0.9738116197183099 0.28374413145539906 0.04973591549295775 0.1789906103286385 
0 0.6047535211267606 0.5026408450704225 0.05193661971830986 0.18955399061032863 
0 0.8626760563380281 0.3048708920187793 0.028169014084507043 0.09213615023474178 
0 0.03609154929577465 0.07834507042253522 0.06778169014084508 0.15082159624413147 
0 0.914612676056338 0.3189553990610329 0.05721830985915493 0.10504694835680752 
0 0.20862676056338028 0.09536384976525822 0.06338028169014084 0.15199530516431925 
0 0.272887323943662 0.10064553990610328 0.03609154929577465 0.1414319248826291 
0 0.3298855633802817 0.09565727699530517 0.0664612676056338 0.14906103286384975 
0 0.4027288732394366 0.10592723004694836 0.06778169014084508 0.15199530516431925 
0 0.12191901408450705 0.08597417840375587 0.08362676056338028 0.14730046948356806 
0 0.5946302816901409 0.1273474178403756 0.07482394366197183 0.13380281690140844 
0 0.6923415492957746 0.13703051643192488 0.07130281690140845 0.1449530516431925 
0 0.765625 0.14289906103286384 0.06205985915492958 0.13556338028169015 
0 0.02750880281690141 0.23767605633802816 0.050616197183098594 0.15023474178403756 
0 0.4823943661971831 0.10915492957746478 0.06866197183098592 0.14906103286384975 
0 0.21941021126760563 0.2505868544600939 0.07790492957746478 0.1431924882629108 
0 0.32548415492957744 0.25528169014084506 0.07526408450704225 0.14906103286384975 
0 0.4007482394366197 0.2634976525821596 0.06998239436619719 0.15375586854460094 
0 0.4727112676056338 0.261443661971831 0.06073943661971831 0.15199530516431925 
0 0.5422535211267606 0.27318075117370894 0.07130281690140845 0.15551643192488263 
0 0.6155369718309859 0.27406103286384975 0.06205985915492958 0.13849765258215962 
0 0.6899207746478874 0.28667840375586856 0.07350352112676056 0.13673708920187794 
0 0.09132922535211267 0.24618544600938966 0.07702464788732394 0.16960093896713616 
0 0.7612235915492958 0.2913732394366197 0.04621478873239437 0.1426056338028169 
0 0.805237676056338 0.2875586854460094 0.030369718309859156 0.13497652582159625 
0 0.6793573943661971 0.5046948356807511 0.04973591549295775 0.14906103286384975 
0 0.1580105633802817 0.49295774647887325 0.06778169014084508 0.19718309859154928 
0 0.2207306338028169 0.494424882629108 0.04621478873239437 0.18838028169014084 
0 0.28036971830985913 0.49295774647887325 0.0625 0.19718309859154928 
0 0.3554137323943662 0.49589201877934275 0.05677816901408451 0.18192488262910797 
0 0.4128521126760563 0.4920774647887324 0.040492957746478875 0.17781690140845072 
0 0.4636883802816901 0.49589201877934275 0.05413732394366197 0.20892018779342722 
0 0.5275088028169014 0.5088028169014085 0.0488556338028169 0.2136150234741784 
0 0.7570422535211268 0.5064553990610329 0.05193661971830986 0.14553990610328638 
0 0.5941901408450704 0.8758802816901409 0.10475352112676056 0.21654929577464788 
0 0.10255281690140845 0.7508802816901409 0.2007042253521127 0.18016431924882628 
0 0.11223591549295775 0.9231220657276995 0.2112676056338028 0.1396713615023474 
0 0.421875 0.8931924882629108 0.1694542253521127 0.20305164319248825 
0 0.08230633802816902 0.49677230046948356 0.05897887323943662 0.1954225352112676 
0 0.7216109154929577 0.8682511737089202 0.12544014084507044 0.198943661971831 
0 0.8926056338028169 0.7546948356807511 0.13732394366197184 0.14906103286384975 
0 0.8628961267605634 0.8961267605633803 0.13424295774647887 0.12441314553990611 
0 0.9722711267605634 0.8893779342723005 0.04401408450704225 0.12030516431924883 
0 0.8932658450704225 0.20246478873239437 0.08670774647887323 0.07629107981220658 
0 0.8175616197183099 0.5184859154929577 0.04621478873239437 0.1426056338028169 
0 0.9738116197183099 0.28374413145539906 0.04973591549295775 0.1789906103286385 
0 0.6047535211267606 0.5026408450704225 0.05193661971830986 0.18955399061032863 
0 0.8626760563380281 0.3048708920187793 0.028169014084507043 0.09213615023474178 
0 0.03609154929577465 0.07834507042253522 0.06778169014084508 0.15082159624413147 
0 0.914612676056338 0.3189553990610329 0.05721830985915493 0.10504694835680752 
0 0.20862676056338028 0.09536384976525822 0.06338028169014084 0.15199530516431925 
0 0.272887323943662 0.10064553990610328 0.03609154929577465 0.1414319248826291 
0 0.3298855633802817 0.09565727699530517 0.0664612676056338 0.14906103286384975 
0 0.4027288732394366 0.10592723004694836 0.06778169014084508 0.15199530516431925 
0 0.12191901408450705 0.08597417840375587 0.08362676056338028 0.14730046948356806 
0 0.5946302816901409 0.1273474178403756 0.07482394366197183 0.13380281690140844 
0 0.6923415492957746 0.13703051643192488 0.07130281690140845 0.1449530516431925 
0 0.765625 0.14289906103286384 0.06205985915492958 0.13556338028169015 
0 0.02750880281690141 0.23767605633802816 0.050616197183098594 0.15023474178403756 
0 0.4823943661971831 0.10915492957746478 0.06866197183098592 0.14906103286384975 
0 0.21941021126760563 0.2505868544600939 0.07790492957746478 0.1431924882629108 
0 0.32548415492957744 0.25528169014084506 0.07526408450704225 0.14906103286384975 
0 0.4007482394366197 0.2634976525821596 0.06998239436619719 0.15375586854460094 
0 0.4727112676056338 0.261443661971831 0.06073943661971831 0.15199530516431925 
0 0.5422535211267606 0.27318075117370894 0.07130281690140845 0.15551643192488263 
0 0.6155369718309859 0.27406103286384975 0.06205985915492958 0.13849765258215962 
0 0.6899207746478874 0.28667840375586856 0.07350352112676056 0.13673708920187794 
0 0.09132922535211267 0.24618544600938966 0.07702464788732394 0.16960093896713616 
0 0.7612235915492958 0.2913732394366197 0.04621478873239437 0.1426056338028169 
0 0.805237676056338 0.2875586854460094 0.030369718309859156 0.13497652582159625 
0 0.6793573943661971 0.5046948356807511 0.04973591549295775 0.14906103286384975 
0 0.1580105633802817 0.49295774647887325 0.06778169014084508 0.19718309859154928 
0 0.2207306338028169 0.494424882629108 0.04621478873239437 0.18838028169014084 
0 0.28036971830985913 0.49295774647887325 0.0625 0.19718309859154928 
0 0.3554137323943662 0.49589201877934275 0.05677816901408451 0.18192488262910797 
0 0.4128521126760563 0.4920774647887324 0.040492957746478875 0.17781690140845072 
0 0.4636883802816901 0.49589201877934275 0.05413732394366197 0.20892018779342722 
0 0.5275088028169014 0.5088028169014085 0.0488556338028169 0.2136150234741784 
0 0.7570422535211268 0.5064553990610329 0.05193661971830986 0.14553990610328638 
0 0.5941901408450704 0.8758802816901409 0.10475352112676056 0.21654929577464788 
0 0.10255281690140845 0.7508802816901409 0.2007042253521127 0.18016431924882628 
0 0.11223591549295775 0.9231220657276995 0.2112676056338028 0.1396713615023474 
0 0.421875 0.8931924882629108 0.1694542253521127 0.20305164319248825 
0 0.08230633802816902 0.49677230046948356 0.05897887323943662 0.1954225352112676 
0 0.7216109154929577 0.8682511737089202 0.12544014084507044 0.198943661971831 
0 0.8926056338028169 0.7546948356807511 0.13732394366197184 0.14906103286384975 
0 0.8628961267605634 0.8961267605633803 0.13424295774647887 0.12441314553990611 
0 0.9722711267605634 0.8893779342723005 0.04401408450704225 0.12030516431924883 
0 0.8932658450704225 0.20246478873239437 0.08670774647887323 0.07629107981220658 
0 0.8175616197183099 0.5184859154929577 0.04621478873239437 0.1426056338028169 
0 0.9738116197183099 0.28374413145539906 0.04973591549295775 0.1789906103286385 
0 0.6047535211267606 0.5026408450704225 0.05193661971830986 0.18955399061032863 
0 0.8626760563380281 0.3048708920187793 0.028169014084507043 0.09213615023474178 
0 0.03609154929577465 0.07834507042253522 0.06778169014084508 0.15082159624413147 
0 0.914612676056338 0.3189553990610329 0.05721830985915493 0.10504694835680752 
0 0.20862676056338028 0.09536384976525822 0.06338028169014084 0.15199530516431925 
0 0.272887323943662 0.10064553990610328 0.03609154929577465 0.1414319248826291 
0 0.3298855633802817 0.09565727699530517 0.0664612676056338 0.14906103286384975 
0 0.4027288732394366 0.10592723004694836 0.06778169014084508 0.15199530516431925 
0 0.12191901408450705 0.08597417840375587 0.08362676056338028 0.14730046948356806 
0 0.5946302816901409 0.1273474178403756 0.07482394366197183 0.13380281690140844 
0 0.6923415492957746 0.13703051643192488 0.07130281690140845 0.1449530516431925 
0 0.765625 0.14289906103286384 0.06205985915492958 0.13556338028169015 
0 0.02750880281690141 0.23767605633802816 0.050616197183098594 0.15023474178403756 
0 0.4823943661971831 0.10915492957746478 0.06866197183098592 0.14906103286384975 
0 0.21941021126760563 0.2505868544600939 0.07790492957746478 0.1431924882629108 
0 0.32548415492957744 0.25528169014084506 0.07526408450704225 0.14906103286384975 
0 0.4007482394366197 0.2634976525821596 0.06998239436619719 0.15375586854460094 
0 0.4727112676056338 0.261443661971831 0.06073943661971831 0.15199530516431925 
0 0.5422535211267606 0.27318075117370894 0.07130281690140845 0.15551643192488263 
0 0.6155369718309859 0.27406103286384975 0.06205985915492958 0.13849765258215962 
0 0.6899207746478874 0.28667840375586856 0.07350352112676056 0.13673708920187794 
0 0.09132922535211267 0.24618544600938966 0.07702464788732394 0.16960093896713616 
0 0.7612235915492958 0.2913732394366197 0.04621478873239437 0.1426056338028169 
0 0.805237676056338 0.2875586854460094 0.030369718309859156 0.13497652582159625 
