0 0.7464788732394366 0.9439553990610329 0.06514084507042253 0.10035211267605634 
0 0.4735915492957746 0.937206572769953 0.06602112676056338 0.1255868544600939 
0 0.6170774647887324 0.7458920187793427 0.0625 0.1572769953051643 
0 0.6850792253521126 0.943368544600939 0.06734154929577464 0.10387323943661972 
0 0.39942781690140844 0.9512910798122066 0.07790492957746478 0.09507042253521127 
0 0.25286091549295775 0.9442488262910798 0.06734154929577464 0.11150234741784038 
0 0.9011883802816901 0.7620305164319249 0.06029929577464789 0.13321596244131456 
0 0.7742077464788732 0.35944835680751175 0.0721830985915493 0.13438967136150234 
0 0.84375 0.3573943661971831 0.06954225352112677 0.1267605633802817 
0 0.616637323943662 0.9421948356807511 0.07922535211267606 0.11326291079812206 
0 0.542693661971831 0.9451291079812206 0.06602112676056338 0.10974178403755869 
0 0.8939260563380281 0.9421948356807511 0.0721830985915493 0.11326291079812206 
0 0.18243838028169015 0.9419014084507042 0.06470070422535211 0.1056338028169014 
0 0.9636883802816901 0.9427816901408451 0.06910211267605634 0.11091549295774648 
0 0.8160211267605634 0.9401408450704225 0.07658450704225352 0.11737089201877934 
0 0.10651408450704225 0.36384976525821594 0.06954225352112677 0.11737089201877934 
0 0.1780369718309859 0.3659037558685446 0.06910211267605634 0.11913145539906103 
0 0.24691901408450703 0.363556338028169 0.061619718309859156 0.12030516431924883 
0 0.3160211267605634 0.3609154929577465 0.07042253521126761 0.12323943661971831 
0 0.39150528169014087 0.35944835680751175 0.07350352112676056 0.13204225352112675 
0 0.9731514084507042 0.5580985915492958 0.0528169014084507 0.10446009389671361 
0 0.8283450704225352 0.7646713615023474 0.07570422535211267 0.13380281690140844 
0 0.32372359154929575 0.9477699530516432 0.0682218309859155 0.09976525821596244 
0 0.11641725352112677 0.9389671361502347 0.06294014084507042 0.11737089201877934 
0 0.8536531690140845 0.5586854460093896 0.06910211267605634 0.1056338028169014 
0 0.38754401408450706 0.15140845070422534 0.07262323943661972 0.0903755868544601 
0 0.5495158450704225 0.7485328638497653 0.0682218309859155 0.14847417840375587 
0 0.9652288732394366 0.7596830985915493 0.06602112676056338 0.1414319248826291 
0 0.6925616197183099 0.7579225352112676 0.06382042253521127 0.12969483568075119 
0 0.7819102112676056 0.5578051643192489 0.06734154929577464 0.11913145539906103 
0 0.7064260563380281 0.5613262910798122 0.07570422535211267 0.1238262910798122 
0 0.6087147887323944 0.13262910798122066 0.08362676056338028 0.12793427230046947 
0 0.47997359154929575 0.5536971830985915 0.0682218309859155 0.11561032863849766 
0 0.24031690140845072 0.7409037558685446 0.07922535211267606 0.15786384976525822 
0 0.5550176056338029 0.5525234741784038 0.08362676056338028 0.1273474178403756 
0 0.5321302816901409 0.14730046948356806 0.07306338028169014 0.10446009389671361 
0 0.7557218309859155 0.7561619718309859 0.05721830985915493 0.13086854460093897 
0 0.5347711267605634 0.3494718309859155 0.07306338028169014 0.14612676056338028 
0 0.4069102112676056 0.5516431924882629 0.08230633802816902 0.11971830985915492 
0 0.6117957746478874 0.3568075117370892 0.07746478873239436 0.12793427230046947 
0 0.1643926056338028 0.7382629107981221 0.0682218309859155 0.16666666666666666 
0 0.9082306338028169 0.36120892018779344 0.05765845070422535 0.12852112676056338 
0 0.9192341549295775 0.5580985915492958 0.05941901408450704 0.10093896713615023 
0 0.24911971830985916 0.5498826291079812 0.0880281690140845 0.1056338028169014 
0 0.46016725352112675 0.1522887323943662 0.0743838028169014 0.09683098591549295 
0 0.460387323943662 0.3626760563380282 0.07482394366197183 0.13380281690140844 
0 0.6960827464788732 0.36120892018779344 0.0743838028169014 0.12852112676056338 
0 0.09837147887323944 0.7341549295774648 0.05941901408450704 0.1596244131455399 
0 0.7464788732394366 0.9439553990610329 0.06514084507042253 0.10035211267605634 
0 0.4735915492957746 0.937206572769953 0.06602112676056338 0.1255868544600939 
0 0.6170774647887324 0.7458920187793427 0.0625 0.1572769953051643 
0 0.6850792253521126 0.943368544600939 0.06734154929577464 0.10387323943661972 
0 0.39942781690140844 0.9512910798122066 0.07790492957746478 0.09507042253521127 
0 0.25286091549295775 0.9442488262910798 0.06734154929577464 0.11150234741784038 
0 0.9011883802816901 0.7620305164319249 0.06029929577464789 0.13321596244131456 
0 0.7742077464788732 0.35944835680751175 0.0721830985915493 0.13438967136150234 
0 0.84375 0.3573943661971831 0.06954225352112677 0.1267605633802817 
0 0.616637323943662 0.9421948356807511 0.07922535211267606 0.11326291079812206 
0 0.542693661971831 0.9451291079812206 0.06602112676056338 0.10974178403755869 
0 0.8939260563380281 0.9421948356807511 0.0721830985915493 0.11326291079812206 
0 0.18243838028169015 0.9419014084507042 0.06470070422535211 0.1056338028169014 
0 0.9636883802816901 0.9427816901408451 0.06910211267605634 0.11091549295774648 
0 0.8160211267605634 0.9401408450704225 0.07658450704225352 0.11737089201877934 
0 0.10651408450704225 0.36384976525821594 0.06954225352112677 0.11737089201877934 
0 0.1780369718309859 0.3659037558685446 0.06910211267605634 0.11913145539906103 
0 0.24691901408450703 0.363556338028169 0.061619718309859156 0.12030516431924883 
0 0.3160211267605634 0.3609154929577465 0.07042253521126761 0.12323943661971831 
0 0.39150528169014087 0.35944835680751175 0.07350352112676056 0.13204225352112675 
0 0.9731514084507042 0.5580985915492958 0.0528169014084507 0.10446009389671361 
0 0.8283450704225352 0.7646713615023474 0.07570422535211267 0.13380281690140844 
0 0.32372359154929575 0.9477699530516432 0.0682218309859155 0.09976525821596244 
0 0.11641725352112677 0.9389671361502347 0.06294014084507042 0.11737089201877934 
0 0.8536531690140845 0.5586854460093896 0.06910211267605634 0.1056338028169014 
0 0.38754401408450706 0.15140845070422534 0.07262323943661972 0.0903755868544601 
0 0.5495158450704225 0.7485328638497653 0.0682218309859155 0.14847417840375587 
0 0.9652288732394366 0.7596830985915493 0.06602112676056338 0.1414319248826291 
0 0.6925616197183099 0.7579225352112676 0.06382042253521127 0.12969483568075119 
0 0.7819102112676056 0.5578051643192489 0.06734154929577464 0.11913145539906103 
0 0.7064260563380281 0.5613262910798122 0.07570422535211267 0.1238262910798122 
0 0.6087147887323944 0.13262910798122066 0.08362676056338028 0.12793427230046947 
0 0.47997359154929575 0.5536971830985915 0.0682218309859155 0.11561032863849766 
0 0.24031690140845072 0.7409037558685446 0.07922535211267606 0.15786384976525822 
0 0.5550176056338029 0.5525234741784038 0.08362676056338028 0.1273474178403756 
0 0.5321302816901409 0.14730046948356806 0.07306338028169014 0.10446009389671361 
0 0.7557218309859155 0.7561619718309859 0.05721830985915493 0.13086854460093897 
0 0.5347711267605634 0.3494718309859155 0.07306338028169014 0.14612676056338028 
0 0.4069102112676056 0.5516431924882629 0.08230633802816902 0.11971830985915492 
0 0.6117957746478874 0.3568075117370892 0.07746478873239436 0.12793427230046947 
0 0.1643926056338028 0.7382629107981221 0.0682218309859155 0.16666666666666666 
0 0.9082306338028169 0.36120892018779344 0.05765845070422535 0.12852112676056338 
0 0.9192341549295775 0.5580985915492958 0.05941901408450704 0.10093896713615023 
0 0.24911971830985916 0.5498826291079812 0.0880281690140845 0.1056338028169014 
0 0.46016725352112675 0.1522887323943662 0.0743838028169014 0.09683098591549295 
0 0.460387323943662 0.3626760563380282 0.07482394366197183 0.13380281690140844 
0 0.6960827464788732 0.36120892018779344 0.0743838028169014 0.12852112676056338 
0 0.09837147887323944 0.7341549295774648 0.05941901408450704 0.1596244131455399 
0 0.7464788732394366 0.9439553990610329 0.06514084507042253 0.10035211267605634 
0 0.4735915492957746 0.937206572769953 0.06602112676056338 0.1255868544600939 
0 0.6170774647887324 0.7458920187793427 0.0625 0.1572769953051643 
0 0.6850792253521126 0.943368544600939 0.06734154929577464 0.10387323943661972 
0 0.39942781690140844 0.9512910798122066 0.07790492957746478 0.09507042253521127 
0 0.25286091549295775 0.9442488262910798 0.06734154929577464 0.11150234741784038 
0 0.9011883802816901 0.7620305164319249 0.06029929577464789 0.13321596244131456 
0 0.7742077464788732 0.35944835680751175 0.0721830985915493 0.13438967136150234 
0 0.84375 0.3573943661971831 0.06954225352112677 0.1267605633802817 
0 0.616637323943662 0.9421948356807511 0.07922535211267606 0.11326291079812206 
0 0.542693661971831 0.9451291079812206 0.06602112676056338 0.10974178403755869 
0 0.8939260563380281 0.9421948356807511 0.0721830985915493 0.11326291079812206 
0 0.18243838028169015 0.9419014084507042 0.06470070422535211 0.1056338028169014 
0 0.9636883802816901 0.9427816901408451 0.06910211267605634 0.11091549295774648 
0 0.8160211267605634 0.9401408450704225 0.07658450704225352 0.11737089201877934 
0 0.10651408450704225 0.36384976525821594 0.06954225352112677 0.11737089201877934 
0 0.1780369718309859 0.3659037558685446 0.06910211267605634 0.11913145539906103 
0 0.24691901408450703 0.363556338028169 0.061619718309859156 0.12030516431924883 
0 0.3160211267605634 0.3609154929577465 0.07042253521126761 0.12323943661971831 
0 0.39150528169014087 0.35944835680751175 0.07350352112676056 0.13204225352112675 
0 0.9731514084507042 0.5580985915492958 0.0528169014084507 0.10446009389671361 
0 0.8283450704225352 0.7646713615023474 0.07570422535211267 0.13380281690140844 
0 0.32372359154929575 0.9477699530516432 0.0682218309859155 0.09976525821596244 
0 0.11641725352112677 0.9389671361502347 0.06294014084507042 0.11737089201877934 
0 0.8536531690140845 0.5586854460093896 0.06910211267605634 0.1056338028169014 
0 0.38754401408450706 0.15140845070422534 0.07262323943661972 0.0903755868544601 
0 0.5495158450704225 0.7485328638497653 0.0682218309859155 0.14847417840375587 
0 0.9652288732394366 0.7596830985915493 0.06602112676056338 0.1414319248826291 
0 0.6925616197183099 0.7579225352112676 0.06382042253521127 0.12969483568075119 
0 0.7819102112676056 0.5578051643192489 0.06734154929577464 0.11913145539906103 
0 0.7064260563380281 0.5613262910798122 0.07570422535211267 0.1238262910798122 
0 0.6087147887323944 0.13262910798122066 0.08362676056338028 0.12793427230046947 
0 0.47997359154929575 0.5536971830985915 0.0682218309859155 0.11561032863849766 
0 0.24031690140845072 0.7409037558685446 0.07922535211267606 0.15786384976525822 
0 0.5550176056338029 0.5525234741784038 0.08362676056338028 0.1273474178403756 
0 0.5321302816901409 0.14730046948356806 0.07306338028169014 0.10446009389671361 
0 0.7557218309859155 0.7561619718309859 0.05721830985915493 0.13086854460093897 
0 0.5347711267605634 0.3494718309859155 0.07306338028169014 0.14612676056338028 
0 0.4069102112676056 0.5516431924882629 0.08230633802816902 0.11971830985915492 
0 0.6117957746478874 0.3568075117370892 0.07746478873239436 0.12793427230046947 
0 0.1643926056338028 0.7382629107981221 0.0682218309859155 0.16666666666666666 
0 0.9082306338028169 0.36120892018779344 0.05765845070422535 0.12852112676056338 
0 0.9192341549295775 0.5580985915492958 0.05941901408450704 0.10093896713615023 
0 0.24911971830985916 0.5498826291079812 0.0880281690140845 0.1056338028169014 
0 0.46016725352112675 0.1522887323943662 0.0743838028169014 0.09683098591549295 
0 0.460387323943662 0.3626760563380282 0.07482394366197183 0.13380281690140844 
0 0.6960827464788732 0.36120892018779344 0.0743838028169014 0.12852112676056338 
0 0.09837147887323944 0.7341549295774648 0.05941901408450704 0.1596244131455399 
