0 0.717649647887324 0.6757629107981221 0.03389084507042254 0.22241784037558684 
0 0.06778169014084508 0.05575117370892019 0.12852112676056338 0.09976525821596244 
0 0.23393485915492956 0.07247652582159625 0.18617957746478872 0.1437793427230047 
0 0.6025528169014085 0.09507042253521127 0.12411971830985916 0.06338028169014084 
0 0.39942781690140844 0.13028169014084506 0.11751760563380281 0.0528169014084507 
0 0.39766725352112675 0.0715962441314554 0.12984154929577466 0.05868544600938967 
0 0.602112676056338 0.1596244131455399 0.13204225352112675 0.0539906103286385 
0 0.41747359154929575 0.33568075117370894 0.1694542253521127 0.29225352112676056 
0 0.22843309859154928 0.3221830985915493 0.19102112676056338 0.31572769953051644 
0 0.06470070422535211 0.2943075117370892 0.11179577464788733 0.34800469483568075 
0 0.029049295774647887 0.6769366197183099 0.05721830985915493 0.18603286384976525 
0 0.930237676056338 0.3550469483568075 0.13424295774647887 0.2887323943661972 
0 0.7709066901408451 0.34683098591549294 0.1580105633802817 0.3086854460093897 
0 0.6043133802816901 0.33949530516431925 0.17253521126760563 0.3022300469483568 
0 0.7629841549295775 0.6886737089201878 0.018045774647887324 0.25410798122065725 
0 0.7418573943661971 0.681631455399061 0.014524647887323943 0.2529342723004695 
0 0.8008362676056338 0.7030516431924883 0.02596830985915493 0.26173708920187794 
0 0.5123239436619719 0.6904342723004695 0.24647887323943662 0.06044600938967136 
0 0.49383802816901406 0.5938967136150235 0.2262323943661972 0.04929577464788732 
0 0.5178257042253521 0.7749413145539906 0.2574823943661972 0.04636150234741784 
0 0.20950704225352113 0.7056924882629108 0.16637323943661972 0.06748826291079812 
0 0.7803697183098591 0.6921948356807511 0.014964788732394365 0.24706572769953053 
0 0.2055457746478873 0.7811032863849765 0.24647887323943662 0.06103286384976526 
0 0.21897007042253522 0.8732394366197183 0.27596830985915494 0.06807511737089202 
0 0.547975352112676 0.8882042253521126 0.2887323943661972 0.040492957746478875 
0 0.9350792253521126 0.7282863849765259 0.12984154929577466 0.2863849765258216 
0 0.8529929577464789 0.7180164319248826 0.03169014084507042 0.2916666666666667 
0 0.8259242957746479 0.7095070422535211 0.02244718309859155 0.284037558685446 
0 0.5400528169014085 0.8309859154929577 0.2790492957746479 0.056338028169014086 
0 0.717649647887324 0.6757629107981221 0.03389084507042254 0.22241784037558684 
0 0.06778169014084508 0.05575117370892019 0.12852112676056338 0.09976525821596244 
0 0.23393485915492956 0.07247652582159625 0.18617957746478872 0.1437793427230047 
0 0.6025528169014085 0.09507042253521127 0.12411971830985916 0.06338028169014084 
0 0.39942781690140844 0.13028169014084506 0.11751760563380281 0.0528169014084507 
0 0.39766725352112675 0.0715962441314554 0.12984154929577466 0.05868544600938967 
0 0.602112676056338 0.1596244131455399 0.13204225352112675 0.0539906103286385 
0 0.41747359154929575 0.33568075117370894 0.1694542253521127 0.29225352112676056 
0 0.22843309859154928 0.3221830985915493 0.19102112676056338 0.31572769953051644 
0 0.06470070422535211 0.2943075117370892 0.11179577464788733 0.34800469483568075 
0 0.029049295774647887 0.6769366197183099 0.05721830985915493 0.18603286384976525 
0 0.930237676056338 0.3550469483568075 0.13424295774647887 0.2887323943661972 
0 0.7709066901408451 0.34683098591549294 0.1580105633802817 0.3086854460093897 
0 0.6043133802816901 0.33949530516431925 0.17253521126760563 0.3022300469483568 
0 0.7629841549295775 0.6886737089201878 0.018045774647887324 0.25410798122065725 
0 0.7418573943661971 0.681631455399061 0.014524647887323943 0.2529342723004695 
0 0.8008362676056338 0.7030516431924883 0.02596830985915493 0.26173708920187794 
0 0.5123239436619719 0.6904342723004695 0.24647887323943662 0.06044600938967136 
0 0.49383802816901406 0.5938967136150235 0.2262323943661972 0.04929577464788732 
0 0.5178257042253521 0.7749413145539906 0.2574823943661972 0.04636150234741784 
0 0.20950704225352113 0.7056924882629108 0.16637323943661972 0.06748826291079812 
0 0.7803697183098591 0.6921948356807511 0.014964788732394365 0.24706572769953053 
0 0.2055457746478873 0.7811032863849765 0.24647887323943662 0.06103286384976526 
0 0.21897007042253522 0.8732394366197183 0.27596830985915494 0.06807511737089202 
0 0.547975352112676 0.8882042253521126 0.2887323943661972 0.040492957746478875 
0 0.9350792253521126 0.7282863849765259 0.12984154929577466 0.2863849765258216 
0 0.8529929577464789 0.7180164319248826 0.03169014084507042 0.2916666666666667 
0 0.8259242957746479 0.7095070422535211 0.02244718309859155 0.284037558685446 
0 0.5400528169014085 0.8309859154929577 0.2790492957746479 0.056338028169014086 
0 0.717649647887324 0.6757629107981221 0.03389084507042254 0.22241784037558684 
0 0.06778169014084508 0.05575117370892019 0.12852112676056338 0.09976525821596244 
0 0.23393485915492956 0.07247652582159625 0.18617957746478872 0.1437793427230047 
0 0.6025528169014085 0.09507042253521127 0.12411971830985916 0.06338028169014084 
0 0.39942781690140844 0.13028169014084506 0.11751760563380281 0.0528169014084507 
0 0.39766725352112675 0.0715962441314554 0.12984154929577466 0.05868544600938967 
0 0.602112676056338 0.1596244131455399 0.13204225352112675 0.0539906103286385 
0 0.41747359154929575 0.33568075117370894 0.1694542253521127 0.29225352112676056 
0 0.22843309859154928 0.3221830985915493 0.19102112676056338 0.31572769953051644 
0 0.06470070422535211 0.2943075117370892 0.11179577464788733 0.34800469483568075 
0 0.029049295774647887 0.6769366197183099 0.05721830985915493 0.18603286384976525 
0 0.930237676056338 0.3550469483568075 0.13424295774647887 0.2887323943661972 
0 0.7709066901408451 0.34683098591549294 0.1580105633802817 0.3086854460093897 
0 0.6043133802816901 0.33949530516431925 0.17253521126760563 0.3022300469483568 
0 0.7629841549295775 0.6886737089201878 0.018045774647887324 0.25410798122065725 
0 0.7418573943661971 0.681631455399061 0.014524647887323943 0.2529342723004695 
0 0.8008362676056338 0.7030516431924883 0.02596830985915493 0.26173708920187794 
0 0.5123239436619719 0.6904342723004695 0.24647887323943662 0.06044600938967136 
0 0.49383802816901406 0.5938967136150235 0.2262323943661972 0.04929577464788732 
0 0.5178257042253521 0.7749413145539906 0.2574823943661972 0.04636150234741784 
0 0.20950704225352113 0.7056924882629108 0.16637323943661972 0.06748826291079812 
0 0.7803697183098591 0.6921948356807511 0.014964788732394365 0.24706572769953053 
0 0.2055457746478873 0.7811032863849765 0.24647887323943662 0.06103286384976526 
0 0.21897007042253522 0.8732394366197183 0.27596830985915494 0.06807511737089202 
0 0.547975352112676 0.8882042253521126 0.2887323943661972 0.040492957746478875 
0 0.9350792253521126 0.7282863849765259 0.12984154929577466 0.2863849765258216 
0 0.8529929577464789 0.7180164319248826 0.03169014084507042 0.2916666666666667 
0 0.8259242957746479 0.7095070422535211 0.02244718309859155 0.284037558685446 
0 0.5400528169014085 0.8309859154929577 0.2790492957746479 0.056338028169014086 
