0 0.589568661971831 0.9052230046948356 0.05413732394366197 0.11561032863849766 
0 0.1956426056338028 0.9069835680751174 0.06910211267605634 0.1073943661971831 
0 0.8774207746478874 0.8949530516431925 0.06382042253521127 0.11971830985915492 
0 0.7678257042253521 0.125 0.07790492957746478 0.1255868544600939 
0 0.813600352112676 0.7174295774647887 0.06382042253521127 0.12617370892018778 
0 0.8195422535211268 0.5184859154929577 0.056338028169014086 0.15669014084507044 
0 0.8441901408450704 0.12089201877934272 0.06338028169014084 0.1255868544600939 
0 0.8794014084507042 0.5240610328638498 0.05897887323943662 0.14553990610328638 
0 0.9529049295774648 0.7127347417840375 0.07570422535211267 0.1238262910798122 
0 0.0957306338028169 0.14994131455399062 0.06734154929577464 0.0897887323943662 
0 0.5277288732394366 0.9066901408450704 0.056338028169014086 0.11737089201877934 
0 0.7768485915492958 0.318075117370892 0.0801056338028169 0.10328638497652583 
0 0.26122359154929575 0.9081572769953051 0.05501760563380282 0.11678403755868545 
0 0.737455985915493 0.9002347417840375 0.050616197183098594 0.1267605633802817 
0 0.3871038732394366 0.9166666666666666 0.06910211267605634 0.10328638497652583 
0 0.3199823943661972 0.9119718309859155 0.058098591549295774 0.10093896713615023 
0 0.9738116197183099 0.32335680751173707 0.05237676056338028 0.10446009389671361 
0 0.971830985915493 0.1238262910798122 0.0528169014084507 0.13380281690140844 
0 0.30391725352112675 0.14055164319248825 0.0682218309859155 0.10269953051643192 
0 0.23371478873239437 0.14583333333333334 0.07042253521126761 0.1073943661971831 
0 0.16263204225352113 0.14583333333333334 0.07350352112676056 0.09800469483568075 
0 0.12147887323943662 0.7194835680751174 0.07042253521126761 0.12206572769953052 
0 0.9806338028169014 0.8984741784037559 0.03873239436619718 0.1068075117370892 
0 0.8034771126760564 0.8981807511737089 0.0682218309859155 0.11326291079812206 
0 0.4608274647887324 0.9110915492957746 0.07130281690140845 0.12030516431924883 
0 0.3789612676056338 0.13380281690140844 0.06866197183098592 0.10446009389671361 
0 0.933318661971831 0.9019953051643192 0.04973591549295775 0.11267605633802817 
0 0.32130281690140844 0.7315140845070423 0.06514084507042253 0.11208920187793427 
0 0.9183538732394366 0.32247652582159625 0.06558098591549295 0.10035211267605634 
0 0.257262323943662 0.7300469483568075 0.06734154929577464 0.10915492957746478 
0 0.13358274647887325 0.9019953051643192 0.050616197183098594 0.10915492957746478 
0 0.9529049295774648 0.516725352112676 0.0801056338028169 0.13673708920187794 
0 0.5508362676056338 0.3198356807511737 0.07174295774647887 0.12323943661971831 
0 0.8494718309859155 0.32247652582159625 0.07130281690140845 0.09096244131455399 
0 0.16637323943661972 0.5325704225352113 0.06602112676056338 0.13791079812206572 
0 0.8774207746478874 0.7171361502347418 0.0682218309859155 0.1267605633802817 
0 0.6892605633802817 0.5220070422535211 0.06602112676056338 0.1414319248826291 
0 0.7535211267605634 0.7144953051643192 0.0625 0.13438967136150234 
0 0.10101232394366197 0.5381455399061033 0.05677816901408451 0.12793427230046947 
0 0.2405369718309859 0.528169014084507 0.08054577464788733 0.14084507042253522 
0 0.47183098591549294 0.7197769953051644 0.06690140845070422 0.13321596244131456 
0 0.5242077464788732 0.1238262910798122 0.07482394366197183 0.142018779342723 
0 0.6089348591549296 0.7221244131455399 0.0682218309859155 0.13086854460093897 
0 0.2475792253521127 0.3210093896713615 0.08230633802816902 0.10915492957746478 
0 0.6782570422535211 0.9011150234741784 0.05897887323943662 0.13673708920187794 
0 0.7535211267605634 0.5184859154929577 0.06690140845070422 0.14847417840375587 
0 0.698943661971831 0.32130281690140844 0.07306338028169014 0.10269953051643192 
0 0.6837588028169014 0.721830985915493 0.06382042253521127 0.1255868544600939 
0 0.5957306338028169 0.1273474178403756 0.07086267605633803 0.1267605633802817 
0 0.9097711267605634 0.12147887323943662 0.06954225352112677 0.1267605633802817 
0 0.3965669014084507 0.7247652582159625 0.08362676056338028 0.12323943661971831 
0 0.6102552816901409 0.5099765258215962 0.06470070422535211 0.16549295774647887 
0 0.5422535211267606 0.715669014084507 0.06514084507042253 0.12969483568075119 
0 0.6903609154929577 0.12265258215962441 0.0840669014084507 0.11502347417840375 
0 0.4777728873239437 0.3192488262910798 0.07262323943661972 0.12089201877934272 
0 0.4480633802816901 0.13321596244131456 0.07042253521126761 0.12089201877934272 
0 0.1894806338028169 0.7232981220657277 0.0664612676056338 0.10622065727699531 
0 0.40316901408450706 0.32365023474178406 0.07922535211267606 0.10974178403755869 
0 0.5444542253521126 0.5158450704225352 0.06954225352112677 0.15610328638497653 
0 0.589568661971831 0.9052230046948356 0.05413732394366197 0.11561032863849766 
0 0.1956426056338028 0.9069835680751174 0.06910211267605634 0.1073943661971831 
0 0.8774207746478874 0.8949530516431925 0.06382042253521127 0.11971830985915492 
0 0.7678257042253521 0.125 0.07790492957746478 0.1255868544600939 
0 0.813600352112676 0.7174295774647887 0.06382042253521127 0.12617370892018778 
0 0.8195422535211268 0.5184859154929577 0.056338028169014086 0.15669014084507044 
0 0.8441901408450704 0.12089201877934272 0.06338028169014084 0.1255868544600939 
0 0.8794014084507042 0.5240610328638498 0.05897887323943662 0.14553990610328638 
0 0.9529049295774648 0.7127347417840375 0.07570422535211267 0.1238262910798122 
0 0.0957306338028169 0.14994131455399062 0.06734154929577464 0.0897887323943662 
0 0.5277288732394366 0.9066901408450704 0.056338028169014086 0.11737089201877934 
0 0.7768485915492958 0.318075117370892 0.0801056338028169 0.10328638497652583 
0 0.26122359154929575 0.9081572769953051 0.05501760563380282 0.11678403755868545 
0 0.737455985915493 0.9002347417840375 0.050616197183098594 0.1267605633802817 
0 0.3871038732394366 0.9166666666666666 0.06910211267605634 0.10328638497652583 
0 0.3199823943661972 0.9119718309859155 0.058098591549295774 0.10093896713615023 
0 0.9738116197183099 0.32335680751173707 0.05237676056338028 0.10446009389671361 
0 0.971830985915493 0.1238262910798122 0.0528169014084507 0.13380281690140844 
0 0.30391725352112675 0.14055164319248825 0.0682218309859155 0.10269953051643192 
0 0.23371478873239437 0.14583333333333334 0.07042253521126761 0.1073943661971831 
0 0.16263204225352113 0.14583333333333334 0.07350352112676056 0.09800469483568075 
0 0.12147887323943662 0.7194835680751174 0.07042253521126761 0.12206572769953052 
0 0.9806338028169014 0.8984741784037559 0.03873239436619718 0.1068075117370892 
0 0.8034771126760564 0.8981807511737089 0.0682218309859155 0.11326291079812206 
0 0.4608274647887324 0.9110915492957746 0.07130281690140845 0.12030516431924883 
0 0.3789612676056338 0.13380281690140844 0.06866197183098592 0.10446009389671361 
0 0.933318661971831 0.9019953051643192 0.04973591549295775 0.11267605633802817 
0 0.32130281690140844 0.7315140845070423 0.06514084507042253 0.11208920187793427 
0 0.9183538732394366 0.32247652582159625 0.06558098591549295 0.10035211267605634 
0 0.257262323943662 0.7300469483568075 0.06734154929577464 0.10915492957746478 
0 0.13358274647887325 0.9019953051643192 0.050616197183098594 0.10915492957746478 
0 0.9529049295774648 0.516725352112676 0.0801056338028169 0.13673708920187794 
0 0.5508362676056338 0.3198356807511737 0.07174295774647887 0.12323943661971831 
0 0.8494718309859155 0.32247652582159625 0.07130281690140845 0.09096244131455399 
0 0.16637323943661972 0.5325704225352113 0.06602112676056338 0.13791079812206572 
0 0.8774207746478874 0.7171361502347418 0.0682218309859155 0.1267605633802817 
0 0.6892605633802817 0.5220070422535211 0.06602112676056338 0.1414319248826291 
0 0.7535211267605634 0.7144953051643192 0.0625 0.13438967136150234 
0 0.10101232394366197 0.5381455399061033 0.05677816901408451 0.12793427230046947 
0 0.2405369718309859 0.528169014084507 0.08054577464788733 0.14084507042253522 
0 0.47183098591549294 0.7197769953051644 0.06690140845070422 0.13321596244131456 
0 0.5242077464788732 0.1238262910798122 0.07482394366197183 0.142018779342723 
0 0.6089348591549296 0.7221244131455399 0.0682218309859155 0.13086854460093897 
0 0.2475792253521127 0.3210093896713615 0.08230633802816902 0.10915492957746478 
0 0.6782570422535211 0.9011150234741784 0.05897887323943662 0.13673708920187794 
0 0.7535211267605634 0.5184859154929577 0.06690140845070422 0.14847417840375587 
0 0.698943661971831 0.32130281690140844 0.07306338028169014 0.10269953051643192 
0 0.6837588028169014 0.721830985915493 0.06382042253521127 0.1255868544600939 
0 0.5957306338028169 0.1273474178403756 0.07086267605633803 0.1267605633802817 
0 0.9097711267605634 0.12147887323943662 0.06954225352112677 0.1267605633802817 
0 0.3965669014084507 0.7247652582159625 0.08362676056338028 0.12323943661971831 
0 0.6102552816901409 0.5099765258215962 0.06470070422535211 0.16549295774647887 
0 0.5422535211267606 0.715669014084507 0.06514084507042253 0.12969483568075119 
0 0.6903609154929577 0.12265258215962441 0.0840669014084507 0.11502347417840375 
0 0.4777728873239437 0.3192488262910798 0.07262323943661972 0.12089201877934272 
0 0.4480633802816901 0.13321596244131456 0.07042253521126761 0.12089201877934272 
0 0.1894806338028169 0.7232981220657277 0.0664612676056338 0.10622065727699531 
0 0.40316901408450706 0.32365023474178406 0.07922535211267606 0.10974178403755869 
0 0.5444542253521126 0.5158450704225352 0.06954225352112677 0.15610328638497653 
0 0.589568661971831 0.9052230046948356 0.05413732394366197 0.11561032863849766 
0 0.1956426056338028 0.9069835680751174 0.06910211267605634 0.1073943661971831 
0 0.8774207746478874 0.8949530516431925 0.06382042253521127 0.11971830985915492 
0 0.7678257042253521 0.125 0.07790492957746478 0.1255868544600939 
0 0.813600352112676 0.7174295774647887 0.06382042253521127 0.12617370892018778 
0 0.8195422535211268 0.5184859154929577 0.056338028169014086 0.15669014084507044 
0 0.8441901408450704 0.12089201877934272 0.06338028169014084 0.1255868544600939 
0 0.8794014084507042 0.5240610328638498 0.05897887323943662 0.14553990610328638 
0 0.9529049295774648 0.7127347417840375 0.07570422535211267 0.1238262910798122 
0 0.0957306338028169 0.14994131455399062 0.06734154929577464 0.0897887323943662 
0 0.5277288732394366 0.9066901408450704 0.056338028169014086 0.11737089201877934 
0 0.7768485915492958 0.318075117370892 0.0801056338028169 0.10328638497652583 
0 0.26122359154929575 0.9081572769953051 0.05501760563380282 0.11678403755868545 
0 0.737455985915493 0.9002347417840375 0.050616197183098594 0.1267605633802817 
0 0.3871038732394366 0.9166666666666666 0.06910211267605634 0.10328638497652583 
0 0.3199823943661972 0.9119718309859155 0.058098591549295774 0.10093896713615023 
0 0.9738116197183099 0.32335680751173707 0.05237676056338028 0.10446009389671361 
0 0.971830985915493 0.1238262910798122 0.0528169014084507 0.13380281690140844 
0 0.30391725352112675 0.14055164319248825 0.0682218309859155 0.10269953051643192 
0 0.23371478873239437 0.14583333333333334 0.07042253521126761 0.1073943661971831 
0 0.16263204225352113 0.14583333333333334 0.07350352112676056 0.09800469483568075 
0 0.12147887323943662 0.7194835680751174 0.07042253521126761 0.12206572769953052 
0 0.9806338028169014 0.8984741784037559 0.03873239436619718 0.1068075117370892 
0 0.8034771126760564 0.8981807511737089 0.0682218309859155 0.11326291079812206 
0 0.4608274647887324 0.9110915492957746 0.07130281690140845 0.12030516431924883 
0 0.3789612676056338 0.13380281690140844 0.06866197183098592 0.10446009389671361 
0 0.933318661971831 0.9019953051643192 0.04973591549295775 0.11267605633802817 
0 0.32130281690140844 0.7315140845070423 0.06514084507042253 0.11208920187793427 
0 0.9183538732394366 0.32247652582159625 0.06558098591549295 0.10035211267605634 
0 0.257262323943662 0.7300469483568075 0.06734154929577464 0.10915492957746478 
0 0.13358274647887325 0.9019953051643192 0.050616197183098594 0.10915492957746478 
0 0.9529049295774648 0.516725352112676 0.0801056338028169 0.13673708920187794 
0 0.5508362676056338 0.3198356807511737 0.07174295774647887 0.12323943661971831 
0 0.8494718309859155 0.32247652582159625 0.07130281690140845 0.09096244131455399 
0 0.16637323943661972 0.5325704225352113 0.06602112676056338 0.13791079812206572 
0 0.8774207746478874 0.7171361502347418 0.0682218309859155 0.1267605633802817 
0 0.6892605633802817 0.5220070422535211 0.06602112676056338 0.1414319248826291 
0 0.7535211267605634 0.7144953051643192 0.0625 0.13438967136150234 
0 0.10101232394366197 0.5381455399061033 0.05677816901408451 0.12793427230046947 
0 0.2405369718309859 0.528169014084507 0.08054577464788733 0.14084507042253522 
0 0.47183098591549294 0.7197769953051644 0.06690140845070422 0.13321596244131456 
0 0.5242077464788732 0.1238262910798122 0.07482394366197183 0.142018779342723 
0 0.6089348591549296 0.7221244131455399 0.0682218309859155 0.13086854460093897 
0 0.2475792253521127 0.3210093896713615 0.08230633802816902 0.10915492957746478 
0 0.6782570422535211 0.9011150234741784 0.05897887323943662 0.13673708920187794 
0 0.7535211267605634 0.5184859154929577 0.06690140845070422 0.14847417840375587 
0 0.698943661971831 0.32130281690140844 0.07306338028169014 0.10269953051643192 
0 0.6837588028169014 0.721830985915493 0.06382042253521127 0.1255868544600939 
0 0.5957306338028169 0.1273474178403756 0.07086267605633803 0.1267605633802817 
0 0.9097711267605634 0.12147887323943662 0.06954225352112677 0.1267605633802817 
0 0.3965669014084507 0.7247652582159625 0.08362676056338028 0.12323943661971831 
0 0.6102552816901409 0.5099765258215962 0.06470070422535211 0.16549295774647887 
0 0.5422535211267606 0.715669014084507 0.06514084507042253 0.12969483568075119 
0 0.6903609154929577 0.12265258215962441 0.0840669014084507 0.11502347417840375 
0 0.4777728873239437 0.3192488262910798 0.07262323943661972 0.12089201877934272 
0 0.4480633802816901 0.13321596244131456 0.07042253521126761 0.12089201877934272 
0 0.1894806338028169 0.7232981220657277 0.0664612676056338 0.10622065727699531 
0 0.40316901408450706 0.32365023474178406 0.07922535211267606 0.10974178403755869 
0 0.5444542253521126 0.5158450704225352 0.06954225352112677 0.15610328638497653 
