0 0.96875 0.3670774647887324 0.051056338028169015 0.11091549295774648 
0 0.7860915492957746 0.13791079812206572 0.06602112676056338 0.16666666666666666 
0 0.7632042253521126 0.5583920187793427 0.06954225352112677 0.11795774647887323 
0 0.9082306338028169 0.36208920187793425 0.06382042253521127 0.1267605633802817 
0 0.9544454225352113 0.5557511737089202 0.05677816901408451 0.11032863849765258 
0 0.3404489436619718 0.3676643192488263 0.06382042253521127 0.11678403755868545 
0 0.1505281690140845 0.5534037558685446 0.058098591549295774 0.11032863849765258 
0 0.5961707746478874 0.715669014084507 0.06734154929577464 0.12030516431924883 
0 0.5455545774647887 0.5495892018779343 0.06734154929577464 0.13321596244131456 
0 0.8428697183098591 0.3544600938967136 0.056338028169014086 0.13028169014084506 
0 0.8952464788732394 0.5484154929577465 0.04753521126760563 0.11678403755868545 
0 0.5026408450704225 0.8726525821596244 0.11795774647887323 0.1056338028169014 
0 0.31338028169014087 0.8700117370892019 0.04929577464788732 0.13204225352112675 
0 0.6808978873239436 0.8779342723004695 0.05369718309859155 0.11619718309859155 
0 0.8769806338028169 0.8882042253521126 0.061179577464788734 0.10387323943661972 
0 0.1956426056338028 0.8609154929577465 0.07174295774647887 0.12323943661971831 
0 0.2616637323943662 0.8632629107981221 0.055897887323943664 0.12441314553990611 
0 0.24097711267605634 0.15639671361502347 0.07966549295774648 0.14847417840375587 
0 0.3672975352112676 0.8661971830985915 0.06294014084507042 0.12441314553990611 
0 0.6203785211267606 0.8741197183098591 0.07174295774647887 0.11443661971830986 
0 0.746919014084507 0.8758802816901409 0.07834507042253522 0.10856807511737089 
0 0.16219190140845072 0.7065727699530516 0.06382042253521127 0.11267605633802817 
0 0.4042693661971831 0.556631455399061 0.07262323943661972 0.10974178403755869 
0 0.4029489436619718 0.7200704225352113 0.05501760563380282 0.09976525821596244 
0 0.9313380281690141 0.14788732394366197 0.08362676056338028 0.1467136150234742 
0 0.9449823943661971 0.8931924882629108 0.056338028169014086 0.1056338028169014 
0 0.8844630281690141 0.7197769953051644 0.07350352112676056 0.09330985915492958 
0 0.27266725352112675 0.36384976525821594 0.07790492957746478 0.12089201877934272 
0 0.34330985915492956 0.7115610328638498 0.05545774647887324 0.10622065727699531 
0 0.8290052816901409 0.5487089201877934 0.07262323943661972 0.13497652582159625 
0 0.33846830985915494 0.5619131455399061 0.056338028169014086 0.10269953051643192 
0 0.16659330985915494 0.15551643192488263 0.0682218309859155 0.15258215962441316 
0 0.7178697183098591 0.14612676056338028 0.07922535211267606 0.1596244131455399 
0 0.5616197183098591 0.3544600938967136 0.06866197183098592 0.142018779342723 
0 0.2772887323943662 0.5557511737089202 0.058098591549295774 0.09976525821596244 
0 0.8034771126760564 0.7188967136150235 0.06470070422535211 0.09154929577464789 
0 0.6294014084507042 0.357981220657277 0.0721830985915493 0.1431924882629108 
0 0.285431338028169 0.7071596244131455 0.06382042253521127 0.10915492957746478 
0 0.8547535211267606 0.15023474178403756 0.07570422535211267 0.14553990610328638 
0 0.6956426056338029 0.5440140845070423 0.06558098591549295 0.13849765258215962 
0 0.6377640845070423 0.13937793427230047 0.0721830985915493 0.16725352112676056 
0 0.0977112676056338 0.16960093896713616 0.06690140845070422 0.14553990610328638 
0 0.7810299295774648 0.35475352112676056 0.058538732394366196 0.13204225352112675 
0 0.7064260563380281 0.35269953051643194 0.06338028169014084 0.13262910798122066 
0 0.20246478873239437 0.36619718309859156 0.06778169014084508 0.13380281690140844 
0 0.613556338028169 0.545774647887324 0.05017605633802817 0.10915492957746478 
0 0.491637323943662 0.3485915492957746 0.07394366197183098 0.1619718309859155 
0 0.9553257042253521 0.7180164319248826 0.06998239436619719 0.09565727699530517 
0 0.4159330985915493 0.37177230046948356 0.06690140845070422 0.11561032863849766 
0 0.4669894366197183 0.7139084507042254 0.06866197183098592 0.11678403755868545 
0 0.6727552816901409 0.7147887323943662 0.07086267605633803 0.11502347417840375 
0 0.530149647887324 0.7153755868544601 0.06294014084507042 0.12206572769953052 
0 0.1382042253521127 0.3617957746478873 0.06514084507042253 0.13086854460093897 
0 0.5638204225352113 0.14553990610328638 0.07922535211267606 0.14788732394366197 
0 0.47557218309859156 0.5498826291079812 0.0682218309859155 0.12323943661971831 
0 0.21214788732394366 0.5495892018779343 0.06073943661971831 0.11795774647887323 
0 0.7405369718309859 0.7150821596244131 0.061179577464788734 0.1073943661971831 
0 0.22711267605633803 0.7062793427230047 0.05897887323943662 0.10974178403755869 
0 0.96875 0.3670774647887324 0.051056338028169015 0.11091549295774648 
0 0.7860915492957746 0.13791079812206572 0.06602112676056338 0.16666666666666666 
0 0.7632042253521126 0.5583920187793427 0.06954225352112677 0.11795774647887323 
0 0.9082306338028169 0.36208920187793425 0.06382042253521127 0.1267605633802817 
0 0.9544454225352113 0.5557511737089202 0.05677816901408451 0.11032863849765258 
0 0.3404489436619718 0.3676643192488263 0.06382042253521127 0.11678403755868545 
0 0.1505281690140845 0.5534037558685446 0.058098591549295774 0.11032863849765258 
0 0.5961707746478874 0.715669014084507 0.06734154929577464 0.12030516431924883 
0 0.5455545774647887 0.5495892018779343 0.06734154929577464 0.13321596244131456 
0 0.8428697183098591 0.3544600938967136 0.056338028169014086 0.13028169014084506 
0 0.8952464788732394 0.5484154929577465 0.04753521126760563 0.11678403755868545 
0 0.5026408450704225 0.8726525821596244 0.11795774647887323 0.1056338028169014 
0 0.31338028169014087 0.8700117370892019 0.04929577464788732 0.13204225352112675 
0 0.6808978873239436 0.8779342723004695 0.05369718309859155 0.11619718309859155 
0 0.8769806338028169 0.8882042253521126 0.061179577464788734 0.10387323943661972 
0 0.1956426056338028 0.8609154929577465 0.07174295774647887 0.12323943661971831 
0 0.2616637323943662 0.8632629107981221 0.055897887323943664 0.12441314553990611 
0 0.24097711267605634 0.15639671361502347 0.07966549295774648 0.14847417840375587 
0 0.3672975352112676 0.8661971830985915 0.06294014084507042 0.12441314553990611 
0 0.6203785211267606 0.8741197183098591 0.07174295774647887 0.11443661971830986 
0 0.746919014084507 0.8758802816901409 0.07834507042253522 0.10856807511737089 
0 0.16219190140845072 0.7065727699530516 0.06382042253521127 0.11267605633802817 
0 0.4042693661971831 0.556631455399061 0.07262323943661972 0.10974178403755869 
0 0.4029489436619718 0.7200704225352113 0.05501760563380282 0.09976525821596244 
0 0.9313380281690141 0.14788732394366197 0.08362676056338028 0.1467136150234742 
0 0.9449823943661971 0.8931924882629108 0.056338028169014086 0.1056338028169014 
0 0.8844630281690141 0.7197769953051644 0.07350352112676056 0.09330985915492958 
0 0.27266725352112675 0.36384976525821594 0.07790492957746478 0.12089201877934272 
0 0.34330985915492956 0.7115610328638498 0.05545774647887324 0.10622065727699531 
0 0.8290052816901409 0.5487089201877934 0.07262323943661972 0.13497652582159625 
0 0.33846830985915494 0.5619131455399061 0.056338028169014086 0.10269953051643192 
0 0.16659330985915494 0.15551643192488263 0.0682218309859155 0.15258215962441316 
0 0.7178697183098591 0.14612676056338028 0.07922535211267606 0.1596244131455399 
0 0.5616197183098591 0.3544600938967136 0.06866197183098592 0.142018779342723 
0 0.2772887323943662 0.5557511737089202 0.058098591549295774 0.09976525821596244 
0 0.8034771126760564 0.7188967136150235 0.06470070422535211 0.09154929577464789 
0 0.6294014084507042 0.357981220657277 0.0721830985915493 0.1431924882629108 
0 0.285431338028169 0.7071596244131455 0.06382042253521127 0.10915492957746478 
0 0.8547535211267606 0.15023474178403756 0.07570422535211267 0.14553990610328638 
0 0.6956426056338029 0.5440140845070423 0.06558098591549295 0.13849765258215962 
0 0.6377640845070423 0.13937793427230047 0.0721830985915493 0.16725352112676056 
0 0.0977112676056338 0.16960093896713616 0.06690140845070422 0.14553990610328638 
0 0.7810299295774648 0.35475352112676056 0.058538732394366196 0.13204225352112675 
0 0.7064260563380281 0.35269953051643194 0.06338028169014084 0.13262910798122066 
0 0.20246478873239437 0.36619718309859156 0.06778169014084508 0.13380281690140844 
0 0.613556338028169 0.545774647887324 0.05017605633802817 0.10915492957746478 
0 0.491637323943662 0.3485915492957746 0.07394366197183098 0.1619718309859155 
0 0.9553257042253521 0.7180164319248826 0.06998239436619719 0.09565727699530517 
0 0.4159330985915493 0.37177230046948356 0.06690140845070422 0.11561032863849766 
0 0.4669894366197183 0.7139084507042254 0.06866197183098592 0.11678403755868545 
0 0.6727552816901409 0.7147887323943662 0.07086267605633803 0.11502347417840375 
0 0.530149647887324 0.7153755868544601 0.06294014084507042 0.12206572769953052 
0 0.1382042253521127 0.3617957746478873 0.06514084507042253 0.13086854460093897 
0 0.5638204225352113 0.14553990610328638 0.07922535211267606 0.14788732394366197 
0 0.47557218309859156 0.5498826291079812 0.0682218309859155 0.12323943661971831 
0 0.21214788732394366 0.5495892018779343 0.06073943661971831 0.11795774647887323 
0 0.7405369718309859 0.7150821596244131 0.061179577464788734 0.1073943661971831 
0 0.22711267605633803 0.7062793427230047 0.05897887323943662 0.10974178403755869 
0 0.96875 0.3670774647887324 0.051056338028169015 0.11091549295774648 
0 0.7860915492957746 0.13791079812206572 0.06602112676056338 0.16666666666666666 
0 0.7632042253521126 0.5583920187793427 0.06954225352112677 0.11795774647887323 
0 0.9082306338028169 0.36208920187793425 0.06382042253521127 0.1267605633802817 
0 0.9544454225352113 0.5557511737089202 0.05677816901408451 0.11032863849765258 
0 0.3404489436619718 0.3676643192488263 0.06382042253521127 0.11678403755868545 
0 0.1505281690140845 0.5534037558685446 0.058098591549295774 0.11032863849765258 
0 0.5961707746478874 0.715669014084507 0.06734154929577464 0.12030516431924883 
0 0.5455545774647887 0.5495892018779343 0.06734154929577464 0.13321596244131456 
0 0.8428697183098591 0.3544600938967136 0.056338028169014086 0.13028169014084506 
0 0.8952464788732394 0.5484154929577465 0.04753521126760563 0.11678403755868545 
0 0.5026408450704225 0.8726525821596244 0.11795774647887323 0.1056338028169014 
0 0.31338028169014087 0.8700117370892019 0.04929577464788732 0.13204225352112675 
0 0.6808978873239436 0.8779342723004695 0.05369718309859155 0.11619718309859155 
0 0.8769806338028169 0.8882042253521126 0.061179577464788734 0.10387323943661972 
0 0.1956426056338028 0.8609154929577465 0.07174295774647887 0.12323943661971831 
0 0.2616637323943662 0.8632629107981221 0.055897887323943664 0.12441314553990611 
0 0.24097711267605634 0.15639671361502347 0.07966549295774648 0.14847417840375587 
0 0.3672975352112676 0.8661971830985915 0.06294014084507042 0.12441314553990611 
0 0.6203785211267606 0.8741197183098591 0.07174295774647887 0.11443661971830986 
0 0.746919014084507 0.8758802816901409 0.07834507042253522 0.10856807511737089 
0 0.16219190140845072 0.7065727699530516 0.06382042253521127 0.11267605633802817 
0 0.4042693661971831 0.556631455399061 0.07262323943661972 0.10974178403755869 
0 0.4029489436619718 0.7200704225352113 0.05501760563380282 0.09976525821596244 
0 0.9313380281690141 0.14788732394366197 0.08362676056338028 0.1467136150234742 
0 0.9449823943661971 0.8931924882629108 0.056338028169014086 0.1056338028169014 
0 0.8844630281690141 0.7197769953051644 0.07350352112676056 0.09330985915492958 
0 0.27266725352112675 0.36384976525821594 0.07790492957746478 0.12089201877934272 
0 0.34330985915492956 0.7115610328638498 0.05545774647887324 0.10622065727699531 
0 0.8290052816901409 0.5487089201877934 0.07262323943661972 0.13497652582159625 
0 0.33846830985915494 0.5619131455399061 0.056338028169014086 0.10269953051643192 
0 0.16659330985915494 0.15551643192488263 0.0682218309859155 0.15258215962441316 
0 0.7178697183098591 0.14612676056338028 0.07922535211267606 0.1596244131455399 
0 0.5616197183098591 0.3544600938967136 0.06866197183098592 0.142018779342723 
0 0.2772887323943662 0.5557511737089202 0.058098591549295774 0.09976525821596244 
0 0.8034771126760564 0.7188967136150235 0.06470070422535211 0.09154929577464789 
0 0.6294014084507042 0.357981220657277 0.0721830985915493 0.1431924882629108 
0 0.285431338028169 0.7071596244131455 0.06382042253521127 0.10915492957746478 
0 0.8547535211267606 0.15023474178403756 0.07570422535211267 0.14553990610328638 
0 0.6956426056338029 0.5440140845070423 0.06558098591549295 0.13849765258215962 
0 0.6377640845070423 0.13937793427230047 0.0721830985915493 0.16725352112676056 
0 0.0977112676056338 0.16960093896713616 0.06690140845070422 0.14553990610328638 
0 0.7810299295774648 0.35475352112676056 0.058538732394366196 0.13204225352112675 
0 0.7064260563380281 0.35269953051643194 0.06338028169014084 0.13262910798122066 
0 0.20246478873239437 0.36619718309859156 0.06778169014084508 0.13380281690140844 
0 0.613556338028169 0.545774647887324 0.05017605633802817 0.10915492957746478 
0 0.491637323943662 0.3485915492957746 0.07394366197183098 0.1619718309859155 
0 0.9553257042253521 0.7180164319248826 0.06998239436619719 0.09565727699530517 
0 0.4159330985915493 0.37177230046948356 0.06690140845070422 0.11561032863849766 
0 0.4669894366197183 0.7139084507042254 0.06866197183098592 0.11678403755868545 
0 0.6727552816901409 0.7147887323943662 0.07086267605633803 0.11502347417840375 
0 0.530149647887324 0.7153755868544601 0.06294014084507042 0.12206572769953052 
0 0.1382042253521127 0.3617957746478873 0.06514084507042253 0.13086854460093897 
0 0.5638204225352113 0.14553990610328638 0.07922535211267606 0.14788732394366197 
0 0.47557218309859156 0.5498826291079812 0.0682218309859155 0.12323943661971831 
0 0.21214788732394366 0.5495892018779343 0.06073943661971831 0.11795774647887323 
0 0.7405369718309859 0.7150821596244131 0.061179577464788734 0.1073943661971831 
0 0.22711267605633803 0.7062793427230047 0.05897887323943662 0.10974178403755869 
