0 0.5873679577464789 0.27875586854460094 0.04709507042253521 0.17370892018779344 
0 0.5376320422535211 0.2772887323943662 0.04533450704225352 0.1766431924882629 
0 0.8006161971830986 0.5290492957746479 0.037852112676056336 0.0721830985915493 
0 0.48129401408450706 0.528462441314554 0.03829225352112676 0.06631455399061033 
0 0.6877200704225352 0.2743544600938967 0.0488556338028169 0.18251173708920188 
0 0.8816021126760564 0.8110328638497653 0.04401408450704225 0.06807511737089202 
0 0.6659330985915493 0.6050469483568075 0.040492957746478875 0.05868544600938967 
0 0.30985915492957744 0.5308098591549296 0.037852112676056336 0.05927230046948357 
0 0.28235035211267606 0.2887323943661972 0.04973591549295775 0.16666666666666666 
0 0.2244718309859155 0.5319835680751174 0.03697183098591549 0.06044600938967136 
0 0.34749119718309857 0.47183098591549294 0.035651408450704226 0.07042253521126761 
0 0.13754401408450703 0.6115023474178404 0.04005281690140845 0.06103286384976526 
0 0.4372799295774648 0.28374413145539906 0.047975352112676055 0.16607981220657278 
0 0.3382482394366197 0.28550469483568075 0.04621478873239437 0.16960093896713616 
0 0.18419894366197184 0.6129694835680751 0.03653169014084507 0.06279342723004695 
0 0.3514524647887324 0.5407863849765259 0.035651408450704226 0.0721830985915493 
0 0.1795774647887324 0.539612676056338 0.035211267605633804 0.0721830985915493 
0 0.08670774647887323 0.30134976525821594 0.0448943661971831 0.1602112676056338 
0 0.18309859154929578 0.29401408450704225 0.043133802816901406 0.15610328638497653 
0 0.48811619718309857 0.28374413145539906 0.051056338028169015 0.17781690140845072 
0 0.23173415492957747 0.29019953051643194 0.04533450704225352 0.1637323943661972 
0 0.6377640845070423 0.2767018779342723 0.05017605633802817 0.17781690140845072 
0 0.13204225352112675 0.30252347417840375 0.045774647887323945 0.1637323943661972 
0 0.3899647887323944 0.2819835680751174 0.03961267605633803 0.1742957746478873 
0 0.0996919014084507 0.6115023474178404 0.03389084507042254 0.06572769953051644 
0 0.5283890845070423 0.5346244131455399 0.04357394366197183 0.06924882629107981 
0 0.7152288732394366 0.5278755868544601 0.03873239436619718 0.06279342723004695 
0 0.7946742957746479 0.8177816901408451 0.03653169014084507 0.056924882629107984 
0 0.35255281690140844 0.7429577464788732 0.04841549295774648 0.0715962441314554 
0 0.30721830985915494 0.7429577464788732 0.03961267605633803 0.06572769953051644 
0 0.26452464788732394 0.7379694835680751 0.03961267605633803 0.06748826291079812 
0 0.22095070422535212 0.7291666666666666 0.03609154929577465 0.06748826291079812 
0 0.18617957746478872 0.8022300469483568 0.03961267605633803 0.06455399061032864 
0 0.14326584507042253 0.7972417840375586 0.050616197183098594 0.06866197183098592 
0 0.05215669014084507 0.6103286384976526 0.04621478873239437 0.0528169014084507 
0 0.26672535211267606 0.6073943661971831 0.04401408450704225 0.05868544600938967 
0 0.3529929577464789 0.607981220657277 0.043133802816901406 0.05985915492957746 
0 0.39590669014084506 0.7438380281690141 0.0409330985915493 0.06748826291079812 
0 0.4355193661971831 0.6050469483568075 0.04533450704225352 0.06924882629107981 
0 0.6210387323943662 0.534037558685446 0.04401408450704225 0.05868544600938967 
0 0.5741637323943662 0.5331572769953051 0.04709507042253521 0.06044600938967136 
0 0.43661971830985913 0.5390258215962441 0.0448943661971831 0.06044600938967136 
0 0.8481514084507042 0.45598591549295775 0.0448943661971831 0.07042253521126761 
0 0.8025968309859155 0.45980046948356806 0.04181338028169014 0.08392018779342723 
0 0.7139084507042254 0.4583333333333333 0.04753521126760563 0.08685446009389672 
0 0.6626320422535211 0.45598591549295775 0.04621478873239437 0.07629107981220658 
0 0.6175176056338029 0.46068075117370894 0.04841549295774648 0.07629107981220658 
0 0.5746038732394366 0.4618544600938967 0.04621478873239437 0.08215962441314555 
0 0.6210387323943662 0.607981220657277 0.04841549295774648 0.06338028169014084 
0 0.5691021126760564 0.4119718309859155 0.0 0.0 
0 0.4377200704225352 0.744424882629108 0.05149647887323944 0.06279342723004695 
0 0.5279489436619719 0.744424882629108 0.042693661971830985 0.06631455399061033 
0 0.022887323943661973 0.7875586854460094 0.0448943661971831 0.2136150234741784 
0 0.754181338028169 0.8823356807511737 0.037411971830985914 0.06279342723004695 
0 0.7068661971830986 0.8838028169014085 0.04401408450704225 0.05985915492957746 
0 0.6621919014084507 0.8843896713615024 0.03829225352112676 0.05868544600938967 
0 0.6137764084507042 0.8882042253521126 0.04533450704225352 0.06044600938967136 
0 0.2654049295774648 0.8785211267605634 0.05721830985915493 0.05868544600938967 
0 0.1813380281690141 0.8700117370892019 0.0448943661971831 0.05575117370892019 
0 0.21985035211267606 0.8104460093896714 0.042693661971830985 0.0539906103286385 
0 0.26276408450704225 0.8133802816901409 0.04929577464788732 0.0539906103286385 
0 0.48393485915492956 0.7429577464788732 0.04709507042253521 0.05985915492957746 
0 0.308318661971831 0.8119131455399061 0.037411971830985914 0.04518779342723005 
0 0.3529929577464789 0.8169014084507042 0.04753521126760563 0.0528169014084507 
0 0.6615316901408451 0.8154342723004695 0.035211267605633804 0.04988262910798122 
0 0.7029049295774648 0.8139671361502347 0.040492957746478875 0.0528169014084507 
0 0.7935739436619719 0.7341549295774648 0.04401408450704225 0.08098591549295775 
0 0.745818661971831 0.7423708920187794 0.04709507042253521 0.07042253521126761 
0 0.7018045774647887 0.7532276995305164 0.05413732394366197 0.06631455399061033 
0 0.660431338028169 0.7511737089201878 0.05501760563380282 0.07629107981220658 
0 0.610475352112676 0.7494131455399061 0.04929577464788732 0.08215962441314555 
0 0.5675616197183099 0.7414906103286385 0.04973591549295775 0.07453051643192488 
0 0.28741197183098594 0.7816901408450704 0.0 0.0 
0 0.6672535211267606 0.5264084507042254 0.04225352112676056 0.06572769953051644 
0 0.5290492957746479 0.460387323943662 0.040492957746478875 0.06748826291079812 
0 0.4821742957746479 0.4642018779342723 0.04181338028169014 0.06572769953051644 
0 0.7585827464788732 0.4624413145539906 0.04445422535211268 0.06338028169014084 
0 0.8028169014084507 0.6026995305164319 0.03697183098591549 0.05516431924882629 
0 0.7574823943661971 0.5290492957746479 0.0448943661971831 0.058098591549295774 
0 0.8382482394366197 0.732981220657277 0.03301056338028169 0.06807511737089202 
0 0.758362676056338 0.6006455399061033 0.04665492957746479 0.05927230046948357 
0 0.7409771126760564 0.2746478873239437 0.05677816901408451 0.1795774647887324 
0 0.5748239436619719 0.6003521126760564 0.03873239436619718 0.056338028169014086 
0 0.22205105633802816 0.6085680751173709 0.03829225352112676 0.056338028169014086 
0 0.39150528169014087 0.5443075117370892 0.05149647887323944 0.06748826291079812 
0 0.5721830985915493 0.886150234741784 0.04137323943661972 0.05985915492957746 
0 0.3981073943661972 0.6068075117370892 0.04005281690140845 0.0539906103286385 
0 0.484375 0.6068075117370892 0.03829225352112676 0.056338028169014086 
0 0.3109595070422535 0.6094483568075117 0.037411971830985914 0.04988262910798122 
0 0.7147887323943662 0.6041666666666666 0.03609154929577465 0.05457746478873239 
0 0.394806338028169 0.8201291079812206 0.03873239436619718 0.061619718309859156 
0 0.5314700704225352 0.6065140845070423 0.037411971830985914 0.0534037558685446 
0 0.26826584507042256 0.5325704225352113 0.03301056338028169 0.058098591549295774 
0 0.05237676056338028 0.5346244131455399 0.045774647887323945 0.06103286384976526 
0 0.1366637323943662 0.5428403755868545 0.035651408450704226 0.05985915492957746 
0 0.6223591549295775 0.8213028169014085 0.03873239436619718 0.05927230046948357 
0 0.3899647887323944 0.4668427230046948 0.051056338028169015 0.07687793427230047 
0 0.4392605633802817 0.4642018779342723 0.04841549295774648 0.0715962441314554 
0 0.488556338028169 0.8811619718309859 0.037852112676056336 0.06044600938967136 
0 0.3206426056338028 0.8726525821596244 0.037411971830985914 0.06690140845070422 
0 0.3045774647887324 0.46625586854460094 0.040492957746478875 0.08509389671361503 
0 0.2616637323943662 0.46566901408450706 0.04533450704225352 0.06866197183098592 
0 0.042913732394366196 0.4688967136150235 0.04973591549295775 0.08098591549295775 
0 0.17517605633802816 0.4665492957746479 0.04401408450704225 0.07629107981220658 
0 0.12808098591549297 0.4642018779342723 0.04401408450704225 0.07746478873239436 
0 0.21324823943661972 0.46449530516431925 0.037411971830985914 0.07922535211267606 
0 0.04379401408450704 0.47007042253521125 0.04973591549295775 0.08098591549295775 
0 0.04203345070422535 0.295481220657277 0.050616197183098594 0.15669014084507044 
0 0.7964348591549296 0.880868544600939 0.04357394366197183 0.06455399061032864 
0 0.4423415492957746 0.8796948356807511 0.03609154929577465 0.062206572769953054 
0 0.8360475352112676 0.8042840375586855 0.0409330985915493 0.06044600938967136 
0 0.44190140845070425 0.812206572769953 0.03873239436619718 0.062206572769953054 
0 0.5255281690140845 0.8791079812206573 0.035211267605633804 0.056338028169014086 
0 0.746919014084507 0.8051643192488263 0.03873239436619718 0.062206572769953054 
0 0.5715228873239436 0.8039906103286385 0.04005281690140845 0.06690140845070422 
0 0.22403169014084506 0.8723591549295775 0.035211267605633804 0.05927230046948357 
0 0.5277288732394366 0.8063380281690141 0.037852112676056336 0.057511737089201875 
0 0.4845950704225352 0.8098591549295775 0.037852112676056336 0.05985915492957746 
0 0.35629401408450706 0.8794014084507042 0.03829225352112676 0.06396713615023474 
0 0.14194542253521128 0.8664906103286385 0.0409330985915493 0.058098591549295774 
0 0.40713028169014087 0.8846830985915493 0.03697183098591549 0.052230046948356805 
0 0.09529049295774648 0.5443075117370892 0.035651408450704226 0.056924882629107984 
0 0.5873679577464789 0.27875586854460094 0.04709507042253521 0.17370892018779344 
0 0.5376320422535211 0.2772887323943662 0.04533450704225352 0.1766431924882629 
0 0.8006161971830986 0.5290492957746479 0.037852112676056336 0.0721830985915493 
0 0.48129401408450706 0.528462441314554 0.03829225352112676 0.06631455399061033 
0 0.6877200704225352 0.2743544600938967 0.0488556338028169 0.18251173708920188 
0 0.8816021126760564 0.8110328638497653 0.04401408450704225 0.06807511737089202 
0 0.6659330985915493 0.6050469483568075 0.040492957746478875 0.05868544600938967 
0 0.30985915492957744 0.5308098591549296 0.037852112676056336 0.05927230046948357 
0 0.28235035211267606 0.2887323943661972 0.04973591549295775 0.16666666666666666 
0 0.2244718309859155 0.5319835680751174 0.03697183098591549 0.06044600938967136 
0 0.34749119718309857 0.47183098591549294 0.035651408450704226 0.07042253521126761 
0 0.13754401408450703 0.6115023474178404 0.04005281690140845 0.06103286384976526 
0 0.4372799295774648 0.28374413145539906 0.047975352112676055 0.16607981220657278 
0 0.3382482394366197 0.28550469483568075 0.04621478873239437 0.16960093896713616 
0 0.18419894366197184 0.6129694835680751 0.03653169014084507 0.06279342723004695 
0 0.3514524647887324 0.5407863849765259 0.035651408450704226 0.0721830985915493 
0 0.1795774647887324 0.539612676056338 0.035211267605633804 0.0721830985915493 
0 0.08670774647887323 0.30134976525821594 0.0448943661971831 0.1602112676056338 
0 0.18309859154929578 0.29401408450704225 0.043133802816901406 0.15610328638497653 
0 0.48811619718309857 0.28374413145539906 0.051056338028169015 0.17781690140845072 
0 0.23173415492957747 0.29019953051643194 0.04533450704225352 0.1637323943661972 
0 0.6377640845070423 0.2767018779342723 0.05017605633802817 0.17781690140845072 
0 0.13204225352112675 0.30252347417840375 0.045774647887323945 0.1637323943661972 
0 0.3899647887323944 0.2819835680751174 0.03961267605633803 0.1742957746478873 
0 0.0996919014084507 0.6115023474178404 0.03389084507042254 0.06572769953051644 
0 0.5283890845070423 0.5346244131455399 0.04357394366197183 0.06924882629107981 
0 0.7152288732394366 0.5278755868544601 0.03873239436619718 0.06279342723004695 
0 0.7946742957746479 0.8177816901408451 0.03653169014084507 0.056924882629107984 
0 0.35255281690140844 0.7429577464788732 0.04841549295774648 0.0715962441314554 
0 0.30721830985915494 0.7429577464788732 0.03961267605633803 0.06572769953051644 
0 0.26452464788732394 0.7379694835680751 0.03961267605633803 0.06748826291079812 
0 0.22095070422535212 0.7291666666666666 0.03609154929577465 0.06748826291079812 
0 0.18617957746478872 0.8022300469483568 0.03961267605633803 0.06455399061032864 
0 0.14326584507042253 0.7972417840375586 0.050616197183098594 0.06866197183098592 
0 0.05215669014084507 0.6103286384976526 0.04621478873239437 0.0528169014084507 
0 0.26672535211267606 0.6073943661971831 0.04401408450704225 0.05868544600938967 
0 0.3529929577464789 0.607981220657277 0.043133802816901406 0.05985915492957746 
0 0.39590669014084506 0.7438380281690141 0.0409330985915493 0.06748826291079812 
0 0.4355193661971831 0.6050469483568075 0.04533450704225352 0.06924882629107981 
0 0.6210387323943662 0.534037558685446 0.04401408450704225 0.05868544600938967 
0 0.5741637323943662 0.5331572769953051 0.04709507042253521 0.06044600938967136 
0 0.43661971830985913 0.5390258215962441 0.0448943661971831 0.06044600938967136 
0 0.8481514084507042 0.45598591549295775 0.0448943661971831 0.07042253521126761 
0 0.8025968309859155 0.45980046948356806 0.04181338028169014 0.08392018779342723 
0 0.7139084507042254 0.4583333333333333 0.04753521126760563 0.08685446009389672 
0 0.6626320422535211 0.45598591549295775 0.04621478873239437 0.07629107981220658 
0 0.6175176056338029 0.46068075117370894 0.04841549295774648 0.07629107981220658 
0 0.5746038732394366 0.4618544600938967 0.04621478873239437 0.08215962441314555 
0 0.6210387323943662 0.607981220657277 0.04841549295774648 0.06338028169014084 
0 0.5691021126760564 0.4119718309859155 0.0 0.0 
0 0.4377200704225352 0.744424882629108 0.05149647887323944 0.06279342723004695 
0 0.5279489436619719 0.744424882629108 0.042693661971830985 0.06631455399061033 
0 0.022887323943661973 0.7875586854460094 0.0448943661971831 0.2136150234741784 
0 0.754181338028169 0.8823356807511737 0.037411971830985914 0.06279342723004695 
0 0.7068661971830986 0.8838028169014085 0.04401408450704225 0.05985915492957746 
0 0.6621919014084507 0.8843896713615024 0.03829225352112676 0.05868544600938967 
0 0.6137764084507042 0.8882042253521126 0.04533450704225352 0.06044600938967136 
0 0.2654049295774648 0.8785211267605634 0.05721830985915493 0.05868544600938967 
0 0.1813380281690141 0.8700117370892019 0.0448943661971831 0.05575117370892019 
0 0.21985035211267606 0.8104460093896714 0.042693661971830985 0.0539906103286385 
0 0.26276408450704225 0.8133802816901409 0.04929577464788732 0.0539906103286385 
0 0.48393485915492956 0.7429577464788732 0.04709507042253521 0.05985915492957746 
0 0.308318661971831 0.8119131455399061 0.037411971830985914 0.04518779342723005 
0 0.3529929577464789 0.8169014084507042 0.04753521126760563 0.0528169014084507 
0 0.6615316901408451 0.8154342723004695 0.035211267605633804 0.04988262910798122 
0 0.7029049295774648 0.8139671361502347 0.040492957746478875 0.0528169014084507 
0 0.7935739436619719 0.7341549295774648 0.04401408450704225 0.08098591549295775 
0 0.745818661971831 0.7423708920187794 0.04709507042253521 0.07042253521126761 
0 0.7018045774647887 0.7532276995305164 0.05413732394366197 0.06631455399061033 
0 0.660431338028169 0.7511737089201878 0.05501760563380282 0.07629107981220658 
0 0.610475352112676 0.7494131455399061 0.04929577464788732 0.08215962441314555 
0 0.5675616197183099 0.7414906103286385 0.04973591549295775 0.07453051643192488 
0 0.28741197183098594 0.7816901408450704 0.0 0.0 
0 0.6672535211267606 0.5264084507042254 0.04225352112676056 0.06572769953051644 
0 0.5290492957746479 0.460387323943662 0.040492957746478875 0.06748826291079812 
0 0.4821742957746479 0.4642018779342723 0.04181338028169014 0.06572769953051644 
0 0.7585827464788732 0.4624413145539906 0.04445422535211268 0.06338028169014084 
0 0.8028169014084507 0.6026995305164319 0.03697183098591549 0.05516431924882629 
0 0.7574823943661971 0.5290492957746479 0.0448943661971831 0.058098591549295774 
0 0.8382482394366197 0.732981220657277 0.03301056338028169 0.06807511737089202 
0 0.758362676056338 0.6006455399061033 0.04665492957746479 0.05927230046948357 
0 0.7409771126760564 0.2746478873239437 0.05677816901408451 0.1795774647887324 
0 0.5748239436619719 0.6003521126760564 0.03873239436619718 0.056338028169014086 
0 0.22205105633802816 0.6085680751173709 0.03829225352112676 0.056338028169014086 
0 0.39150528169014087 0.5443075117370892 0.05149647887323944 0.06748826291079812 
0 0.5721830985915493 0.886150234741784 0.04137323943661972 0.05985915492957746 
0 0.3981073943661972 0.6068075117370892 0.04005281690140845 0.0539906103286385 
0 0.484375 0.6068075117370892 0.03829225352112676 0.056338028169014086 
0 0.3109595070422535 0.6094483568075117 0.037411971830985914 0.04988262910798122 
0 0.7147887323943662 0.6041666666666666 0.03609154929577465 0.05457746478873239 
0 0.394806338028169 0.8201291079812206 0.03873239436619718 0.061619718309859156 
0 0.5314700704225352 0.6065140845070423 0.037411971830985914 0.0534037558685446 
0 0.26826584507042256 0.5325704225352113 0.03301056338028169 0.058098591549295774 
0 0.05237676056338028 0.5346244131455399 0.045774647887323945 0.06103286384976526 
0 0.1366637323943662 0.5428403755868545 0.035651408450704226 0.05985915492957746 
0 0.6223591549295775 0.8213028169014085 0.03873239436619718 0.05927230046948357 
0 0.3899647887323944 0.4668427230046948 0.051056338028169015 0.07687793427230047 
0 0.4392605633802817 0.4642018779342723 0.04841549295774648 0.0715962441314554 
0 0.488556338028169 0.8811619718309859 0.037852112676056336 0.06044600938967136 
0 0.3206426056338028 0.8726525821596244 0.037411971830985914 0.06690140845070422 
0 0.3045774647887324 0.46625586854460094 0.040492957746478875 0.08509389671361503 
0 0.2616637323943662 0.46566901408450706 0.04533450704225352 0.06866197183098592 
0 0.042913732394366196 0.4688967136150235 0.04973591549295775 0.08098591549295775 
0 0.17517605633802816 0.4665492957746479 0.04401408450704225 0.07629107981220658 
0 0.12808098591549297 0.4642018779342723 0.04401408450704225 0.07746478873239436 
0 0.21324823943661972 0.46449530516431925 0.037411971830985914 0.07922535211267606 
0 0.04379401408450704 0.47007042253521125 0.04973591549295775 0.08098591549295775 
0 0.04203345070422535 0.295481220657277 0.050616197183098594 0.15669014084507044 
0 0.7964348591549296 0.880868544600939 0.04357394366197183 0.06455399061032864 
0 0.4423415492957746 0.8796948356807511 0.03609154929577465 0.062206572769953054 
0 0.8360475352112676 0.8042840375586855 0.0409330985915493 0.06044600938967136 
0 0.44190140845070425 0.812206572769953 0.03873239436619718 0.062206572769953054 
0 0.5255281690140845 0.8791079812206573 0.035211267605633804 0.056338028169014086 
0 0.746919014084507 0.8051643192488263 0.03873239436619718 0.062206572769953054 
0 0.5715228873239436 0.8039906103286385 0.04005281690140845 0.06690140845070422 
0 0.22403169014084506 0.8723591549295775 0.035211267605633804 0.05927230046948357 
0 0.5277288732394366 0.8063380281690141 0.037852112676056336 0.057511737089201875 
0 0.4845950704225352 0.8098591549295775 0.037852112676056336 0.05985915492957746 
0 0.35629401408450706 0.8794014084507042 0.03829225352112676 0.06396713615023474 
0 0.14194542253521128 0.8664906103286385 0.0409330985915493 0.058098591549295774 
0 0.40713028169014087 0.8846830985915493 0.03697183098591549 0.052230046948356805 
0 0.09529049295774648 0.5443075117370892 0.035651408450704226 0.056924882629107984 
0 0.5873679577464789 0.27875586854460094 0.04709507042253521 0.17370892018779344 
0 0.5376320422535211 0.2772887323943662 0.04533450704225352 0.1766431924882629 
0 0.8006161971830986 0.5290492957746479 0.037852112676056336 0.0721830985915493 
0 0.48129401408450706 0.528462441314554 0.03829225352112676 0.06631455399061033 
0 0.6877200704225352 0.2743544600938967 0.0488556338028169 0.18251173708920188 
0 0.8816021126760564 0.8110328638497653 0.04401408450704225 0.06807511737089202 
0 0.6659330985915493 0.6050469483568075 0.040492957746478875 0.05868544600938967 
0 0.30985915492957744 0.5308098591549296 0.037852112676056336 0.05927230046948357 
0 0.28235035211267606 0.2887323943661972 0.04973591549295775 0.16666666666666666 
0 0.2244718309859155 0.5319835680751174 0.03697183098591549 0.06044600938967136 
0 0.34749119718309857 0.47183098591549294 0.035651408450704226 0.07042253521126761 
0 0.13754401408450703 0.6115023474178404 0.04005281690140845 0.06103286384976526 
0 0.4372799295774648 0.28374413145539906 0.047975352112676055 0.16607981220657278 
0 0.3382482394366197 0.28550469483568075 0.04621478873239437 0.16960093896713616 
0 0.18419894366197184 0.6129694835680751 0.03653169014084507 0.06279342723004695 
0 0.3514524647887324 0.5407863849765259 0.035651408450704226 0.0721830985915493 
0 0.1795774647887324 0.539612676056338 0.035211267605633804 0.0721830985915493 
0 0.08670774647887323 0.30134976525821594 0.0448943661971831 0.1602112676056338 
0 0.18309859154929578 0.29401408450704225 0.043133802816901406 0.15610328638497653 
0 0.48811619718309857 0.28374413145539906 0.051056338028169015 0.17781690140845072 
0 0.23173415492957747 0.29019953051643194 0.04533450704225352 0.1637323943661972 
0 0.6377640845070423 0.2767018779342723 0.05017605633802817 0.17781690140845072 
0 0.13204225352112675 0.30252347417840375 0.045774647887323945 0.1637323943661972 
0 0.3899647887323944 0.2819835680751174 0.03961267605633803 0.1742957746478873 
0 0.0996919014084507 0.6115023474178404 0.03389084507042254 0.06572769953051644 
0 0.5283890845070423 0.5346244131455399 0.04357394366197183 0.06924882629107981 
0 0.7152288732394366 0.5278755868544601 0.03873239436619718 0.06279342723004695 
0 0.7946742957746479 0.8177816901408451 0.03653169014084507 0.056924882629107984 
0 0.35255281690140844 0.7429577464788732 0.04841549295774648 0.0715962441314554 
0 0.30721830985915494 0.7429577464788732 0.03961267605633803 0.06572769953051644 
0 0.26452464788732394 0.7379694835680751 0.03961267605633803 0.06748826291079812 
0 0.22095070422535212 0.7291666666666666 0.03609154929577465 0.06748826291079812 
0 0.18617957746478872 0.8022300469483568 0.03961267605633803 0.06455399061032864 
0 0.14326584507042253 0.7972417840375586 0.050616197183098594 0.06866197183098592 
0 0.05215669014084507 0.6103286384976526 0.04621478873239437 0.0528169014084507 
0 0.26672535211267606 0.6073943661971831 0.04401408450704225 0.05868544600938967 
0 0.3529929577464789 0.607981220657277 0.043133802816901406 0.05985915492957746 
0 0.39590669014084506 0.7438380281690141 0.0409330985915493 0.06748826291079812 
0 0.4355193661971831 0.6050469483568075 0.04533450704225352 0.06924882629107981 
0 0.6210387323943662 0.534037558685446 0.04401408450704225 0.05868544600938967 
0 0.5741637323943662 0.5331572769953051 0.04709507042253521 0.06044600938967136 
0 0.43661971830985913 0.5390258215962441 0.0448943661971831 0.06044600938967136 
0 0.8481514084507042 0.45598591549295775 0.0448943661971831 0.07042253521126761 
0 0.8025968309859155 0.45980046948356806 0.04181338028169014 0.08392018779342723 
0 0.7139084507042254 0.4583333333333333 0.04753521126760563 0.08685446009389672 
0 0.6626320422535211 0.45598591549295775 0.04621478873239437 0.07629107981220658 
0 0.6175176056338029 0.46068075117370894 0.04841549295774648 0.07629107981220658 
0 0.5746038732394366 0.4618544600938967 0.04621478873239437 0.08215962441314555 
0 0.6210387323943662 0.607981220657277 0.04841549295774648 0.06338028169014084 
0 0.5691021126760564 0.4119718309859155 0.0 0.0 
0 0.4377200704225352 0.744424882629108 0.05149647887323944 0.06279342723004695 
0 0.5279489436619719 0.744424882629108 0.042693661971830985 0.06631455399061033 
0 0.022887323943661973 0.7875586854460094 0.0448943661971831 0.2136150234741784 
0 0.754181338028169 0.8823356807511737 0.037411971830985914 0.06279342723004695 
0 0.7068661971830986 0.8838028169014085 0.04401408450704225 0.05985915492957746 
0 0.6621919014084507 0.8843896713615024 0.03829225352112676 0.05868544600938967 
0 0.6137764084507042 0.8882042253521126 0.04533450704225352 0.06044600938967136 
0 0.2654049295774648 0.8785211267605634 0.05721830985915493 0.05868544600938967 
0 0.1813380281690141 0.8700117370892019 0.0448943661971831 0.05575117370892019 
0 0.21985035211267606 0.8104460093896714 0.042693661971830985 0.0539906103286385 
0 0.26276408450704225 0.8133802816901409 0.04929577464788732 0.0539906103286385 
0 0.48393485915492956 0.7429577464788732 0.04709507042253521 0.05985915492957746 
0 0.308318661971831 0.8119131455399061 0.037411971830985914 0.04518779342723005 
0 0.3529929577464789 0.8169014084507042 0.04753521126760563 0.0528169014084507 
0 0.6615316901408451 0.8154342723004695 0.035211267605633804 0.04988262910798122 
0 0.7029049295774648 0.8139671361502347 0.040492957746478875 0.0528169014084507 
0 0.7935739436619719 0.7341549295774648 0.04401408450704225 0.08098591549295775 
0 0.745818661971831 0.7423708920187794 0.04709507042253521 0.07042253521126761 
0 0.7018045774647887 0.7532276995305164 0.05413732394366197 0.06631455399061033 
0 0.660431338028169 0.7511737089201878 0.05501760563380282 0.07629107981220658 
0 0.610475352112676 0.7494131455399061 0.04929577464788732 0.08215962441314555 
0 0.5675616197183099 0.7414906103286385 0.04973591549295775 0.07453051643192488 
0 0.28741197183098594 0.7816901408450704 0.0 0.0 
0 0.6672535211267606 0.5264084507042254 0.04225352112676056 0.06572769953051644 
0 0.5290492957746479 0.460387323943662 0.040492957746478875 0.06748826291079812 
0 0.4821742957746479 0.4642018779342723 0.04181338028169014 0.06572769953051644 
0 0.7585827464788732 0.4624413145539906 0.04445422535211268 0.06338028169014084 
0 0.8028169014084507 0.6026995305164319 0.03697183098591549 0.05516431924882629 
0 0.7574823943661971 0.5290492957746479 0.0448943661971831 0.058098591549295774 
0 0.8382482394366197 0.732981220657277 0.03301056338028169 0.06807511737089202 
0 0.758362676056338 0.6006455399061033 0.04665492957746479 0.05927230046948357 
0 0.7409771126760564 0.2746478873239437 0.05677816901408451 0.1795774647887324 
0 0.5748239436619719 0.6003521126760564 0.03873239436619718 0.056338028169014086 
0 0.22205105633802816 0.6085680751173709 0.03829225352112676 0.056338028169014086 
0 0.39150528169014087 0.5443075117370892 0.05149647887323944 0.06748826291079812 
0 0.5721830985915493 0.886150234741784 0.04137323943661972 0.05985915492957746 
0 0.3981073943661972 0.6068075117370892 0.04005281690140845 0.0539906103286385 
0 0.484375 0.6068075117370892 0.03829225352112676 0.056338028169014086 
0 0.3109595070422535 0.6094483568075117 0.037411971830985914 0.04988262910798122 
0 0.7147887323943662 0.6041666666666666 0.03609154929577465 0.05457746478873239 
0 0.394806338028169 0.8201291079812206 0.03873239436619718 0.061619718309859156 
0 0.5314700704225352 0.6065140845070423 0.037411971830985914 0.0534037558685446 
0 0.26826584507042256 0.5325704225352113 0.03301056338028169 0.058098591549295774 
0 0.05237676056338028 0.5346244131455399 0.045774647887323945 0.06103286384976526 
0 0.1366637323943662 0.5428403755868545 0.035651408450704226 0.05985915492957746 
0 0.6223591549295775 0.8213028169014085 0.03873239436619718 0.05927230046948357 
0 0.3899647887323944 0.4668427230046948 0.051056338028169015 0.07687793427230047 
0 0.4392605633802817 0.4642018779342723 0.04841549295774648 0.0715962441314554 
0 0.488556338028169 0.8811619718309859 0.037852112676056336 0.06044600938967136 
0 0.3206426056338028 0.8726525821596244 0.037411971830985914 0.06690140845070422 
0 0.3045774647887324 0.46625586854460094 0.040492957746478875 0.08509389671361503 
0 0.2616637323943662 0.46566901408450706 0.04533450704225352 0.06866197183098592 
0 0.042913732394366196 0.4688967136150235 0.04973591549295775 0.08098591549295775 
0 0.17517605633802816 0.4665492957746479 0.04401408450704225 0.07629107981220658 
0 0.12808098591549297 0.4642018779342723 0.04401408450704225 0.07746478873239436 
0 0.21324823943661972 0.46449530516431925 0.037411971830985914 0.07922535211267606 
0 0.04379401408450704 0.47007042253521125 0.04973591549295775 0.08098591549295775 
0 0.04203345070422535 0.295481220657277 0.050616197183098594 0.15669014084507044 
0 0.7964348591549296 0.880868544600939 0.04357394366197183 0.06455399061032864 
0 0.4423415492957746 0.8796948356807511 0.03609154929577465 0.062206572769953054 
0 0.8360475352112676 0.8042840375586855 0.0409330985915493 0.06044600938967136 
0 0.44190140845070425 0.812206572769953 0.03873239436619718 0.062206572769953054 
0 0.5255281690140845 0.8791079812206573 0.035211267605633804 0.056338028169014086 
0 0.746919014084507 0.8051643192488263 0.03873239436619718 0.062206572769953054 
0 0.5715228873239436 0.8039906103286385 0.04005281690140845 0.06690140845070422 
0 0.22403169014084506 0.8723591549295775 0.035211267605633804 0.05927230046948357 
0 0.5277288732394366 0.8063380281690141 0.037852112676056336 0.057511737089201875 
0 0.4845950704225352 0.8098591549295775 0.037852112676056336 0.05985915492957746 
0 0.35629401408450706 0.8794014084507042 0.03829225352112676 0.06396713615023474 
0 0.14194542253521128 0.8664906103286385 0.0409330985915493 0.058098591549295774 
0 0.40713028169014087 0.8846830985915493 0.03697183098591549 0.052230046948356805 
0 0.09529049295774648 0.5443075117370892 0.035651408450704226 0.056924882629107984 
