0 0.5356514084507042 0.9245892018779343 0.06954225352112677 0.15082159624413147 
0 0.894806338028169 0.6549295774647887 0.035211267605633804 0.06807511737089202 
0 0.9768926056338029 0.721537558685446 0.04357394366197183 0.061619718309859156 
0 0.8573943661971831 0.647593896713615 0.03609154929577465 0.05927230046948357 
0 0.846830985915493 0.7834507042253521 0.04137323943661972 0.06338028169014084 
0 0.8158010563380281 0.5246478873239436 0.037411971830985914 0.06103286384976526 
0 0.9430017605633803 0.6566901408450704 0.037411971830985914 0.07042253521126761 
0 0.9795334507042254 0.6546361502347418 0.04181338028169014 0.06631455399061033 
0 0.9432218309859155 0.5311032863849765 0.03961267605633803 0.06338028169014084 
0 0.9058098591549296 0.460387323943662 0.037852112676056336 0.0698356807511737 
0 0.8886443661971831 0.9342723004694836 0.058098591549295774 0.13145539906103287 
0 0.757262323943662 0.9348591549295775 0.05501760563380282 0.1255868544600939 
0 0.3175616197183099 0.9234154929577465 0.058538732394366196 0.15082159624413147 
0 0.6908010563380281 0.9342723004694836 0.06910211267605634 0.13145539906103287 
0 0.45598591549295775 0.9322183098591549 0.06426056338028169 0.13556338028169015 
0 0.13138204225352113 0.9196009389671361 0.05941901408450704 0.15610328638497653 
0 0.1954225352112676 0.9222417840375586 0.058098591549295774 0.15551643192488263 
0 0.8058978873239436 0.6525821596244131 0.03609154929577465 0.06924882629107981 
0 0.6210387323943662 0.9336854460093896 0.05721830985915493 0.13262910798122066 
0 0.9590669014084507 0.21889671361502347 0.043133802816901406 0.15492957746478872 
0 0.9086707746478874 0.2136150234741784 0.04533450704225352 0.1619718309859155 
0 0.4597271126760563 0.7071596244131455 0.06910211267605634 0.22300469483568075 
0 0.24867957746478872 0.4518779342723005 0.05985915492957746 0.19953051643192488 
0 0.4069102112676056 0.4509976525821596 0.07350352112676056 0.21889671361502347 
0 0.1505281690140845 0.2306338028169014 0.05193661971830986 0.14906103286384975 
0 0.21588908450704225 0.22007042253521128 0.03477112676056338 0.14906103286384975 
0 0.35255281690140844 0.2136150234741784 0.05017605633802817 0.142018779342723 
0 0.2975352112676056 0.7209507042253521 0.06602112676056338 0.16842723004694835 
0 0.5411531690140845 0.45011737089201875 0.06734154929577464 0.22887323943661972 
0 0.47403169014084506 0.4465962441314554 0.06954225352112677 0.22769953051643194 
0 0.7519806338028169 0.22036384976525822 0.050616197183098594 0.1637323943661972 
0 0.02750880281690141 0.4621478873239437 0.053257042253521125 0.18838028169014084 
0 0.6883802816901409 0.528462441314554 0.037852112676056336 0.06396713615023474 
0 0.6401848591549296 0.5272887323943662 0.03653169014084507 0.058098591549295774 
0 0.022887323943661973 0.21449530516431925 0.0448943661971831 0.17194835680751175 
0 0.8994278169014085 0.5278755868544601 0.035651408450704226 0.05575117370892019 
0 0.6467869718309859 0.454518779342723 0.037411971830985914 0.06044600938967136 
0 0.8494718309859155 0.7186032863849765 0.04401408450704225 0.06866197183098592 
0 0.7966549295774648 0.22036384976525822 0.051056338028169015 0.14847417840375587 
0 0.2605633802816901 0.9257629107981221 0.04753521126760563 0.14847417840375587 
0 0.3923855633802817 0.9272300469483568 0.053257042253521125 0.14553990610328638 
0 0.03807218309859155 0.9075704225352113 0.04973591549295775 0.14847417840375587 
0 0.772887323943662 0.5272887323943662 0.035211267605633804 0.056924882629107984 
0 0.8613556338028169 0.5237676056338029 0.03873239436619718 0.061619718309859156 
0 0.9826144366197183 0.5234741784037559 0.03477112676056338 0.06103286384976526 
0 0.9850352112676056 0.4574530516431925 0.02640845070422535 0.06748826291079812 
0 0.7638644366197183 0.6505281690140845 0.04621478873239437 0.07805164319248827 
0 0.7167693661971831 0.7106807511737089 0.037411971830985914 0.08333333333333333 
0 0.7605633802816901 0.7150821596244131 0.04401408450704225 0.0721830985915493 
0 0.8036971830985915 0.7209507042253521 0.03961267605633803 0.0721830985915493 
0 0.8910651408450704 0.7200704225352113 0.03829225352112676 0.07629107981220658 
0 0.934419014084507 0.7276995305164319 0.03961267605633803 0.07042253521126761 
0 0.6747359154929577 0.7772887323943662 0.04401408450704225 0.06748826291079812 
0 0.7172095070422535 0.7825704225352113 0.0409330985915493 0.07453051643192488 
0 0.7607834507042254 0.7878521126760564 0.04621478873239437 0.06748826291079812 
0 0.8025968309859155 0.784037558685446 0.04621478873239437 0.0715962441314554 
0 0.8899647887323944 0.7884389671361502 0.03433098591549296 0.06044600938967136 
0 0.9317781690140845 0.7893192488262911 0.03873239436619718 0.05868544600938967 
0 0.9724911971830986 0.7890258215962441 0.03653169014084507 0.06748826291079812 
0 0.5988116197183099 0.522887323943662 0.04621478873239437 0.06338028169014084 
0 0.7304137323943662 0.528755868544601 0.0409330985915493 0.057511737089201875 
0 0.9471830985915493 0.45598591549295775 0.043133802816901406 0.05868544600938967 
0 0.8613556338028169 0.46273474178403756 0.03873239436619718 0.06631455399061033 
0 0.9533450704225352 0.9363262910798122 0.05721830985915493 0.1273474178403756 
0 0.8246038732394366 0.9416079812206573 0.061179577464788734 0.1273474178403756 
0 0.5983714788732394 0.39524647887323944 0.04709507042253521 0.0721830985915493 
0 0.6412852112676056 0.38879107981220656 0.040492957746478875 0.0733568075117371 
0 0.6875 0.3893779342723005 0.0448943661971831 0.07805164319248827 
0 0.7319542253521126 0.38879107981220656 0.04401408450704225 0.07922535211267606 
0 0.7759683098591549 0.3873239436619718 0.04401408450704225 0.08215962441314555 
0 0.8158010563380281 0.3855633802816901 0.04181338028169014 0.0880281690140845 
0 0.09352992957746478 0.21566901408450703 0.05149647887323944 0.1637323943661972 
0 0.8591549295774648 0.38438967136150237 0.043133802816901406 0.07629107981220658 
0 0.9493838028169014 0.3893779342723005 0.04929577464788732 0.06866197183098592 
0 0.9865757042253521 0.3914319248826291 0.026848591549295774 0.06455399061032864 
0 0.5983714788732394 0.4618544600938967 0.05149647887323944 0.05868544600938967 
0 0.676056338028169 0.7130281690140845 0.04401408450704225 0.06455399061032864 
0 0.6870598591549296 0.46332159624413144 0.04401408450704225 0.05575117370892019 
0 0.7315140845070423 0.4621478873239437 0.040492957746478875 0.061619718309859156 
0 0.7733274647887324 0.4642018779342723 0.03873239436619718 0.0539906103286385 
0 0.8195422535211268 0.46332159624413144 0.03609154929577465 0.05575117370892019 
0 0.8992077464788732 0.3884976525821596 0.04401408450704225 0.07042253521126761 
0 0.2524207746478873 0.21654929577464788 0.037411971830985914 0.1443661971830986 
0 0.7007042253521126 0.21860328638497653 0.04929577464788732 0.1402582159624413 
0 0.1210387323943662 0.7183098591549296 0.05985915492957746 0.17136150234741784 
0 0.1993838028169014 0.7071596244131455 0.07042253521126761 0.14906103286384975 
0 0.488556338028169 0.20187793427230047 0.051056338028169015 0.142018779342723 
0 0.4399207746478873 0.20422535211267606 0.0409330985915493 0.15140845070422534 
0 0.8525528169014085 0.21449530516431925 0.056338028169014086 0.1602112676056338 
0 0.3985475352112676 0.20833333333333334 0.04181338028169014 0.15258215962441316 
0 0.06073943661971831 0.715962441314554 0.04665492957746479 0.1607981220657277 
0 0.6505281690140845 0.21244131455399062 0.04401408450704225 0.15610328638497653 
0 0.5303697183098591 0.704225352112676 0.06690140845070422 0.21713615023474178 
0 0.3287852112676056 0.44747652582159625 0.06954225352112677 0.2142018779342723 
0 0.606294014084507 0.22007042253521128 0.0488556338028169 0.1431924882629108 
0 0.5356514084507042 0.9245892018779343 0.06954225352112677 0.15082159624413147 
0 0.894806338028169 0.6549295774647887 0.035211267605633804 0.06807511737089202 
0 0.9768926056338029 0.721537558685446 0.04357394366197183 0.061619718309859156 
0 0.8573943661971831 0.647593896713615 0.03609154929577465 0.05927230046948357 
0 0.846830985915493 0.7834507042253521 0.04137323943661972 0.06338028169014084 
0 0.8158010563380281 0.5246478873239436 0.037411971830985914 0.06103286384976526 
0 0.9430017605633803 0.6566901408450704 0.037411971830985914 0.07042253521126761 
0 0.9795334507042254 0.6546361502347418 0.04181338028169014 0.06631455399061033 
0 0.9432218309859155 0.5311032863849765 0.03961267605633803 0.06338028169014084 
0 0.9058098591549296 0.460387323943662 0.037852112676056336 0.0698356807511737 
0 0.8886443661971831 0.9342723004694836 0.058098591549295774 0.13145539906103287 
0 0.757262323943662 0.9348591549295775 0.05501760563380282 0.1255868544600939 
0 0.3175616197183099 0.9234154929577465 0.058538732394366196 0.15082159624413147 
0 0.6908010563380281 0.9342723004694836 0.06910211267605634 0.13145539906103287 
0 0.45598591549295775 0.9322183098591549 0.06426056338028169 0.13556338028169015 
0 0.13138204225352113 0.9196009389671361 0.05941901408450704 0.15610328638497653 
0 0.1954225352112676 0.9222417840375586 0.058098591549295774 0.15551643192488263 
0 0.8058978873239436 0.6525821596244131 0.03609154929577465 0.06924882629107981 
0 0.6210387323943662 0.9336854460093896 0.05721830985915493 0.13262910798122066 
0 0.9590669014084507 0.21889671361502347 0.043133802816901406 0.15492957746478872 
0 0.9086707746478874 0.2136150234741784 0.04533450704225352 0.1619718309859155 
0 0.4597271126760563 0.7071596244131455 0.06910211267605634 0.22300469483568075 
0 0.24867957746478872 0.4518779342723005 0.05985915492957746 0.19953051643192488 
0 0.4069102112676056 0.4509976525821596 0.07350352112676056 0.21889671361502347 
0 0.1505281690140845 0.2306338028169014 0.05193661971830986 0.14906103286384975 
0 0.21588908450704225 0.22007042253521128 0.03477112676056338 0.14906103286384975 
0 0.35255281690140844 0.2136150234741784 0.05017605633802817 0.142018779342723 
0 0.2975352112676056 0.7209507042253521 0.06602112676056338 0.16842723004694835 
0 0.5411531690140845 0.45011737089201875 0.06734154929577464 0.22887323943661972 
0 0.47403169014084506 0.4465962441314554 0.06954225352112677 0.22769953051643194 
0 0.7519806338028169 0.22036384976525822 0.050616197183098594 0.1637323943661972 
0 0.02750880281690141 0.4621478873239437 0.053257042253521125 0.18838028169014084 
0 0.6883802816901409 0.528462441314554 0.037852112676056336 0.06396713615023474 
0 0.6401848591549296 0.5272887323943662 0.03653169014084507 0.058098591549295774 
0 0.022887323943661973 0.21449530516431925 0.0448943661971831 0.17194835680751175 
0 0.8994278169014085 0.5278755868544601 0.035651408450704226 0.05575117370892019 
0 0.6467869718309859 0.454518779342723 0.037411971830985914 0.06044600938967136 
0 0.8494718309859155 0.7186032863849765 0.04401408450704225 0.06866197183098592 
0 0.7966549295774648 0.22036384976525822 0.051056338028169015 0.14847417840375587 
0 0.2605633802816901 0.9257629107981221 0.04753521126760563 0.14847417840375587 
0 0.3923855633802817 0.9272300469483568 0.053257042253521125 0.14553990610328638 
0 0.03807218309859155 0.9075704225352113 0.04973591549295775 0.14847417840375587 
0 0.772887323943662 0.5272887323943662 0.035211267605633804 0.056924882629107984 
0 0.8613556338028169 0.5237676056338029 0.03873239436619718 0.061619718309859156 
0 0.9826144366197183 0.5234741784037559 0.03477112676056338 0.06103286384976526 
0 0.9850352112676056 0.4574530516431925 0.02640845070422535 0.06748826291079812 
0 0.7638644366197183 0.6505281690140845 0.04621478873239437 0.07805164319248827 
0 0.7167693661971831 0.7106807511737089 0.037411971830985914 0.08333333333333333 
0 0.7605633802816901 0.7150821596244131 0.04401408450704225 0.0721830985915493 
0 0.8036971830985915 0.7209507042253521 0.03961267605633803 0.0721830985915493 
0 0.8910651408450704 0.7200704225352113 0.03829225352112676 0.07629107981220658 
0 0.934419014084507 0.7276995305164319 0.03961267605633803 0.07042253521126761 
0 0.6747359154929577 0.7772887323943662 0.04401408450704225 0.06748826291079812 
0 0.7172095070422535 0.7825704225352113 0.0409330985915493 0.07453051643192488 
0 0.7607834507042254 0.7878521126760564 0.04621478873239437 0.06748826291079812 
0 0.8025968309859155 0.784037558685446 0.04621478873239437 0.0715962441314554 
0 0.8899647887323944 0.7884389671361502 0.03433098591549296 0.06044600938967136 
0 0.9317781690140845 0.7893192488262911 0.03873239436619718 0.05868544600938967 
0 0.9724911971830986 0.7890258215962441 0.03653169014084507 0.06748826291079812 
0 0.5988116197183099 0.522887323943662 0.04621478873239437 0.06338028169014084 
0 0.7304137323943662 0.528755868544601 0.0409330985915493 0.057511737089201875 
0 0.9471830985915493 0.45598591549295775 0.043133802816901406 0.05868544600938967 
0 0.8613556338028169 0.46273474178403756 0.03873239436619718 0.06631455399061033 
0 0.9533450704225352 0.9363262910798122 0.05721830985915493 0.1273474178403756 
0 0.8246038732394366 0.9416079812206573 0.061179577464788734 0.1273474178403756 
0 0.5983714788732394 0.39524647887323944 0.04709507042253521 0.0721830985915493 
0 0.6412852112676056 0.38879107981220656 0.040492957746478875 0.0733568075117371 
0 0.6875 0.3893779342723005 0.0448943661971831 0.07805164319248827 
0 0.7319542253521126 0.38879107981220656 0.04401408450704225 0.07922535211267606 
0 0.7759683098591549 0.3873239436619718 0.04401408450704225 0.08215962441314555 
0 0.8158010563380281 0.3855633802816901 0.04181338028169014 0.0880281690140845 
0 0.09352992957746478 0.21566901408450703 0.05149647887323944 0.1637323943661972 
0 0.8591549295774648 0.38438967136150237 0.043133802816901406 0.07629107981220658 
0 0.9493838028169014 0.3893779342723005 0.04929577464788732 0.06866197183098592 
0 0.9865757042253521 0.3914319248826291 0.026848591549295774 0.06455399061032864 
0 0.5983714788732394 0.4618544600938967 0.05149647887323944 0.05868544600938967 
0 0.676056338028169 0.7130281690140845 0.04401408450704225 0.06455399061032864 
0 0.6870598591549296 0.46332159624413144 0.04401408450704225 0.05575117370892019 
0 0.7315140845070423 0.4621478873239437 0.040492957746478875 0.061619718309859156 
0 0.7733274647887324 0.4642018779342723 0.03873239436619718 0.0539906103286385 
0 0.8195422535211268 0.46332159624413144 0.03609154929577465 0.05575117370892019 
0 0.8992077464788732 0.3884976525821596 0.04401408450704225 0.07042253521126761 
0 0.2524207746478873 0.21654929577464788 0.037411971830985914 0.1443661971830986 
0 0.7007042253521126 0.21860328638497653 0.04929577464788732 0.1402582159624413 
0 0.1210387323943662 0.7183098591549296 0.05985915492957746 0.17136150234741784 
0 0.1993838028169014 0.7071596244131455 0.07042253521126761 0.14906103286384975 
0 0.488556338028169 0.20187793427230047 0.051056338028169015 0.142018779342723 
0 0.4399207746478873 0.20422535211267606 0.0409330985915493 0.15140845070422534 
0 0.8525528169014085 0.21449530516431925 0.056338028169014086 0.1602112676056338 
0 0.3985475352112676 0.20833333333333334 0.04181338028169014 0.15258215962441316 
0 0.06073943661971831 0.715962441314554 0.04665492957746479 0.1607981220657277 
0 0.6505281690140845 0.21244131455399062 0.04401408450704225 0.15610328638497653 
0 0.5303697183098591 0.704225352112676 0.06690140845070422 0.21713615023474178 
0 0.3287852112676056 0.44747652582159625 0.06954225352112677 0.2142018779342723 
0 0.606294014084507 0.22007042253521128 0.0488556338028169 0.1431924882629108 
0 0.5356514084507042 0.9245892018779343 0.06954225352112677 0.15082159624413147 
0 0.894806338028169 0.6549295774647887 0.035211267605633804 0.06807511737089202 
0 0.9768926056338029 0.721537558685446 0.04357394366197183 0.061619718309859156 
0 0.8573943661971831 0.647593896713615 0.03609154929577465 0.05927230046948357 
0 0.846830985915493 0.7834507042253521 0.04137323943661972 0.06338028169014084 
0 0.8158010563380281 0.5246478873239436 0.037411971830985914 0.06103286384976526 
0 0.9430017605633803 0.6566901408450704 0.037411971830985914 0.07042253521126761 
0 0.9795334507042254 0.6546361502347418 0.04181338028169014 0.06631455399061033 
0 0.9432218309859155 0.5311032863849765 0.03961267605633803 0.06338028169014084 
0 0.9058098591549296 0.460387323943662 0.037852112676056336 0.0698356807511737 
0 0.8886443661971831 0.9342723004694836 0.058098591549295774 0.13145539906103287 
0 0.757262323943662 0.9348591549295775 0.05501760563380282 0.1255868544600939 
0 0.3175616197183099 0.9234154929577465 0.058538732394366196 0.15082159624413147 
0 0.6908010563380281 0.9342723004694836 0.06910211267605634 0.13145539906103287 
0 0.45598591549295775 0.9322183098591549 0.06426056338028169 0.13556338028169015 
0 0.13138204225352113 0.9196009389671361 0.05941901408450704 0.15610328638497653 
0 0.1954225352112676 0.9222417840375586 0.058098591549295774 0.15551643192488263 
0 0.8058978873239436 0.6525821596244131 0.03609154929577465 0.06924882629107981 
0 0.6210387323943662 0.9336854460093896 0.05721830985915493 0.13262910798122066 
0 0.9590669014084507 0.21889671361502347 0.043133802816901406 0.15492957746478872 
0 0.9086707746478874 0.2136150234741784 0.04533450704225352 0.1619718309859155 
0 0.4597271126760563 0.7071596244131455 0.06910211267605634 0.22300469483568075 
0 0.24867957746478872 0.4518779342723005 0.05985915492957746 0.19953051643192488 
0 0.4069102112676056 0.4509976525821596 0.07350352112676056 0.21889671361502347 
0 0.1505281690140845 0.2306338028169014 0.05193661971830986 0.14906103286384975 
0 0.21588908450704225 0.22007042253521128 0.03477112676056338 0.14906103286384975 
0 0.35255281690140844 0.2136150234741784 0.05017605633802817 0.142018779342723 
0 0.2975352112676056 0.7209507042253521 0.06602112676056338 0.16842723004694835 
0 0.5411531690140845 0.45011737089201875 0.06734154929577464 0.22887323943661972 
0 0.47403169014084506 0.4465962441314554 0.06954225352112677 0.22769953051643194 
0 0.7519806338028169 0.22036384976525822 0.050616197183098594 0.1637323943661972 
0 0.02750880281690141 0.4621478873239437 0.053257042253521125 0.18838028169014084 
0 0.6883802816901409 0.528462441314554 0.037852112676056336 0.06396713615023474 
0 0.6401848591549296 0.5272887323943662 0.03653169014084507 0.058098591549295774 
0 0.022887323943661973 0.21449530516431925 0.0448943661971831 0.17194835680751175 
0 0.8994278169014085 0.5278755868544601 0.035651408450704226 0.05575117370892019 
0 0.6467869718309859 0.454518779342723 0.037411971830985914 0.06044600938967136 
0 0.8494718309859155 0.7186032863849765 0.04401408450704225 0.06866197183098592 
0 0.7966549295774648 0.22036384976525822 0.051056338028169015 0.14847417840375587 
0 0.2605633802816901 0.9257629107981221 0.04753521126760563 0.14847417840375587 
0 0.3923855633802817 0.9272300469483568 0.053257042253521125 0.14553990610328638 
0 0.03807218309859155 0.9075704225352113 0.04973591549295775 0.14847417840375587 
0 0.772887323943662 0.5272887323943662 0.035211267605633804 0.056924882629107984 
0 0.8613556338028169 0.5237676056338029 0.03873239436619718 0.061619718309859156 
0 0.9826144366197183 0.5234741784037559 0.03477112676056338 0.06103286384976526 
0 0.9850352112676056 0.4574530516431925 0.02640845070422535 0.06748826291079812 
0 0.7638644366197183 0.6505281690140845 0.04621478873239437 0.07805164319248827 
0 0.7167693661971831 0.7106807511737089 0.037411971830985914 0.08333333333333333 
0 0.7605633802816901 0.7150821596244131 0.04401408450704225 0.0721830985915493 
0 0.8036971830985915 0.7209507042253521 0.03961267605633803 0.0721830985915493 
0 0.8910651408450704 0.7200704225352113 0.03829225352112676 0.07629107981220658 
0 0.934419014084507 0.7276995305164319 0.03961267605633803 0.07042253521126761 
0 0.6747359154929577 0.7772887323943662 0.04401408450704225 0.06748826291079812 
0 0.7172095070422535 0.7825704225352113 0.0409330985915493 0.07453051643192488 
0 0.7607834507042254 0.7878521126760564 0.04621478873239437 0.06748826291079812 
0 0.8025968309859155 0.784037558685446 0.04621478873239437 0.0715962441314554 
0 0.8899647887323944 0.7884389671361502 0.03433098591549296 0.06044600938967136 
0 0.9317781690140845 0.7893192488262911 0.03873239436619718 0.05868544600938967 
0 0.9724911971830986 0.7890258215962441 0.03653169014084507 0.06748826291079812 
0 0.5988116197183099 0.522887323943662 0.04621478873239437 0.06338028169014084 
0 0.7304137323943662 0.528755868544601 0.0409330985915493 0.057511737089201875 
0 0.9471830985915493 0.45598591549295775 0.043133802816901406 0.05868544600938967 
0 0.8613556338028169 0.46273474178403756 0.03873239436619718 0.06631455399061033 
0 0.9533450704225352 0.9363262910798122 0.05721830985915493 0.1273474178403756 
0 0.8246038732394366 0.9416079812206573 0.061179577464788734 0.1273474178403756 
0 0.5983714788732394 0.39524647887323944 0.04709507042253521 0.0721830985915493 
0 0.6412852112676056 0.38879107981220656 0.040492957746478875 0.0733568075117371 
0 0.6875 0.3893779342723005 0.0448943661971831 0.07805164319248827 
0 0.7319542253521126 0.38879107981220656 0.04401408450704225 0.07922535211267606 
0 0.7759683098591549 0.3873239436619718 0.04401408450704225 0.08215962441314555 
0 0.8158010563380281 0.3855633802816901 0.04181338028169014 0.0880281690140845 
0 0.09352992957746478 0.21566901408450703 0.05149647887323944 0.1637323943661972 
0 0.8591549295774648 0.38438967136150237 0.043133802816901406 0.07629107981220658 
0 0.9493838028169014 0.3893779342723005 0.04929577464788732 0.06866197183098592 
0 0.9865757042253521 0.3914319248826291 0.026848591549295774 0.06455399061032864 
0 0.5983714788732394 0.4618544600938967 0.05149647887323944 0.05868544600938967 
0 0.676056338028169 0.7130281690140845 0.04401408450704225 0.06455399061032864 
0 0.6870598591549296 0.46332159624413144 0.04401408450704225 0.05575117370892019 
0 0.7315140845070423 0.4621478873239437 0.040492957746478875 0.061619718309859156 
0 0.7733274647887324 0.4642018779342723 0.03873239436619718 0.0539906103286385 
0 0.8195422535211268 0.46332159624413144 0.03609154929577465 0.05575117370892019 
0 0.8992077464788732 0.3884976525821596 0.04401408450704225 0.07042253521126761 
0 0.2524207746478873 0.21654929577464788 0.037411971830985914 0.1443661971830986 
0 0.7007042253521126 0.21860328638497653 0.04929577464788732 0.1402582159624413 
0 0.1210387323943662 0.7183098591549296 0.05985915492957746 0.17136150234741784 
0 0.1993838028169014 0.7071596244131455 0.07042253521126761 0.14906103286384975 
0 0.488556338028169 0.20187793427230047 0.051056338028169015 0.142018779342723 
0 0.4399207746478873 0.20422535211267606 0.0409330985915493 0.15140845070422534 
0 0.8525528169014085 0.21449530516431925 0.056338028169014086 0.1602112676056338 
0 0.3985475352112676 0.20833333333333334 0.04181338028169014 0.15258215962441316 
0 0.06073943661971831 0.715962441314554 0.04665492957746479 0.1607981220657277 
0 0.6505281690140845 0.21244131455399062 0.04401408450704225 0.15610328638497653 
0 0.5303697183098591 0.704225352112676 0.06690140845070422 0.21713615023474178 
0 0.3287852112676056 0.44747652582159625 0.06954225352112677 0.2142018779342723 
0 0.606294014084507 0.22007042253521128 0.0488556338028169 0.1431924882629108 
