0 0.7759683098591549 0.25821596244131456 0.03961267605633803 0.18779342723004694 
0 0.9544454225352113 0.8201291079812206 0.07702464788732394 0.18485915492957747 
0 0.6137764084507042 0.24970657276995306 0.05413732394366197 0.1954225352112676 
0 0.35255281690140844 0.5448943661971831 0.037852112676056336 0.1954225352112676 
0 0.027948943661971832 0.7919600938967136 0.05501760563380282 0.20246478873239437 
0 0.859375 0.778755868544601 0.04357394366197183 0.14084507042253522 
0 0.9740316901408451 0.5243544600938967 0.06602112676056338 0.22124413145539906 
0 0.9152728873239436 0.2602699530516432 0.04533450704225352 0.1602112676056338 
0 0.24889964788732394 0.5413732394366197 0.05501760563380282 0.2142018779342723 
0 0.8080985915492958 0.8031103286384976 0.05457746478873239 0.1637323943661972 
0 0.6815580985915493 0.8177816901408451 0.053257042253521125 0.18720657276995306 
0 0.6133362676056338 0.8192488262910798 0.07262323943661972 0.21009389671361503 
0 0.1210387323943662 0.5495892018779343 0.06426056338028169 0.20363849765258216 
0 0.17693661971830985 0.539612676056338 0.04929577464788732 0.2142018779342723 
0 0.16065140845070422 0.2764084507042254 0.05017605633802817 0.1807511737089202 
0 0.7407570422535211 0.8169014084507042 0.05721830985915493 0.20305164319248825 
0 0.9551056338028169 0.2634976525821596 0.03609154929577465 0.15610328638497653 
0 0.6032130281690141 0.5349178403755869 0.050616197183098594 0.2153755868544601 
0 0.2975352112676056 0.5390258215962441 0.05721830985915493 0.20715962441314553 
0 0.5446742957746479 0.778462441314554 0.04973591549295775 0.12030516431924883 
0 0.4548855633802817 0.272593896713615 0.05237676056338028 0.1766431924882629 
0 0.0724031690140845 0.28080985915492956 0.04533450704225352 0.17781690140845072 
0 0.03455105633802817 0.5425469483568075 0.0682218309859155 0.20246478873239437 
0 0.20180457746478872 0.27024647887323944 0.04181338028169014 0.18603286384976525 
0 0.7293133802816901 0.25528169014084506 0.04929577464788732 0.1936619718309859 
0 0.40999119718309857 0.27024647887323944 0.0409330985915493 0.16842723004694835 
0 0.6698943661971831 0.25 0.05369718309859155 0.1983568075117371 
0 0.8349471830985915 0.2643779342723005 0.043133802816901406 0.16255868544600938 
0 0.08670774647887323 0.7972417840375586 0.06073943661971831 0.20129107981220656 
0 0.8866637323943662 0.5155516431924883 0.06029929577464789 0.20363849765258216 
0 0.2834507042253521 0.2743544600938967 0.04137323943661972 0.159037558685446 
0 0.24405809859154928 0.2705399061032864 0.03829225352112676 0.16549295774647887 
0 0.144806338028169 0.8001760563380281 0.05897887323943662 0.20715962441314553 
0 0.5521566901408451 0.5363849765258216 0.04973591549295775 0.22065727699530516 
0 0.32284330985915494 0.8060446009389671 0.06382042253521127 0.18368544600938966 
0 0.3998679577464789 0.5404929577464789 0.050616197183098594 0.21830985915492956 
0 0.02948943661971831 0.2863849765258216 0.0448943661971831 0.1795774647887324 
0 0.4564260563380282 0.5322769953051644 0.05369718309859155 0.20539906103286384 
0 0.6560299295774648 0.5366784037558685 0.053257042253521125 0.2142018779342723 
0 0.7759683098591549 0.25821596244131456 0.03961267605633803 0.18779342723004694 
0 0.9544454225352113 0.8201291079812206 0.07702464788732394 0.18485915492957747 
0 0.6137764084507042 0.24970657276995306 0.05413732394366197 0.1954225352112676 
0 0.35255281690140844 0.5448943661971831 0.037852112676056336 0.1954225352112676 
0 0.027948943661971832 0.7919600938967136 0.05501760563380282 0.20246478873239437 
0 0.859375 0.778755868544601 0.04357394366197183 0.14084507042253522 
0 0.9740316901408451 0.5243544600938967 0.06602112676056338 0.22124413145539906 
0 0.9152728873239436 0.2602699530516432 0.04533450704225352 0.1602112676056338 
0 0.24889964788732394 0.5413732394366197 0.05501760563380282 0.2142018779342723 
0 0.8080985915492958 0.8031103286384976 0.05457746478873239 0.1637323943661972 
0 0.6815580985915493 0.8177816901408451 0.053257042253521125 0.18720657276995306 
0 0.6133362676056338 0.8192488262910798 0.07262323943661972 0.21009389671361503 
0 0.1210387323943662 0.5495892018779343 0.06426056338028169 0.20363849765258216 
0 0.17693661971830985 0.539612676056338 0.04929577464788732 0.2142018779342723 
0 0.16065140845070422 0.2764084507042254 0.05017605633802817 0.1807511737089202 
0 0.7407570422535211 0.8169014084507042 0.05721830985915493 0.20305164319248825 
0 0.9551056338028169 0.2634976525821596 0.03609154929577465 0.15610328638497653 
0 0.6032130281690141 0.5349178403755869 0.050616197183098594 0.2153755868544601 
0 0.2975352112676056 0.5390258215962441 0.05721830985915493 0.20715962441314553 
0 0.5446742957746479 0.778462441314554 0.04973591549295775 0.12030516431924883 
0 0.4548855633802817 0.272593896713615 0.05237676056338028 0.1766431924882629 
0 0.0724031690140845 0.28080985915492956 0.04533450704225352 0.17781690140845072 
0 0.03455105633802817 0.5425469483568075 0.0682218309859155 0.20246478873239437 
0 0.20180457746478872 0.27024647887323944 0.04181338028169014 0.18603286384976525 
0 0.7293133802816901 0.25528169014084506 0.04929577464788732 0.1936619718309859 
0 0.40999119718309857 0.27024647887323944 0.0409330985915493 0.16842723004694835 
0 0.6698943661971831 0.25 0.05369718309859155 0.1983568075117371 
0 0.8349471830985915 0.2643779342723005 0.043133802816901406 0.16255868544600938 
0 0.08670774647887323 0.7972417840375586 0.06073943661971831 0.20129107981220656 
0 0.8866637323943662 0.5155516431924883 0.06029929577464789 0.20363849765258216 
0 0.2834507042253521 0.2743544600938967 0.04137323943661972 0.159037558685446 
0 0.24405809859154928 0.2705399061032864 0.03829225352112676 0.16549295774647887 
0 0.144806338028169 0.8001760563380281 0.05897887323943662 0.20715962441314553 
0 0.5521566901408451 0.5363849765258216 0.04973591549295775 0.22065727699530516 
0 0.32284330985915494 0.8060446009389671 0.06382042253521127 0.18368544600938966 
0 0.3998679577464789 0.5404929577464789 0.050616197183098594 0.21830985915492956 
0 0.02948943661971831 0.2863849765258216 0.0448943661971831 0.1795774647887324 
0 0.4564260563380282 0.5322769953051644 0.05369718309859155 0.20539906103286384 
0 0.6560299295774648 0.5366784037558685 0.053257042253521125 0.2142018779342723 
0 0.7759683098591549 0.25821596244131456 0.03961267605633803 0.18779342723004694 
0 0.9544454225352113 0.8201291079812206 0.07702464788732394 0.18485915492957747 
0 0.6137764084507042 0.24970657276995306 0.05413732394366197 0.1954225352112676 
0 0.35255281690140844 0.5448943661971831 0.037852112676056336 0.1954225352112676 
0 0.027948943661971832 0.7919600938967136 0.05501760563380282 0.20246478873239437 
0 0.859375 0.778755868544601 0.04357394366197183 0.14084507042253522 
0 0.9740316901408451 0.5243544600938967 0.06602112676056338 0.22124413145539906 
0 0.9152728873239436 0.2602699530516432 0.04533450704225352 0.1602112676056338 
0 0.24889964788732394 0.5413732394366197 0.05501760563380282 0.2142018779342723 
0 0.8080985915492958 0.8031103286384976 0.05457746478873239 0.1637323943661972 
0 0.6815580985915493 0.8177816901408451 0.053257042253521125 0.18720657276995306 
0 0.6133362676056338 0.8192488262910798 0.07262323943661972 0.21009389671361503 
0 0.1210387323943662 0.5495892018779343 0.06426056338028169 0.20363849765258216 
0 0.17693661971830985 0.539612676056338 0.04929577464788732 0.2142018779342723 
0 0.16065140845070422 0.2764084507042254 0.05017605633802817 0.1807511737089202 
0 0.7407570422535211 0.8169014084507042 0.05721830985915493 0.20305164319248825 
0 0.9551056338028169 0.2634976525821596 0.03609154929577465 0.15610328638497653 
0 0.6032130281690141 0.5349178403755869 0.050616197183098594 0.2153755868544601 
0 0.2975352112676056 0.5390258215962441 0.05721830985915493 0.20715962441314553 
0 0.5446742957746479 0.778462441314554 0.04973591549295775 0.12030516431924883 
0 0.4548855633802817 0.272593896713615 0.05237676056338028 0.1766431924882629 
0 0.0724031690140845 0.28080985915492956 0.04533450704225352 0.17781690140845072 
0 0.03455105633802817 0.5425469483568075 0.0682218309859155 0.20246478873239437 
0 0.20180457746478872 0.27024647887323944 0.04181338028169014 0.18603286384976525 
0 0.7293133802816901 0.25528169014084506 0.04929577464788732 0.1936619718309859 
0 0.40999119718309857 0.27024647887323944 0.0409330985915493 0.16842723004694835 
0 0.6698943661971831 0.25 0.05369718309859155 0.1983568075117371 
0 0.8349471830985915 0.2643779342723005 0.043133802816901406 0.16255868544600938 
0 0.08670774647887323 0.7972417840375586 0.06073943661971831 0.20129107981220656 
0 0.8866637323943662 0.5155516431924883 0.06029929577464789 0.20363849765258216 
0 0.2834507042253521 0.2743544600938967 0.04137323943661972 0.159037558685446 
0 0.24405809859154928 0.2705399061032864 0.03829225352112676 0.16549295774647887 
0 0.144806338028169 0.8001760563380281 0.05897887323943662 0.20715962441314553 
0 0.5521566901408451 0.5363849765258216 0.04973591549295775 0.22065727699530516 
0 0.32284330985915494 0.8060446009389671 0.06382042253521127 0.18368544600938966 
0 0.3998679577464789 0.5404929577464789 0.050616197183098594 0.21830985915492956 
0 0.02948943661971831 0.2863849765258216 0.0448943661971831 0.1795774647887324 
0 0.4564260563380282 0.5322769953051644 0.05369718309859155 0.20539906103286384 
0 0.6560299295774648 0.5366784037558685 0.053257042253521125 0.2142018779342723 
