0 0.06954225352112677 0.1602112676056338 0.07482394366197183 0.22183098591549297 
0 0.2935739436619718 0.4198943661971831 0.056338028169014086 0.18955399061032863 
0 0.628080985915493 0.13937793427230047 0.058098591549295774 0.22593896713615025 
0 0.522887323943662 0.142018779342723 0.05721830985915493 0.2347417840375587 
0 0.03433098591549296 0.6654929577464789 0.06338028169014084 0.18661971830985916 
0 0.5099031690140845 0.6552230046948356 0.06998239436619719 0.1942488262910798 
0 0.42451584507042256 0.14231220657276994 0.06029929577464789 0.22007042253521128 
0 0.11355633802816902 0.4295774647887324 0.07482394366197183 0.19718309859154928 
0 0.9588468309859155 0.12940140845070422 0.08230633802816902 0.22711267605633803 
0 0.04753521126760563 0.4284037558685446 0.06338028169014084 0.2112676056338028 
0 0.21610915492957747 0.6775234741784038 0.07042253521126761 0.1789906103286385 
0 0.586487676056338 0.42077464788732394 0.05501760563380282 0.16549295774647887 
0 0.6384242957746479 0.6370305164319249 0.06558098591549295 0.1637323943661972 
0 0.2772887323943662 0.6672535211267606 0.06690140845070422 0.19953051643192488 
0 0.5134242957746479 0.39642018779342725 0.053257042253521125 0.12617370892018778 
0 0.9183538732394366 0.420481220657277 0.07174295774647887 0.17194835680751175 
0 0.9097711267605634 0.6561032863849765 0.06690140845070422 0.1784037558685446 
0 0.84375 0.6514084507042254 0.0625 0.18192488262910797 
0 0.6518485915492958 0.4222417840375587 0.0528169014084507 0.18955399061032863 
0 0.8650968309859155 0.12177230046948356 0.06382042253521127 0.21185446009389672 
0 0.7079665492957746 0.42282863849765256 0.05149647887323944 0.16960093896713616 
0 0.7777288732394366 0.4096244131455399 0.0448943661971831 0.1619718309859155 
0 0.4044894366197183 0.6602112676056338 0.07394366197183098 0.20774647887323944 
0 0.34000880281690143 0.6622652582159625 0.0664612676056338 0.22124413145539906 
0 0.8028169014084507 0.9357394366197183 0.05985915492957746 0.12852112676056338 
0 0.7341549295774648 0.9225352112676056 0.045774647887323945 0.15492957746478872 
0 0.6782570422535211 0.9436619718309859 0.061619718309859156 0.11267605633802817 
0 0.030809859154929578 0.9416079812206573 0.05985915492957746 0.11678403755868545 
0 0.28741197183098594 0.9524647887323944 0.06778169014084508 0.09507042253521127 
0 0.577024647887324 0.13849765258215962 0.05721830985915493 0.23943661971830985 
0 0.26430457746478875 0.1511150234741784 0.05941901408450704 0.22007042253521128 
0 0.21148767605633803 0.15610328638497653 0.05941901408450704 0.20422535211267606 
0 0.13028169014084506 0.1552230046948357 0.061619718309859156 0.20833333333333334 
0 0.778169014084507 0.6572769953051644 0.05985915492957746 0.18192488262910797 
0 0.9762323943661971 0.6628521126760564 0.05017605633802817 0.17077464788732394 
0 0.8276848591549296 0.39818075117370894 0.050616197183098594 0.1426056338028169 
0 0.3611355633802817 0.14730046948356806 0.0682218309859155 0.2335680751173709 
0 0.8686179577464789 0.9380868544600939 0.0682218309859155 0.11326291079812206 
0 0.10321302816901408 0.6622652582159625 0.07350352112676056 0.18955399061032863 
0 0.7134683098591549 0.6640258215962441 0.07306338028169014 0.1766431924882629 
0 0.06954225352112677 0.1602112676056338 0.07482394366197183 0.22183098591549297 
0 0.2935739436619718 0.4198943661971831 0.056338028169014086 0.18955399061032863 
0 0.628080985915493 0.13937793427230047 0.058098591549295774 0.22593896713615025 
0 0.522887323943662 0.142018779342723 0.05721830985915493 0.2347417840375587 
0 0.03433098591549296 0.6654929577464789 0.06338028169014084 0.18661971830985916 
0 0.5099031690140845 0.6552230046948356 0.06998239436619719 0.1942488262910798 
0 0.42451584507042256 0.14231220657276994 0.06029929577464789 0.22007042253521128 
0 0.11355633802816902 0.4295774647887324 0.07482394366197183 0.19718309859154928 
0 0.9588468309859155 0.12940140845070422 0.08230633802816902 0.22711267605633803 
0 0.04753521126760563 0.4284037558685446 0.06338028169014084 0.2112676056338028 
0 0.21610915492957747 0.6775234741784038 0.07042253521126761 0.1789906103286385 
0 0.586487676056338 0.42077464788732394 0.05501760563380282 0.16549295774647887 
0 0.6384242957746479 0.6370305164319249 0.06558098591549295 0.1637323943661972 
0 0.2772887323943662 0.6672535211267606 0.06690140845070422 0.19953051643192488 
0 0.5134242957746479 0.39642018779342725 0.053257042253521125 0.12617370892018778 
0 0.9183538732394366 0.420481220657277 0.07174295774647887 0.17194835680751175 
0 0.9097711267605634 0.6561032863849765 0.06690140845070422 0.1784037558685446 
0 0.84375 0.6514084507042254 0.0625 0.18192488262910797 
0 0.6518485915492958 0.4222417840375587 0.0528169014084507 0.18955399061032863 
0 0.8650968309859155 0.12177230046948356 0.06382042253521127 0.21185446009389672 
0 0.7079665492957746 0.42282863849765256 0.05149647887323944 0.16960093896713616 
0 0.7777288732394366 0.4096244131455399 0.0448943661971831 0.1619718309859155 
0 0.4044894366197183 0.6602112676056338 0.07394366197183098 0.20774647887323944 
0 0.34000880281690143 0.6622652582159625 0.0664612676056338 0.22124413145539906 
0 0.8028169014084507 0.9357394366197183 0.05985915492957746 0.12852112676056338 
0 0.7341549295774648 0.9225352112676056 0.045774647887323945 0.15492957746478872 
0 0.6782570422535211 0.9436619718309859 0.061619718309859156 0.11267605633802817 
0 0.030809859154929578 0.9416079812206573 0.05985915492957746 0.11678403755868545 
0 0.28741197183098594 0.9524647887323944 0.06778169014084508 0.09507042253521127 
0 0.577024647887324 0.13849765258215962 0.05721830985915493 0.23943661971830985 
0 0.26430457746478875 0.1511150234741784 0.05941901408450704 0.22007042253521128 
0 0.21148767605633803 0.15610328638497653 0.05941901408450704 0.20422535211267606 
0 0.13028169014084506 0.1552230046948357 0.061619718309859156 0.20833333333333334 
0 0.778169014084507 0.6572769953051644 0.05985915492957746 0.18192488262910797 
0 0.9762323943661971 0.6628521126760564 0.05017605633802817 0.17077464788732394 
0 0.8276848591549296 0.39818075117370894 0.050616197183098594 0.1426056338028169 
0 0.3611355633802817 0.14730046948356806 0.0682218309859155 0.2335680751173709 
0 0.8686179577464789 0.9380868544600939 0.0682218309859155 0.11326291079812206 
0 0.10321302816901408 0.6622652582159625 0.07350352112676056 0.18955399061032863 
0 0.7134683098591549 0.6640258215962441 0.07306338028169014 0.1766431924882629 
0 0.06954225352112677 0.1602112676056338 0.07482394366197183 0.22183098591549297 
0 0.2935739436619718 0.4198943661971831 0.056338028169014086 0.18955399061032863 
0 0.628080985915493 0.13937793427230047 0.058098591549295774 0.22593896713615025 
0 0.522887323943662 0.142018779342723 0.05721830985915493 0.2347417840375587 
0 0.03433098591549296 0.6654929577464789 0.06338028169014084 0.18661971830985916 
0 0.5099031690140845 0.6552230046948356 0.06998239436619719 0.1942488262910798 
0 0.42451584507042256 0.14231220657276994 0.06029929577464789 0.22007042253521128 
0 0.11355633802816902 0.4295774647887324 0.07482394366197183 0.19718309859154928 
0 0.9588468309859155 0.12940140845070422 0.08230633802816902 0.22711267605633803 
0 0.04753521126760563 0.4284037558685446 0.06338028169014084 0.2112676056338028 
0 0.21610915492957747 0.6775234741784038 0.07042253521126761 0.1789906103286385 
0 0.586487676056338 0.42077464788732394 0.05501760563380282 0.16549295774647887 
0 0.6384242957746479 0.6370305164319249 0.06558098591549295 0.1637323943661972 
0 0.2772887323943662 0.6672535211267606 0.06690140845070422 0.19953051643192488 
0 0.5134242957746479 0.39642018779342725 0.053257042253521125 0.12617370892018778 
0 0.9183538732394366 0.420481220657277 0.07174295774647887 0.17194835680751175 
0 0.9097711267605634 0.6561032863849765 0.06690140845070422 0.1784037558685446 
0 0.84375 0.6514084507042254 0.0625 0.18192488262910797 
0 0.6518485915492958 0.4222417840375587 0.0528169014084507 0.18955399061032863 
0 0.8650968309859155 0.12177230046948356 0.06382042253521127 0.21185446009389672 
0 0.7079665492957746 0.42282863849765256 0.05149647887323944 0.16960093896713616 
0 0.7777288732394366 0.4096244131455399 0.0448943661971831 0.1619718309859155 
0 0.4044894366197183 0.6602112676056338 0.07394366197183098 0.20774647887323944 
0 0.34000880281690143 0.6622652582159625 0.0664612676056338 0.22124413145539906 
0 0.8028169014084507 0.9357394366197183 0.05985915492957746 0.12852112676056338 
0 0.7341549295774648 0.9225352112676056 0.045774647887323945 0.15492957746478872 
0 0.6782570422535211 0.9436619718309859 0.061619718309859156 0.11267605633802817 
0 0.030809859154929578 0.9416079812206573 0.05985915492957746 0.11678403755868545 
0 0.28741197183098594 0.9524647887323944 0.06778169014084508 0.09507042253521127 
0 0.577024647887324 0.13849765258215962 0.05721830985915493 0.23943661971830985 
0 0.26430457746478875 0.1511150234741784 0.05941901408450704 0.22007042253521128 
0 0.21148767605633803 0.15610328638497653 0.05941901408450704 0.20422535211267606 
0 0.13028169014084506 0.1552230046948357 0.061619718309859156 0.20833333333333334 
0 0.778169014084507 0.6572769953051644 0.05985915492957746 0.18192488262910797 
0 0.9762323943661971 0.6628521126760564 0.05017605633802817 0.17077464788732394 
0 0.8276848591549296 0.39818075117370894 0.050616197183098594 0.1426056338028169 
0 0.3611355633802817 0.14730046948356806 0.0682218309859155 0.2335680751173709 
0 0.8686179577464789 0.9380868544600939 0.0682218309859155 0.11326291079812206 
0 0.10321302816901408 0.6622652582159625 0.07350352112676056 0.18955399061032863 
0 0.7134683098591549 0.6640258215962441 0.07306338028169014 0.1766431924882629 
