0 0.40514964788732394 0.17869718309859156 0.06205985915492958 0.18838028169014084 
0 0.1153169014084507 0.4509976525821596 0.0625 0.18368544600938966 
0 0.48349471830985913 0.4078638497652582 0.05677816901408451 0.18779342723004694 
0 0.06492077464788733 0.732981220657277 0.09551056338028169 0.15610328638497653 
0 0.5431338028169014 0.40199530516431925 0.06338028169014084 0.20187793427230047 
0 0.34991197183098594 0.39642018779342725 0.05985915492957746 0.18368544600938966 
0 0.0605193661971831 0.448943661971831 0.05765845070422535 0.18779342723004694 
0 0.8956866197183099 0.14612676056338028 0.0625 0.20305164319248825 
0 0.8235035211267606 0.1517018779342723 0.08098591549295775 0.20950704225352113 
0 0.9212147887323944 0.6558098591549296 0.13028169014084506 0.20011737089201878 
0 0.9617077464788732 0.3835093896713615 0.07658450704225352 0.18955399061032863 
0 0.6661531690140845 0.6197183098591549 0.037411971830985914 0.1807511737089202 
0 0.2814700704225352 0.15463615023474178 0.04533450704225352 0.20715962441314553 
0 0.7484595070422535 0.3996478873239437 0.06382042253521127 0.18661971830985916 
0 0.49867957746478875 0.676056338028169 0.05985915492957746 0.24647887323943662 
0 0.2810299295774648 0.41813380281690143 0.07262323943661972 0.1789906103286385 
0 0.5358714788732394 0.1766431924882629 0.055897887323943664 0.1772300469483568 
0 0.558318661971831 0.6781103286384976 0.07262323943661972 0.23767605633802816 
0 0.7693661971830986 0.6558098591549296 0.0801056338028169 0.198943661971831 
0 0.4368397887323944 0.6916079812206573 0.06294014084507042 0.20363849765258216 
0 0.176056338028169 0.43661971830985913 0.07746478873239436 0.19483568075117372 
0 0.8125 0.38879107981220656 0.05897887323943662 0.19072769953051644 
0 0.33758802816901406 0.16549295774647887 0.06690140845070422 0.21713615023474178 
0 0.4722711267605634 0.17928403755868544 0.07482394366197183 0.18368544600938966 
0 0.4117517605633803 0.3984741784037559 0.06205985915492958 0.1772300469483568 
0 0.6630721830985915 0.17634976525821597 0.06910211267605634 0.16607981220657278 
0 0.6764964788732394 0.3999413145539906 0.06690140845070422 0.19190140845070422 
0 0.6122359154929577 0.4052230046948357 0.04841549295774648 0.1813380281690141 
0 0.590669014084507 0.16285211267605634 0.05369718309859155 0.15786384976525822 
0 0.6214788732394366 0.6798708920187794 0.05193661971830986 0.20715962441314553 
0 0.8789612676056338 0.38028169014084506 0.06954225352112677 0.1784037558685446 
0 0.061179577464788734 0.19248826291079812 0.0721830985915493 0.1983568075117371 
0 0.40514964788732394 0.17869718309859156 0.06205985915492958 0.18838028169014084 
0 0.1153169014084507 0.4509976525821596 0.0625 0.18368544600938966 
0 0.48349471830985913 0.4078638497652582 0.05677816901408451 0.18779342723004694 
0 0.06492077464788733 0.732981220657277 0.09551056338028169 0.15610328638497653 
0 0.5431338028169014 0.40199530516431925 0.06338028169014084 0.20187793427230047 
0 0.34991197183098594 0.39642018779342725 0.05985915492957746 0.18368544600938966 
0 0.0605193661971831 0.448943661971831 0.05765845070422535 0.18779342723004694 
0 0.8956866197183099 0.14612676056338028 0.0625 0.20305164319248825 
0 0.8235035211267606 0.1517018779342723 0.08098591549295775 0.20950704225352113 
0 0.9212147887323944 0.6558098591549296 0.13028169014084506 0.20011737089201878 
0 0.9617077464788732 0.3835093896713615 0.07658450704225352 0.18955399061032863 
0 0.6661531690140845 0.6197183098591549 0.037411971830985914 0.1807511737089202 
0 0.2814700704225352 0.15463615023474178 0.04533450704225352 0.20715962441314553 
0 0.7484595070422535 0.3996478873239437 0.06382042253521127 0.18661971830985916 
0 0.49867957746478875 0.676056338028169 0.05985915492957746 0.24647887323943662 
0 0.2810299295774648 0.41813380281690143 0.07262323943661972 0.1789906103286385 
0 0.5358714788732394 0.1766431924882629 0.055897887323943664 0.1772300469483568 
0 0.558318661971831 0.6781103286384976 0.07262323943661972 0.23767605633802816 
0 0.7693661971830986 0.6558098591549296 0.0801056338028169 0.198943661971831 
0 0.4368397887323944 0.6916079812206573 0.06294014084507042 0.20363849765258216 
0 0.176056338028169 0.43661971830985913 0.07746478873239436 0.19483568075117372 
0 0.8125 0.38879107981220656 0.05897887323943662 0.19072769953051644 
0 0.33758802816901406 0.16549295774647887 0.06690140845070422 0.21713615023474178 
0 0.4722711267605634 0.17928403755868544 0.07482394366197183 0.18368544600938966 
0 0.4117517605633803 0.3984741784037559 0.06205985915492958 0.1772300469483568 
0 0.6630721830985915 0.17634976525821597 0.06910211267605634 0.16607981220657278 
0 0.6764964788732394 0.3999413145539906 0.06690140845070422 0.19190140845070422 
0 0.6122359154929577 0.4052230046948357 0.04841549295774648 0.1813380281690141 
0 0.590669014084507 0.16285211267605634 0.05369718309859155 0.15786384976525822 
0 0.6214788732394366 0.6798708920187794 0.05193661971830986 0.20715962441314553 
0 0.8789612676056338 0.38028169014084506 0.06954225352112677 0.1784037558685446 
0 0.061179577464788734 0.19248826291079812 0.0721830985915493 0.1983568075117371 
0 0.40514964788732394 0.17869718309859156 0.06205985915492958 0.18838028169014084 
0 0.1153169014084507 0.4509976525821596 0.0625 0.18368544600938966 
0 0.48349471830985913 0.4078638497652582 0.05677816901408451 0.18779342723004694 
0 0.06492077464788733 0.732981220657277 0.09551056338028169 0.15610328638497653 
0 0.5431338028169014 0.40199530516431925 0.06338028169014084 0.20187793427230047 
0 0.34991197183098594 0.39642018779342725 0.05985915492957746 0.18368544600938966 
0 0.0605193661971831 0.448943661971831 0.05765845070422535 0.18779342723004694 
0 0.8956866197183099 0.14612676056338028 0.0625 0.20305164319248825 
0 0.8235035211267606 0.1517018779342723 0.08098591549295775 0.20950704225352113 
0 0.9212147887323944 0.6558098591549296 0.13028169014084506 0.20011737089201878 
0 0.9617077464788732 0.3835093896713615 0.07658450704225352 0.18955399061032863 
0 0.6661531690140845 0.6197183098591549 0.037411971830985914 0.1807511737089202 
0 0.2814700704225352 0.15463615023474178 0.04533450704225352 0.20715962441314553 
0 0.7484595070422535 0.3996478873239437 0.06382042253521127 0.18661971830985916 
0 0.49867957746478875 0.676056338028169 0.05985915492957746 0.24647887323943662 
0 0.2810299295774648 0.41813380281690143 0.07262323943661972 0.1789906103286385 
0 0.5358714788732394 0.1766431924882629 0.055897887323943664 0.1772300469483568 
0 0.558318661971831 0.6781103286384976 0.07262323943661972 0.23767605633802816 
0 0.7693661971830986 0.6558098591549296 0.0801056338028169 0.198943661971831 
0 0.4368397887323944 0.6916079812206573 0.06294014084507042 0.20363849765258216 
0 0.176056338028169 0.43661971830985913 0.07746478873239436 0.19483568075117372 
0 0.8125 0.38879107981220656 0.05897887323943662 0.19072769953051644 
0 0.33758802816901406 0.16549295774647887 0.06690140845070422 0.21713615023474178 
0 0.4722711267605634 0.17928403755868544 0.07482394366197183 0.18368544600938966 
0 0.4117517605633803 0.3984741784037559 0.06205985915492958 0.1772300469483568 
0 0.6630721830985915 0.17634976525821597 0.06910211267605634 0.16607981220657278 
0 0.6764964788732394 0.3999413145539906 0.06690140845070422 0.19190140845070422 
0 0.6122359154929577 0.4052230046948357 0.04841549295774648 0.1813380281690141 
0 0.590669014084507 0.16285211267605634 0.05369718309859155 0.15786384976525822 
0 0.6214788732394366 0.6798708920187794 0.05193661971830986 0.20715962441314553 
0 0.8789612676056338 0.38028169014084506 0.06954225352112677 0.1784037558685446 
0 0.061179577464788734 0.19248826291079812 0.0721830985915493 0.1983568075117371 
