0 0.11487676056338028 0.2585093896713615 0.07482394366197183 0.15669014084507044 
0 0.5369718309859155 0.24882629107981222 0.07394366197183098 0.1596244131455399 
0 0.19410211267605634 0.25880281690140844 0.08538732394366197 0.1596244131455399 
0 0.2286531690140845 0.4709507042253521 0.0761443661971831 0.1613849765258216 
0 0.8182218309859155 0.494424882629108 0.06073943661971831 0.13791079812206572 
0 0.46588908450704225 0.47417840375586856 0.07878521126760564 0.1772300469483568 
0 0.7442781690140845 0.4897300469483568 0.08098591549295775 0.13791079812206572 
0 0.39106514084507044 0.4706572769953052 0.07262323943661972 0.17253521126760563 
0 0.7711267605633803 0.693368544600939 0.04929577464788732 0.1238262910798122 
0 0.3102992957746479 0.47007042253521125 0.08450704225352113 0.16314553990610328 
0 0.5585387323943662 0.4727112676056338 0.08714788732394366 0.1742957746478873 
0 0.3043573943661972 0.670481220657277 0.06734154929577464 0.1414319248826291 
0 0.2367957746478873 0.6696009389671361 0.07042253521126761 0.13028169014084506 
0 0.4432218309859155 0.6857394366197183 0.06690140845070422 0.13086854460093897 
0 0.8998679577464789 0.30369718309859156 0.08670774647887323 0.07922535211267606 
0 0.7084066901408451 0.6998239436619719 0.06029929577464789 0.11443661971830986 
0 0.4201144366197183 0.8588615023474179 0.06029929577464789 0.10387323943661972 
0 0.48899647887323944 0.8588615023474179 0.06866197183098592 0.1073943661971831 
0 0.8934859154929577 0.693075117370892 0.0625 0.12441314553990611 
0 0.9372799295774648 0.8306924882629108 0.10871478873239436 0.04636150234741784 
0 0.953125 0.5134976525821596 0.05941901408450704 0.11150234741784038 
0 0.813600352112676 0.30428403755868544 0.08142605633802817 0.07805164319248827 
0 0.8199823943661971 0.056338028169014086 0.08626760563380281 0.0892018779342723 
0 0.6841989436619719 0.05252347417840376 0.1289612676056338 0.08509389671361503 
0 0.9322183098591549 0.054870892018779344 0.11443661971830986 0.08392018779342723 
0 0.9641285211267606 0.6945422535211268 0.0682218309859155 0.1273474178403756 
0 0.10893485915492958 0.05369718309859155 0.07790492957746478 0.09565727699530517 
0 0.8338468309859155 0.6939553990610329 0.05149647887323944 0.12617370892018778 
0 0.16131161971830985 0.664612676056338 0.07174295774647887 0.12969483568075119 
0 0.6503080985915493 0.29518779342723006 0.06734154929577464 0.08450704225352113 
0 0.04181338028169014 0.2576291079812207 0.07306338028169014 0.15375586854460094 
0 0.561399647887324 0.8664906103286385 0.06558098591549295 0.11561032863849766 
0 0.5066021126760564 0.6916079812206573 0.05721830985915493 0.11913145539906103 
0 0.35805457746478875 0.8538732394366197 0.05237676056338028 0.09976525821596244 
0 0.686399647887324 0.8303990610328639 0.12191901408450705 0.046948356807511735 
0 0.6423855633802817 0.7053990610328639 0.055897887323943664 0.09976525821596244 
0 0.8866637323943662 0.49853286384976525 0.06734154929577464 0.13791079812206572 
0 0.5730633802816901 0.6960093896713615 0.06073943661971831 0.12206572769953052 
0 0.7255721830985915 0.2992957746478873 0.06382042253521127 0.08450704225352113 
0 0.02464788732394366 0.6584507042253521 0.04841549295774648 0.13497652582159625 
0 0.08604753521126761 0.6681338028169014 0.0682218309859155 0.13673708920187794 
0 0.3732394366197183 0.6822183098591549 0.06602112676056338 0.13204225352112675 
0 0.8983274647887324 0.22887323943661972 0.08362676056338028 0.07629107981220658 
0 0.8133802816901409 0.22799295774647887 0.08362676056338028 0.06866197183098592 
0 0.02992957746478873 0.05516431924882629 0.05721830985915493 0.10915492957746478 
0 0.9438820422535211 0.9017018779342723 0.1113556338028169 0.0534037558685446 
0 0.8204225352112676 0.8952464788732394 0.11795774647887323 0.06631455399061033 
0 0.1267605633802817 0.8400821596244131 0.08626760563380281 0.10504694835680752 
0 0.8186619718309859 0.82981220657277 0.10651408450704225 0.05046948356807512 
0 0.0488556338028169 0.8262910798122066 0.05721830985915493 0.10915492957746478 
0 0.6903609154929577 0.8908450704225352 0.12984154929577466 0.06924882629107981 
0 0.0801056338028169 0.47183098591549294 0.07834507042253522 0.1396713615023474 
0 0.15404929577464788 0.4765258215962441 0.07130281690140845 0.13145539906103287 
0 0.11487676056338028 0.2585093896713615 0.07482394366197183 0.15669014084507044 
0 0.5369718309859155 0.24882629107981222 0.07394366197183098 0.1596244131455399 
0 0.19410211267605634 0.25880281690140844 0.08538732394366197 0.1596244131455399 
0 0.2286531690140845 0.4709507042253521 0.0761443661971831 0.1613849765258216 
0 0.8182218309859155 0.494424882629108 0.06073943661971831 0.13791079812206572 
0 0.46588908450704225 0.47417840375586856 0.07878521126760564 0.1772300469483568 
0 0.7442781690140845 0.4897300469483568 0.08098591549295775 0.13791079812206572 
0 0.39106514084507044 0.4706572769953052 0.07262323943661972 0.17253521126760563 
0 0.7711267605633803 0.693368544600939 0.04929577464788732 0.1238262910798122 
0 0.3102992957746479 0.47007042253521125 0.08450704225352113 0.16314553990610328 
0 0.5585387323943662 0.4727112676056338 0.08714788732394366 0.1742957746478873 
0 0.3043573943661972 0.670481220657277 0.06734154929577464 0.1414319248826291 
0 0.2367957746478873 0.6696009389671361 0.07042253521126761 0.13028169014084506 
0 0.4432218309859155 0.6857394366197183 0.06690140845070422 0.13086854460093897 
0 0.8998679577464789 0.30369718309859156 0.08670774647887323 0.07922535211267606 
0 0.7084066901408451 0.6998239436619719 0.06029929577464789 0.11443661971830986 
0 0.4201144366197183 0.8588615023474179 0.06029929577464789 0.10387323943661972 
0 0.48899647887323944 0.8588615023474179 0.06866197183098592 0.1073943661971831 
0 0.8934859154929577 0.693075117370892 0.0625 0.12441314553990611 
0 0.9372799295774648 0.8306924882629108 0.10871478873239436 0.04636150234741784 
0 0.953125 0.5134976525821596 0.05941901408450704 0.11150234741784038 
0 0.813600352112676 0.30428403755868544 0.08142605633802817 0.07805164319248827 
0 0.8199823943661971 0.056338028169014086 0.08626760563380281 0.0892018779342723 
0 0.6841989436619719 0.05252347417840376 0.1289612676056338 0.08509389671361503 
0 0.9322183098591549 0.054870892018779344 0.11443661971830986 0.08392018779342723 
0 0.9641285211267606 0.6945422535211268 0.0682218309859155 0.1273474178403756 
0 0.10893485915492958 0.05369718309859155 0.07790492957746478 0.09565727699530517 
0 0.8338468309859155 0.6939553990610329 0.05149647887323944 0.12617370892018778 
0 0.16131161971830985 0.664612676056338 0.07174295774647887 0.12969483568075119 
0 0.6503080985915493 0.29518779342723006 0.06734154929577464 0.08450704225352113 
0 0.04181338028169014 0.2576291079812207 0.07306338028169014 0.15375586854460094 
0 0.561399647887324 0.8664906103286385 0.06558098591549295 0.11561032863849766 
0 0.5066021126760564 0.6916079812206573 0.05721830985915493 0.11913145539906103 
0 0.35805457746478875 0.8538732394366197 0.05237676056338028 0.09976525821596244 
0 0.686399647887324 0.8303990610328639 0.12191901408450705 0.046948356807511735 
0 0.6423855633802817 0.7053990610328639 0.055897887323943664 0.09976525821596244 
0 0.8866637323943662 0.49853286384976525 0.06734154929577464 0.13791079812206572 
0 0.5730633802816901 0.6960093896713615 0.06073943661971831 0.12206572769953052 
0 0.7255721830985915 0.2992957746478873 0.06382042253521127 0.08450704225352113 
0 0.02464788732394366 0.6584507042253521 0.04841549295774648 0.13497652582159625 
0 0.08604753521126761 0.6681338028169014 0.0682218309859155 0.13673708920187794 
0 0.3732394366197183 0.6822183098591549 0.06602112676056338 0.13204225352112675 
0 0.8983274647887324 0.22887323943661972 0.08362676056338028 0.07629107981220658 
0 0.8133802816901409 0.22799295774647887 0.08362676056338028 0.06866197183098592 
0 0.02992957746478873 0.05516431924882629 0.05721830985915493 0.10915492957746478 
0 0.9438820422535211 0.9017018779342723 0.1113556338028169 0.0534037558685446 
0 0.8204225352112676 0.8952464788732394 0.11795774647887323 0.06631455399061033 
0 0.1267605633802817 0.8400821596244131 0.08626760563380281 0.10504694835680752 
0 0.8186619718309859 0.82981220657277 0.10651408450704225 0.05046948356807512 
0 0.0488556338028169 0.8262910798122066 0.05721830985915493 0.10915492957746478 
0 0.6903609154929577 0.8908450704225352 0.12984154929577466 0.06924882629107981 
0 0.0801056338028169 0.47183098591549294 0.07834507042253522 0.1396713615023474 
0 0.15404929577464788 0.4765258215962441 0.07130281690140845 0.13145539906103287 
0 0.11487676056338028 0.2585093896713615 0.07482394366197183 0.15669014084507044 
0 0.5369718309859155 0.24882629107981222 0.07394366197183098 0.1596244131455399 
0 0.19410211267605634 0.25880281690140844 0.08538732394366197 0.1596244131455399 
0 0.2286531690140845 0.4709507042253521 0.0761443661971831 0.1613849765258216 
0 0.8182218309859155 0.494424882629108 0.06073943661971831 0.13791079812206572 
0 0.46588908450704225 0.47417840375586856 0.07878521126760564 0.1772300469483568 
0 0.7442781690140845 0.4897300469483568 0.08098591549295775 0.13791079812206572 
0 0.39106514084507044 0.4706572769953052 0.07262323943661972 0.17253521126760563 
0 0.7711267605633803 0.693368544600939 0.04929577464788732 0.1238262910798122 
0 0.3102992957746479 0.47007042253521125 0.08450704225352113 0.16314553990610328 
0 0.5585387323943662 0.4727112676056338 0.08714788732394366 0.1742957746478873 
0 0.3043573943661972 0.670481220657277 0.06734154929577464 0.1414319248826291 
0 0.2367957746478873 0.6696009389671361 0.07042253521126761 0.13028169014084506 
0 0.4432218309859155 0.6857394366197183 0.06690140845070422 0.13086854460093897 
0 0.8998679577464789 0.30369718309859156 0.08670774647887323 0.07922535211267606 
0 0.7084066901408451 0.6998239436619719 0.06029929577464789 0.11443661971830986 
0 0.4201144366197183 0.8588615023474179 0.06029929577464789 0.10387323943661972 
0 0.48899647887323944 0.8588615023474179 0.06866197183098592 0.1073943661971831 
0 0.8934859154929577 0.693075117370892 0.0625 0.12441314553990611 
0 0.9372799295774648 0.8306924882629108 0.10871478873239436 0.04636150234741784 
0 0.953125 0.5134976525821596 0.05941901408450704 0.11150234741784038 
0 0.813600352112676 0.30428403755868544 0.08142605633802817 0.07805164319248827 
0 0.8199823943661971 0.056338028169014086 0.08626760563380281 0.0892018779342723 
0 0.6841989436619719 0.05252347417840376 0.1289612676056338 0.08509389671361503 
0 0.9322183098591549 0.054870892018779344 0.11443661971830986 0.08392018779342723 
0 0.9641285211267606 0.6945422535211268 0.0682218309859155 0.1273474178403756 
0 0.10893485915492958 0.05369718309859155 0.07790492957746478 0.09565727699530517 
0 0.8338468309859155 0.6939553990610329 0.05149647887323944 0.12617370892018778 
0 0.16131161971830985 0.664612676056338 0.07174295774647887 0.12969483568075119 
0 0.6503080985915493 0.29518779342723006 0.06734154929577464 0.08450704225352113 
0 0.04181338028169014 0.2576291079812207 0.07306338028169014 0.15375586854460094 
0 0.561399647887324 0.8664906103286385 0.06558098591549295 0.11561032863849766 
0 0.5066021126760564 0.6916079812206573 0.05721830985915493 0.11913145539906103 
0 0.35805457746478875 0.8538732394366197 0.05237676056338028 0.09976525821596244 
0 0.686399647887324 0.8303990610328639 0.12191901408450705 0.046948356807511735 
0 0.6423855633802817 0.7053990610328639 0.055897887323943664 0.09976525821596244 
0 0.8866637323943662 0.49853286384976525 0.06734154929577464 0.13791079812206572 
0 0.5730633802816901 0.6960093896713615 0.06073943661971831 0.12206572769953052 
0 0.7255721830985915 0.2992957746478873 0.06382042253521127 0.08450704225352113 
0 0.02464788732394366 0.6584507042253521 0.04841549295774648 0.13497652582159625 
0 0.08604753521126761 0.6681338028169014 0.0682218309859155 0.13673708920187794 
0 0.3732394366197183 0.6822183098591549 0.06602112676056338 0.13204225352112675 
0 0.8983274647887324 0.22887323943661972 0.08362676056338028 0.07629107981220658 
0 0.8133802816901409 0.22799295774647887 0.08362676056338028 0.06866197183098592 
0 0.02992957746478873 0.05516431924882629 0.05721830985915493 0.10915492957746478 
0 0.9438820422535211 0.9017018779342723 0.1113556338028169 0.0534037558685446 
0 0.8204225352112676 0.8952464788732394 0.11795774647887323 0.06631455399061033 
0 0.1267605633802817 0.8400821596244131 0.08626760563380281 0.10504694835680752 
0 0.8186619718309859 0.82981220657277 0.10651408450704225 0.05046948356807512 
0 0.0488556338028169 0.8262910798122066 0.05721830985915493 0.10915492957746478 
0 0.6903609154929577 0.8908450704225352 0.12984154929577466 0.06924882629107981 
0 0.0801056338028169 0.47183098591549294 0.07834507042253522 0.1396713615023474 
0 0.15404929577464788 0.4765258215962441 0.07130281690140845 0.13145539906103287 
