0 0.394806338028169 0.7238849765258216 0.06866197183098592 0.18251173708920188 
0 0.08494718309859155 0.22652582159624413 0.03961267605633803 0.18309859154929578 
0 0.029049295774647887 0.4621478873239437 0.0528169014084507 0.17312206572769953 
0 0.5092429577464789 0.2244718309859155 0.0625 0.1965962441314554 
0 0.6430457746478874 0.22799295774647887 0.061619718309859156 0.19190140845070422 
0 0.24669894366197184 0.448943661971831 0.053257042253521125 0.1467136150234742 
0 0.4606073943661972 0.721537558685446 0.053257042253521125 0.1637323943661972 
0 0.6109154929577465 0.4618544600938967 0.05897887323943662 0.1795774647887324 
0 0.02464788732394366 0.24413145539906103 0.04841549295774648 0.1784037558685446 
0 0.20290492957746478 0.23708920187793428 0.061619718309859156 0.18309859154929578 
0 0.25528169014084506 0.2367957746478873 0.0625 0.1954225352112676 
0 0.09551056338028169 0.7403169014084507 0.06073943661971831 0.1414319248826291 
0 0.706205985915493 0.23034037558685447 0.06294014084507042 0.20481220657276994 
0 0.9511443661971831 0.7655516431924883 0.08538732394366197 0.13556338028169015 
0 0.9256161971830986 0.21332159624413147 0.07042253521126761 0.1977699530516432 
0 0.8472711267605634 0.4762323943661972 0.06778169014084508 0.18016431924882628 
0 0.9663292253521126 0.4818075117370892 0.06382042253521127 0.17136150234741784 
0 0.5288292253521126 0.7482394366197183 0.0664612676056338 0.1443661971830986 
0 0.02948943661971831 0.6977699530516432 0.058098591549295774 0.16901408450704225 
0 0.4471830985915493 0.2177230046948357 0.06602112676056338 0.1807511737089202 
0 0.3855633802816901 0.22359154929577466 0.0528169014084507 0.17136150234741784 
0 0.9077904929577465 0.47857981220657275 0.06294014084507042 0.16960093896713616 
0 0.769806338028169 0.24853286384976525 0.07130281690140845 0.18016431924882628 
0 0.21742957746478872 0.7406103286384976 0.06338028169014084 0.13849765258215962 
0 0.5728433098591549 0.22887323943661972 0.07086267605633803 0.18779342723004694 
0 0.13952464788732394 0.2432511737089202 0.06073943661971831 0.19072769953051644 
0 0.32108274647887325 0.23591549295774647 0.06910211267605634 0.19953051643192488 
0 0.6577904929577465 0.7520539906103286 0.058538732394366196 0.14612676056338028 
0 0.2814700704225352 0.7429577464788732 0.05149647887323944 0.13615023474178403 
0 0.3149207746478873 0.45686619718309857 0.07086267605633803 0.16607981220657278 
0 0.5908890845070423 0.749706572769953 0.061179577464788734 0.14964788732394366 
0 0.10585387323943662 0.4580399061032864 0.0840669014084507 0.17546948356807512 
0 0.5517165492957746 0.4686032863849765 0.050616197183098594 0.16255868544600938 
0 0.15470950704225353 0.7426643192488263 0.05677816901408451 0.13673708920187794 
0 0.4368397887323944 0.4650821596244131 0.055897887323943664 0.17546948356807512 
0 0.6670334507042254 0.4721244131455399 0.05237676056338028 0.16725352112676056 
0 0.33252640845070425 0.7382629107981221 0.0488556338028169 0.15610328638497653 
0 0.4975792253521127 0.46332159624413144 0.05765845070422535 0.1789906103286385 
0 0.17913732394366197 0.4562793427230047 0.07394366197183098 0.16725352112676056 
0 0.7282130281690141 0.4703638497652582 0.06294014084507042 0.18016431924882628 
0 0.394806338028169 0.7238849765258216 0.06866197183098592 0.18251173708920188 
0 0.08494718309859155 0.22652582159624413 0.03961267605633803 0.18309859154929578 
0 0.029049295774647887 0.4621478873239437 0.0528169014084507 0.17312206572769953 
0 0.5092429577464789 0.2244718309859155 0.0625 0.1965962441314554 
0 0.6430457746478874 0.22799295774647887 0.061619718309859156 0.19190140845070422 
0 0.24669894366197184 0.448943661971831 0.053257042253521125 0.1467136150234742 
0 0.4606073943661972 0.721537558685446 0.053257042253521125 0.1637323943661972 
0 0.6109154929577465 0.4618544600938967 0.05897887323943662 0.1795774647887324 
0 0.02464788732394366 0.24413145539906103 0.04841549295774648 0.1784037558685446 
0 0.20290492957746478 0.23708920187793428 0.061619718309859156 0.18309859154929578 
0 0.25528169014084506 0.2367957746478873 0.0625 0.1954225352112676 
0 0.09551056338028169 0.7403169014084507 0.06073943661971831 0.1414319248826291 
0 0.706205985915493 0.23034037558685447 0.06294014084507042 0.20481220657276994 
0 0.9511443661971831 0.7655516431924883 0.08538732394366197 0.13556338028169015 
0 0.9256161971830986 0.21332159624413147 0.07042253521126761 0.1977699530516432 
0 0.8472711267605634 0.4762323943661972 0.06778169014084508 0.18016431924882628 
0 0.9663292253521126 0.4818075117370892 0.06382042253521127 0.17136150234741784 
0 0.5288292253521126 0.7482394366197183 0.0664612676056338 0.1443661971830986 
0 0.02948943661971831 0.6977699530516432 0.058098591549295774 0.16901408450704225 
0 0.4471830985915493 0.2177230046948357 0.06602112676056338 0.1807511737089202 
0 0.3855633802816901 0.22359154929577466 0.0528169014084507 0.17136150234741784 
0 0.9077904929577465 0.47857981220657275 0.06294014084507042 0.16960093896713616 
0 0.769806338028169 0.24853286384976525 0.07130281690140845 0.18016431924882628 
0 0.21742957746478872 0.7406103286384976 0.06338028169014084 0.13849765258215962 
0 0.5728433098591549 0.22887323943661972 0.07086267605633803 0.18779342723004694 
0 0.13952464788732394 0.2432511737089202 0.06073943661971831 0.19072769953051644 
0 0.32108274647887325 0.23591549295774647 0.06910211267605634 0.19953051643192488 
0 0.6577904929577465 0.7520539906103286 0.058538732394366196 0.14612676056338028 
0 0.2814700704225352 0.7429577464788732 0.05149647887323944 0.13615023474178403 
0 0.3149207746478873 0.45686619718309857 0.07086267605633803 0.16607981220657278 
0 0.5908890845070423 0.749706572769953 0.061179577464788734 0.14964788732394366 
0 0.10585387323943662 0.4580399061032864 0.0840669014084507 0.17546948356807512 
0 0.5517165492957746 0.4686032863849765 0.050616197183098594 0.16255868544600938 
0 0.15470950704225353 0.7426643192488263 0.05677816901408451 0.13673708920187794 
0 0.4368397887323944 0.4650821596244131 0.055897887323943664 0.17546948356807512 
0 0.6670334507042254 0.4721244131455399 0.05237676056338028 0.16725352112676056 
0 0.33252640845070425 0.7382629107981221 0.0488556338028169 0.15610328638497653 
0 0.4975792253521127 0.46332159624413144 0.05765845070422535 0.1789906103286385 
0 0.17913732394366197 0.4562793427230047 0.07394366197183098 0.16725352112676056 
0 0.7282130281690141 0.4703638497652582 0.06294014084507042 0.18016431924882628 
0 0.394806338028169 0.7238849765258216 0.06866197183098592 0.18251173708920188 
0 0.08494718309859155 0.22652582159624413 0.03961267605633803 0.18309859154929578 
0 0.029049295774647887 0.4621478873239437 0.0528169014084507 0.17312206572769953 
0 0.5092429577464789 0.2244718309859155 0.0625 0.1965962441314554 
0 0.6430457746478874 0.22799295774647887 0.061619718309859156 0.19190140845070422 
0 0.24669894366197184 0.448943661971831 0.053257042253521125 0.1467136150234742 
0 0.4606073943661972 0.721537558685446 0.053257042253521125 0.1637323943661972 
0 0.6109154929577465 0.4618544600938967 0.05897887323943662 0.1795774647887324 
0 0.02464788732394366 0.24413145539906103 0.04841549295774648 0.1784037558685446 
0 0.20290492957746478 0.23708920187793428 0.061619718309859156 0.18309859154929578 
0 0.25528169014084506 0.2367957746478873 0.0625 0.1954225352112676 
0 0.09551056338028169 0.7403169014084507 0.06073943661971831 0.1414319248826291 
0 0.706205985915493 0.23034037558685447 0.06294014084507042 0.20481220657276994 
0 0.9511443661971831 0.7655516431924883 0.08538732394366197 0.13556338028169015 
0 0.9256161971830986 0.21332159624413147 0.07042253521126761 0.1977699530516432 
0 0.8472711267605634 0.4762323943661972 0.06778169014084508 0.18016431924882628 
0 0.9663292253521126 0.4818075117370892 0.06382042253521127 0.17136150234741784 
0 0.5288292253521126 0.7482394366197183 0.0664612676056338 0.1443661971830986 
0 0.02948943661971831 0.6977699530516432 0.058098591549295774 0.16901408450704225 
0 0.4471830985915493 0.2177230046948357 0.06602112676056338 0.1807511737089202 
0 0.3855633802816901 0.22359154929577466 0.0528169014084507 0.17136150234741784 
0 0.9077904929577465 0.47857981220657275 0.06294014084507042 0.16960093896713616 
0 0.769806338028169 0.24853286384976525 0.07130281690140845 0.18016431924882628 
0 0.21742957746478872 0.7406103286384976 0.06338028169014084 0.13849765258215962 
0 0.5728433098591549 0.22887323943661972 0.07086267605633803 0.18779342723004694 
0 0.13952464788732394 0.2432511737089202 0.06073943661971831 0.19072769953051644 
0 0.32108274647887325 0.23591549295774647 0.06910211267605634 0.19953051643192488 
0 0.6577904929577465 0.7520539906103286 0.058538732394366196 0.14612676056338028 
0 0.2814700704225352 0.7429577464788732 0.05149647887323944 0.13615023474178403 
0 0.3149207746478873 0.45686619718309857 0.07086267605633803 0.16607981220657278 
0 0.5908890845070423 0.749706572769953 0.061179577464788734 0.14964788732394366 
0 0.10585387323943662 0.4580399061032864 0.0840669014084507 0.17546948356807512 
0 0.5517165492957746 0.4686032863849765 0.050616197183098594 0.16255868544600938 
0 0.15470950704225353 0.7426643192488263 0.05677816901408451 0.13673708920187794 
0 0.4368397887323944 0.4650821596244131 0.055897887323943664 0.17546948356807512 
0 0.6670334507042254 0.4721244131455399 0.05237676056338028 0.16725352112676056 
0 0.33252640845070425 0.7382629107981221 0.0488556338028169 0.15610328638497653 
0 0.4975792253521127 0.46332159624413144 0.05765845070422535 0.1789906103286385 
0 0.17913732394366197 0.4562793427230047 0.07394366197183098 0.16725352112676056 
0 0.7282130281690141 0.4703638497652582 0.06294014084507042 0.18016431924882628 
