0 0.6679137323943662 0.8726525821596244 0.055897887323943664 0.17370892018779344 
0 0.2244718309859155 0.4061032863849765 0.05721830985915493 0.13732394366197184 
0 0.9055897887323944 0.17018779342723006 0.04181338028169014 0.107981220657277 
0 0.26870598591549294 0.636150234741784 0.05941901408450704 0.1267605633802817 
0 0.700044014084507 0.6414319248826291 0.06205985915492958 0.12089201877934272 
0 0.06470070422535211 0.198943661971831 0.035211267605633804 0.1396713615023474 
0 0.29313380281690143 0.18221830985915494 0.03961267605633803 0.15199530516431925 
0 0.6153169014084507 0.16285211267605634 0.035211267605633804 0.14847417840375587 
0 0.1679137323943662 0.18251173708920188 0.04621478873239437 0.13380281690140844 
0 0.5730633802816901 0.16109154929577466 0.040492957746478875 0.13908450704225353 
0 0.09397007042253522 0.647593896713615 0.050616197183098594 0.15316901408450703 
0 0.8538732394366197 0.16784037558685447 0.040492957746478875 0.12089201877934272 
0 0.6569102112676056 0.15874413145539906 0.042693661971830985 0.13673708920187794 
0 0.11421654929577464 0.19131455399061034 0.04533450704225352 0.1443661971830986 
0 0.7315140845070423 0.16461267605633803 0.04137323943661972 0.14847417840375587 
0 0.22183098591549297 0.18016431924882628 0.0528169014084507 0.14906103286384975 
0 0.7955545774647887 0.4269366197183099 0.06470070422535211 0.12617370892018778 
0 0.6978433098591549 0.43779342723004694 0.07174295774647887 0.12910798122065728 
0 0.4975792253521127 0.42194835680751175 0.055897887323943664 0.15258215962441316 
0 0.5165052816901409 0.6329225352112676 0.061179577464788734 0.14730046948356806 
0 0.7794894366197183 0.8729460093896714 0.05897887323943662 0.16960093896713616 
0 0.8375880281690141 0.8653169014084507 0.04401408450704225 0.1766431924882629 
0 0.3829225352112676 0.8670774647887324 0.05545774647887324 0.1813380281690141 
0 0.5547975352112676 0.8846830985915493 0.0488556338028169 0.1637323943661972 
0 0.49713908450704225 0.8717723004694836 0.05149647887323944 0.16607981220657278 
0 0.05369718309859155 0.8703051643192489 0.06426056338028169 0.1467136150234742 
0 0.6106954225352113 0.8773474178403756 0.0488556338028169 0.176056338028169 
0 0.19806338028169015 0.8603286384976526 0.043133802816901406 0.1396713615023474 
0 0.32438380281690143 0.18397887323943662 0.022887323943661973 0.1426056338028169 
0 0.2649647887323944 0.19072769953051644 0.018485915492957746 0.14084507042253522 
0 0.577024647887324 0.6464201877934272 0.06073943661971831 0.1402582159624413 
0 0.46588908450704225 0.1789906103286385 0.035651408450704226 0.1396713615023474 
0 0.7742077464788732 0.16637323943661972 0.03697183098591549 0.13438967136150234 
0 0.3419894366197183 0.3967136150234742 0.03961267605633803 0.13497652582159625 
0 0.13512323943661972 0.863556338028169 0.05457746478873239 0.1613849765258216 
0 0.9786531690140845 0.3940727699530516 0.03829225352112676 0.11795774647887323 
0 0.7680457746478874 0.43838028169014087 0.043133802816901406 0.09507042253521127 
0 0.8391285211267606 0.6340962441314554 0.05413732394366197 0.1813380281690141 
0 0.7992957746478874 0.17165492957746478 0.056338028169014086 0.1238262910798122 
0 0.9639084507042254 0.16696009389671362 0.04225352112676056 0.12030516431924883 
0 0.9487235915492958 0.8703051643192489 0.050616197183098594 0.16314553990610328 
0 0.8961267605633803 0.8615023474178404 0.0528169014084507 0.16666666666666666 
0 0.7295334507042254 0.3600352112676056 0.037411971830985914 0.08392018779342723 
0 0.02244718309859155 0.420481220657277 0.04401408450704225 0.1742957746478873 
0 0.5211267605633803 0.40669014084507044 0.04137323943661972 0.13028169014084506 
0 0.3939260563380282 0.16725352112676056 0.03609154929577465 0.13145539906103287 
0 0.8098591549295775 0.3840962441314554 0.04225352112676056 0.09917840375586855 
0 0.7634242957746479 0.3732394366197183 0.03917253521126761 0.0903755868544601 
0 0.9799735915492958 0.6197183098591549 0.04005281690140845 0.14553990610328638 
0 0.9375 0.39642018779342725 0.045774647887323945 0.13556338028169015 
0 0.3356073943661972 0.6285211267605634 0.04709507042253521 0.11854460093896714 
0 0.050616197183098594 0.6335093896713615 0.04401408450704225 0.1414319248826291 
0 0.5717429577464789 0.4078638497652582 0.0448943661971831 0.15258215962441316 
0 0.42715669014084506 0.16314553990610328 0.03829225352112676 0.13262910798122066 
0 0.018485915492957746 0.20803990610328638 0.03433098591549296 0.13438967136150234 
0 0.5103433098591549 0.1742957746478873 0.04181338028169014 0.12323943661971831 
0 0.2902728873239437 0.4099178403755869 0.04005281690140845 0.11913145539906103 
0 0.21390845070422534 0.6443661971830986 0.04665492957746479 0.1255868544600939 
0 0.6401848591549296 0.6452464788732394 0.05677816901408451 0.14612676056338028 
0 0.3928257042253521 0.6314553990610329 0.047975352112676055 0.12793427230046947 
0 0.4555457746478873 0.630868544600939 0.04665492957746479 0.12910798122065728 
0 0.16219190140845072 0.6367370892018779 0.04621478873239437 0.11971830985915492 
0 0.4410211267605634 0.4046361502347418 0.04753521126760563 0.14964788732394366 
0 0.38974471830985913 0.4107981220657277 0.04709507042253521 0.1396713615023474 
0 0.1657130281690141 0.4140258215962441 0.03917253521126761 0.11913145539906103 
0 0.26254401408450706 0.8603286384976526 0.0682218309859155 0.1795774647887324 
0 0.43860035211267606 0.875 0.05237676056338028 0.1807511737089202 
0 0.6679137323943662 0.8726525821596244 0.055897887323943664 0.17370892018779344 
0 0.2244718309859155 0.4061032863849765 0.05721830985915493 0.13732394366197184 
0 0.9055897887323944 0.17018779342723006 0.04181338028169014 0.107981220657277 
0 0.26870598591549294 0.636150234741784 0.05941901408450704 0.1267605633802817 
0 0.700044014084507 0.6414319248826291 0.06205985915492958 0.12089201877934272 
0 0.06470070422535211 0.198943661971831 0.035211267605633804 0.1396713615023474 
0 0.29313380281690143 0.18221830985915494 0.03961267605633803 0.15199530516431925 
0 0.6153169014084507 0.16285211267605634 0.035211267605633804 0.14847417840375587 
0 0.1679137323943662 0.18251173708920188 0.04621478873239437 0.13380281690140844 
0 0.5730633802816901 0.16109154929577466 0.040492957746478875 0.13908450704225353 
0 0.09397007042253522 0.647593896713615 0.050616197183098594 0.15316901408450703 
0 0.8538732394366197 0.16784037558685447 0.040492957746478875 0.12089201877934272 
0 0.6569102112676056 0.15874413145539906 0.042693661971830985 0.13673708920187794 
0 0.11421654929577464 0.19131455399061034 0.04533450704225352 0.1443661971830986 
0 0.7315140845070423 0.16461267605633803 0.04137323943661972 0.14847417840375587 
0 0.22183098591549297 0.18016431924882628 0.0528169014084507 0.14906103286384975 
0 0.7955545774647887 0.4269366197183099 0.06470070422535211 0.12617370892018778 
0 0.6978433098591549 0.43779342723004694 0.07174295774647887 0.12910798122065728 
0 0.4975792253521127 0.42194835680751175 0.055897887323943664 0.15258215962441316 
0 0.5165052816901409 0.6329225352112676 0.061179577464788734 0.14730046948356806 
0 0.7794894366197183 0.8729460093896714 0.05897887323943662 0.16960093896713616 
0 0.8375880281690141 0.8653169014084507 0.04401408450704225 0.1766431924882629 
0 0.3829225352112676 0.8670774647887324 0.05545774647887324 0.1813380281690141 
0 0.5547975352112676 0.8846830985915493 0.0488556338028169 0.1637323943661972 
0 0.49713908450704225 0.8717723004694836 0.05149647887323944 0.16607981220657278 
0 0.05369718309859155 0.8703051643192489 0.06426056338028169 0.1467136150234742 
0 0.6106954225352113 0.8773474178403756 0.0488556338028169 0.176056338028169 
0 0.19806338028169015 0.8603286384976526 0.043133802816901406 0.1396713615023474 
0 0.32438380281690143 0.18397887323943662 0.022887323943661973 0.1426056338028169 
0 0.2649647887323944 0.19072769953051644 0.018485915492957746 0.14084507042253522 
0 0.577024647887324 0.6464201877934272 0.06073943661971831 0.1402582159624413 
0 0.46588908450704225 0.1789906103286385 0.035651408450704226 0.1396713615023474 
0 0.7742077464788732 0.16637323943661972 0.03697183098591549 0.13438967136150234 
0 0.3419894366197183 0.3967136150234742 0.03961267605633803 0.13497652582159625 
0 0.13512323943661972 0.863556338028169 0.05457746478873239 0.1613849765258216 
0 0.9786531690140845 0.3940727699530516 0.03829225352112676 0.11795774647887323 
0 0.7680457746478874 0.43838028169014087 0.043133802816901406 0.09507042253521127 
0 0.8391285211267606 0.6340962441314554 0.05413732394366197 0.1813380281690141 
0 0.7992957746478874 0.17165492957746478 0.056338028169014086 0.1238262910798122 
0 0.9639084507042254 0.16696009389671362 0.04225352112676056 0.12030516431924883 
0 0.9487235915492958 0.8703051643192489 0.050616197183098594 0.16314553990610328 
0 0.8961267605633803 0.8615023474178404 0.0528169014084507 0.16666666666666666 
0 0.7295334507042254 0.3600352112676056 0.037411971830985914 0.08392018779342723 
0 0.02244718309859155 0.420481220657277 0.04401408450704225 0.1742957746478873 
0 0.5211267605633803 0.40669014084507044 0.04137323943661972 0.13028169014084506 
0 0.3939260563380282 0.16725352112676056 0.03609154929577465 0.13145539906103287 
0 0.8098591549295775 0.3840962441314554 0.04225352112676056 0.09917840375586855 
0 0.7634242957746479 0.3732394366197183 0.03917253521126761 0.0903755868544601 
0 0.9799735915492958 0.6197183098591549 0.04005281690140845 0.14553990610328638 
0 0.9375 0.39642018779342725 0.045774647887323945 0.13556338028169015 
0 0.3356073943661972 0.6285211267605634 0.04709507042253521 0.11854460093896714 
0 0.050616197183098594 0.6335093896713615 0.04401408450704225 0.1414319248826291 
0 0.5717429577464789 0.4078638497652582 0.0448943661971831 0.15258215962441316 
0 0.42715669014084506 0.16314553990610328 0.03829225352112676 0.13262910798122066 
0 0.018485915492957746 0.20803990610328638 0.03433098591549296 0.13438967136150234 
0 0.5103433098591549 0.1742957746478873 0.04181338028169014 0.12323943661971831 
0 0.2902728873239437 0.4099178403755869 0.04005281690140845 0.11913145539906103 
0 0.21390845070422534 0.6443661971830986 0.04665492957746479 0.1255868544600939 
0 0.6401848591549296 0.6452464788732394 0.05677816901408451 0.14612676056338028 
0 0.3928257042253521 0.6314553990610329 0.047975352112676055 0.12793427230046947 
0 0.4555457746478873 0.630868544600939 0.04665492957746479 0.12910798122065728 
0 0.16219190140845072 0.6367370892018779 0.04621478873239437 0.11971830985915492 
0 0.4410211267605634 0.4046361502347418 0.04753521126760563 0.14964788732394366 
0 0.38974471830985913 0.4107981220657277 0.04709507042253521 0.1396713615023474 
0 0.1657130281690141 0.4140258215962441 0.03917253521126761 0.11913145539906103 
0 0.26254401408450706 0.8603286384976526 0.0682218309859155 0.1795774647887324 
0 0.43860035211267606 0.875 0.05237676056338028 0.1807511737089202 
0 0.6679137323943662 0.8726525821596244 0.055897887323943664 0.17370892018779344 
0 0.2244718309859155 0.4061032863849765 0.05721830985915493 0.13732394366197184 
0 0.9055897887323944 0.17018779342723006 0.04181338028169014 0.107981220657277 
0 0.26870598591549294 0.636150234741784 0.05941901408450704 0.1267605633802817 
0 0.700044014084507 0.6414319248826291 0.06205985915492958 0.12089201877934272 
0 0.06470070422535211 0.198943661971831 0.035211267605633804 0.1396713615023474 
0 0.29313380281690143 0.18221830985915494 0.03961267605633803 0.15199530516431925 
0 0.6153169014084507 0.16285211267605634 0.035211267605633804 0.14847417840375587 
0 0.1679137323943662 0.18251173708920188 0.04621478873239437 0.13380281690140844 
0 0.5730633802816901 0.16109154929577466 0.040492957746478875 0.13908450704225353 
0 0.09397007042253522 0.647593896713615 0.050616197183098594 0.15316901408450703 
0 0.8538732394366197 0.16784037558685447 0.040492957746478875 0.12089201877934272 
0 0.6569102112676056 0.15874413145539906 0.042693661971830985 0.13673708920187794 
0 0.11421654929577464 0.19131455399061034 0.04533450704225352 0.1443661971830986 
0 0.7315140845070423 0.16461267605633803 0.04137323943661972 0.14847417840375587 
0 0.22183098591549297 0.18016431924882628 0.0528169014084507 0.14906103286384975 
0 0.7955545774647887 0.4269366197183099 0.06470070422535211 0.12617370892018778 
0 0.6978433098591549 0.43779342723004694 0.07174295774647887 0.12910798122065728 
0 0.4975792253521127 0.42194835680751175 0.055897887323943664 0.15258215962441316 
0 0.5165052816901409 0.6329225352112676 0.061179577464788734 0.14730046948356806 
0 0.7794894366197183 0.8729460093896714 0.05897887323943662 0.16960093896713616 
0 0.8375880281690141 0.8653169014084507 0.04401408450704225 0.1766431924882629 
0 0.3829225352112676 0.8670774647887324 0.05545774647887324 0.1813380281690141 
0 0.5547975352112676 0.8846830985915493 0.0488556338028169 0.1637323943661972 
0 0.49713908450704225 0.8717723004694836 0.05149647887323944 0.16607981220657278 
0 0.05369718309859155 0.8703051643192489 0.06426056338028169 0.1467136150234742 
0 0.6106954225352113 0.8773474178403756 0.0488556338028169 0.176056338028169 
0 0.19806338028169015 0.8603286384976526 0.043133802816901406 0.1396713615023474 
0 0.32438380281690143 0.18397887323943662 0.022887323943661973 0.1426056338028169 
0 0.2649647887323944 0.19072769953051644 0.018485915492957746 0.14084507042253522 
0 0.577024647887324 0.6464201877934272 0.06073943661971831 0.1402582159624413 
0 0.46588908450704225 0.1789906103286385 0.035651408450704226 0.1396713615023474 
0 0.7742077464788732 0.16637323943661972 0.03697183098591549 0.13438967136150234 
0 0.3419894366197183 0.3967136150234742 0.03961267605633803 0.13497652582159625 
0 0.13512323943661972 0.863556338028169 0.05457746478873239 0.1613849765258216 
0 0.9786531690140845 0.3940727699530516 0.03829225352112676 0.11795774647887323 
0 0.7680457746478874 0.43838028169014087 0.043133802816901406 0.09507042253521127 
0 0.8391285211267606 0.6340962441314554 0.05413732394366197 0.1813380281690141 
0 0.7992957746478874 0.17165492957746478 0.056338028169014086 0.1238262910798122 
0 0.9639084507042254 0.16696009389671362 0.04225352112676056 0.12030516431924883 
0 0.9487235915492958 0.8703051643192489 0.050616197183098594 0.16314553990610328 
0 0.8961267605633803 0.8615023474178404 0.0528169014084507 0.16666666666666666 
0 0.7295334507042254 0.3600352112676056 0.037411971830985914 0.08392018779342723 
0 0.02244718309859155 0.420481220657277 0.04401408450704225 0.1742957746478873 
0 0.5211267605633803 0.40669014084507044 0.04137323943661972 0.13028169014084506 
0 0.3939260563380282 0.16725352112676056 0.03609154929577465 0.13145539906103287 
0 0.8098591549295775 0.3840962441314554 0.04225352112676056 0.09917840375586855 
0 0.7634242957746479 0.3732394366197183 0.03917253521126761 0.0903755868544601 
0 0.9799735915492958 0.6197183098591549 0.04005281690140845 0.14553990610328638 
0 0.9375 0.39642018779342725 0.045774647887323945 0.13556338028169015 
0 0.3356073943661972 0.6285211267605634 0.04709507042253521 0.11854460093896714 
0 0.050616197183098594 0.6335093896713615 0.04401408450704225 0.1414319248826291 
0 0.5717429577464789 0.4078638497652582 0.0448943661971831 0.15258215962441316 
0 0.42715669014084506 0.16314553990610328 0.03829225352112676 0.13262910798122066 
0 0.018485915492957746 0.20803990610328638 0.03433098591549296 0.13438967136150234 
0 0.5103433098591549 0.1742957746478873 0.04181338028169014 0.12323943661971831 
0 0.2902728873239437 0.4099178403755869 0.04005281690140845 0.11913145539906103 
0 0.21390845070422534 0.6443661971830986 0.04665492957746479 0.1255868544600939 
0 0.6401848591549296 0.6452464788732394 0.05677816901408451 0.14612676056338028 
0 0.3928257042253521 0.6314553990610329 0.047975352112676055 0.12793427230046947 
0 0.4555457746478873 0.630868544600939 0.04665492957746479 0.12910798122065728 
0 0.16219190140845072 0.6367370892018779 0.04621478873239437 0.11971830985915492 
0 0.4410211267605634 0.4046361502347418 0.04753521126760563 0.14964788732394366 
0 0.38974471830985913 0.4107981220657277 0.04709507042253521 0.1396713615023474 
0 0.1657130281690141 0.4140258215962441 0.03917253521126761 0.11913145539906103 
0 0.26254401408450706 0.8603286384976526 0.0682218309859155 0.1795774647887324 
0 0.43860035211267606 0.875 0.05237676056338028 0.1807511737089202 
