0 0.9504841549295775 0.3230633802816901 0.05413732394366197 0.1437793427230047 
0 0.18727992957746478 0.6073943661971831 0.050616197183098594 0.16666666666666666 
0 0.1307218309859155 0.346537558685446 0.03609154929577465 0.12030516431924883 
0 0.9016285211267606 0.8506455399061033 0.061179577464788734 0.20246478873239437 
0 0.03169014084507042 0.6009389671361502 0.04929577464788732 0.142018779342723 
0 0.336487676056338 0.3386150234741784 0.03477112676056338 0.1267605633802817 
0 0.7995158450704225 0.5985915492957746 0.05677816901408451 0.18779342723004694 
0 0.3783010563380282 0.335387323943662 0.037411971830985914 0.13673708920187794 
0 0.8655369718309859 0.3154342723004695 0.035651408450704226 0.16725352112676056 
0 0.20862676056338028 0.3471244131455399 0.03609154929577465 0.13086854460093897 
0 0.05897887323943662 0.3485915492957746 0.03345070422535211 0.11384976525821597 
0 0.6172975352112676 0.5988849765258216 0.04005281690140845 0.17546948356807512 
0 0.2946742957746479 0.3380281690140845 0.03477112676056338 0.11971830985915492 
0 0.09463028169014084 0.35269953051643194 0.02992957746478873 0.11502347417840375 
0 0.025528169014084508 0.3573943661971831 0.032570422535211266 0.12793427230046947 
0 0.25616197183098594 0.346537558685446 0.025528169014084508 0.13673708920187794 
0 0.8116197183098591 0.32071596244131456 0.043133802816901406 0.1613849765258216 
0 0.5860475352112676 0.3342136150234742 0.03829225352112676 0.12030516431924883 
0 0.9496038732394366 0.5889084507042254 0.05677816901408451 0.18955399061032863 
0 0.4220950704225352 0.3421361502347418 0.037852112676056336 0.1396713615023474 
0 0.1736355633802817 0.3438967136150235 0.03389084507042254 0.1255868544600939 
0 0.2946742957746479 0.6153169014084507 0.05941901408450704 0.17312206572769953 
0 0.13468309859154928 0.5994718309859155 0.04665492957746479 0.16255868544600938 
0 0.628080985915493 0.32511737089201875 0.04841549295774648 0.14084507042253522 
0 0.7623239436619719 0.3227699530516432 0.040492957746478875 0.15492957746478872 
0 0.5391725352112676 0.3345070422535211 0.040492957746478875 0.1267605633802817 
0 0.41725352112676056 0.5977112676056338 0.0528169014084507 0.20129107981220656 
0 0.4621478873239437 0.34507042253521125 0.03697183098591549 0.13380281690140844 
0 0.24273767605633803 0.6126760563380281 0.05765845070422535 0.16549295774647887 
0 0.6720950704225352 0.3245305164319249 0.045774647887323945 0.14553990610328638 
0 0.4694102112676056 0.5918427230046949 0.04445422535211268 0.20950704225352113 
0 0.9022887323943662 0.31484741784037557 0.04225352112676056 0.15786384976525822 
0 0.49625880281690143 0.34624413145539906 0.037411971830985914 0.12206572769953052 
0 0.36201584507042256 0.6088615023474179 0.05413732394366197 0.17312206572769953 
0 0.7143485915492958 0.32717136150234744 0.04225352112676056 0.14730046948356806 
0 0.516725352112676 0.5944835680751174 0.04665492957746479 0.20187793427230047 
0 0.08230633802816902 0.6003521126760564 0.04753521126760563 0.1431924882629108 
0 0.5715228873239436 0.5936032863849765 0.05413732394366197 0.18485915492957747 
0 0.8327464788732394 0.8541666666666666 0.058098591549295774 0.20481220657276994 
0 0.8567341549295775 0.5947769953051644 0.04973591549295775 0.18955399061032863 
0 0.7673855633802817 0.857981220657277 0.05501760563380282 0.18779342723004694 
0 0.6910211267605634 0.8485915492957746 0.07746478873239436 0.21009389671361503 
0 0.5310299295774648 0.8541666666666666 0.0743838028169014 0.1954225352112676 
0 0.6054137323943662 0.8397887323943662 0.05941901408450704 0.16901408450704225 
0 0.03125 0.8397887323943662 0.05985915492957746 0.18779342723004694 
0 0.9537852112676056 0.8265845070422535 0.03609154929577465 0.1977699530516432 
0 0.985475352112676 0.8274647887323944 0.029049295774647887 0.19718309859154928 
0 0.9504841549295775 0.3230633802816901 0.05413732394366197 0.1437793427230047 
0 0.18727992957746478 0.6073943661971831 0.050616197183098594 0.16666666666666666 
0 0.1307218309859155 0.346537558685446 0.03609154929577465 0.12030516431924883 
0 0.9016285211267606 0.8506455399061033 0.061179577464788734 0.20246478873239437 
0 0.03169014084507042 0.6009389671361502 0.04929577464788732 0.142018779342723 
0 0.336487676056338 0.3386150234741784 0.03477112676056338 0.1267605633802817 
0 0.7995158450704225 0.5985915492957746 0.05677816901408451 0.18779342723004694 
0 0.3783010563380282 0.335387323943662 0.037411971830985914 0.13673708920187794 
0 0.8655369718309859 0.3154342723004695 0.035651408450704226 0.16725352112676056 
0 0.20862676056338028 0.3471244131455399 0.03609154929577465 0.13086854460093897 
0 0.05897887323943662 0.3485915492957746 0.03345070422535211 0.11384976525821597 
0 0.6172975352112676 0.5988849765258216 0.04005281690140845 0.17546948356807512 
0 0.2946742957746479 0.3380281690140845 0.03477112676056338 0.11971830985915492 
0 0.09463028169014084 0.35269953051643194 0.02992957746478873 0.11502347417840375 
0 0.025528169014084508 0.3573943661971831 0.032570422535211266 0.12793427230046947 
0 0.25616197183098594 0.346537558685446 0.025528169014084508 0.13673708920187794 
0 0.8116197183098591 0.32071596244131456 0.043133802816901406 0.1613849765258216 
0 0.5860475352112676 0.3342136150234742 0.03829225352112676 0.12030516431924883 
0 0.9496038732394366 0.5889084507042254 0.05677816901408451 0.18955399061032863 
0 0.4220950704225352 0.3421361502347418 0.037852112676056336 0.1396713615023474 
0 0.1736355633802817 0.3438967136150235 0.03389084507042254 0.1255868544600939 
0 0.2946742957746479 0.6153169014084507 0.05941901408450704 0.17312206572769953 
0 0.13468309859154928 0.5994718309859155 0.04665492957746479 0.16255868544600938 
0 0.628080985915493 0.32511737089201875 0.04841549295774648 0.14084507042253522 
0 0.7623239436619719 0.3227699530516432 0.040492957746478875 0.15492957746478872 
0 0.5391725352112676 0.3345070422535211 0.040492957746478875 0.1267605633802817 
0 0.41725352112676056 0.5977112676056338 0.0528169014084507 0.20129107981220656 
0 0.4621478873239437 0.34507042253521125 0.03697183098591549 0.13380281690140844 
0 0.24273767605633803 0.6126760563380281 0.05765845070422535 0.16549295774647887 
0 0.6720950704225352 0.3245305164319249 0.045774647887323945 0.14553990610328638 
0 0.4694102112676056 0.5918427230046949 0.04445422535211268 0.20950704225352113 
0 0.9022887323943662 0.31484741784037557 0.04225352112676056 0.15786384976525822 
0 0.49625880281690143 0.34624413145539906 0.037411971830985914 0.12206572769953052 
0 0.36201584507042256 0.6088615023474179 0.05413732394366197 0.17312206572769953 
0 0.7143485915492958 0.32717136150234744 0.04225352112676056 0.14730046948356806 
0 0.516725352112676 0.5944835680751174 0.04665492957746479 0.20187793427230047 
0 0.08230633802816902 0.6003521126760564 0.04753521126760563 0.1431924882629108 
0 0.5715228873239436 0.5936032863849765 0.05413732394366197 0.18485915492957747 
0 0.8327464788732394 0.8541666666666666 0.058098591549295774 0.20481220657276994 
0 0.8567341549295775 0.5947769953051644 0.04973591549295775 0.18955399061032863 
0 0.7673855633802817 0.857981220657277 0.05501760563380282 0.18779342723004694 
0 0.6910211267605634 0.8485915492957746 0.07746478873239436 0.21009389671361503 
0 0.5310299295774648 0.8541666666666666 0.0743838028169014 0.1954225352112676 
0 0.6054137323943662 0.8397887323943662 0.05941901408450704 0.16901408450704225 
0 0.03125 0.8397887323943662 0.05985915492957746 0.18779342723004694 
0 0.9537852112676056 0.8265845070422535 0.03609154929577465 0.1977699530516432 
0 0.985475352112676 0.8274647887323944 0.029049295774647887 0.19718309859154928 
0 0.9504841549295775 0.3230633802816901 0.05413732394366197 0.1437793427230047 
0 0.18727992957746478 0.6073943661971831 0.050616197183098594 0.16666666666666666 
0 0.1307218309859155 0.346537558685446 0.03609154929577465 0.12030516431924883 
0 0.9016285211267606 0.8506455399061033 0.061179577464788734 0.20246478873239437 
0 0.03169014084507042 0.6009389671361502 0.04929577464788732 0.142018779342723 
0 0.336487676056338 0.3386150234741784 0.03477112676056338 0.1267605633802817 
0 0.7995158450704225 0.5985915492957746 0.05677816901408451 0.18779342723004694 
0 0.3783010563380282 0.335387323943662 0.037411971830985914 0.13673708920187794 
0 0.8655369718309859 0.3154342723004695 0.035651408450704226 0.16725352112676056 
0 0.20862676056338028 0.3471244131455399 0.03609154929577465 0.13086854460093897 
0 0.05897887323943662 0.3485915492957746 0.03345070422535211 0.11384976525821597 
0 0.6172975352112676 0.5988849765258216 0.04005281690140845 0.17546948356807512 
0 0.2946742957746479 0.3380281690140845 0.03477112676056338 0.11971830985915492 
0 0.09463028169014084 0.35269953051643194 0.02992957746478873 0.11502347417840375 
0 0.025528169014084508 0.3573943661971831 0.032570422535211266 0.12793427230046947 
0 0.25616197183098594 0.346537558685446 0.025528169014084508 0.13673708920187794 
0 0.8116197183098591 0.32071596244131456 0.043133802816901406 0.1613849765258216 
0 0.5860475352112676 0.3342136150234742 0.03829225352112676 0.12030516431924883 
0 0.9496038732394366 0.5889084507042254 0.05677816901408451 0.18955399061032863 
0 0.4220950704225352 0.3421361502347418 0.037852112676056336 0.1396713615023474 
0 0.1736355633802817 0.3438967136150235 0.03389084507042254 0.1255868544600939 
0 0.2946742957746479 0.6153169014084507 0.05941901408450704 0.17312206572769953 
0 0.13468309859154928 0.5994718309859155 0.04665492957746479 0.16255868544600938 
0 0.628080985915493 0.32511737089201875 0.04841549295774648 0.14084507042253522 
0 0.7623239436619719 0.3227699530516432 0.040492957746478875 0.15492957746478872 
0 0.5391725352112676 0.3345070422535211 0.040492957746478875 0.1267605633802817 
0 0.41725352112676056 0.5977112676056338 0.0528169014084507 0.20129107981220656 
0 0.4621478873239437 0.34507042253521125 0.03697183098591549 0.13380281690140844 
0 0.24273767605633803 0.6126760563380281 0.05765845070422535 0.16549295774647887 
0 0.6720950704225352 0.3245305164319249 0.045774647887323945 0.14553990610328638 
0 0.4694102112676056 0.5918427230046949 0.04445422535211268 0.20950704225352113 
0 0.9022887323943662 0.31484741784037557 0.04225352112676056 0.15786384976525822 
0 0.49625880281690143 0.34624413145539906 0.037411971830985914 0.12206572769953052 
0 0.36201584507042256 0.6088615023474179 0.05413732394366197 0.17312206572769953 
0 0.7143485915492958 0.32717136150234744 0.04225352112676056 0.14730046948356806 
0 0.516725352112676 0.5944835680751174 0.04665492957746479 0.20187793427230047 
0 0.08230633802816902 0.6003521126760564 0.04753521126760563 0.1431924882629108 
0 0.5715228873239436 0.5936032863849765 0.05413732394366197 0.18485915492957747 
0 0.8327464788732394 0.8541666666666666 0.058098591549295774 0.20481220657276994 
0 0.8567341549295775 0.5947769953051644 0.04973591549295775 0.18955399061032863 
0 0.7673855633802817 0.857981220657277 0.05501760563380282 0.18779342723004694 
0 0.6910211267605634 0.8485915492957746 0.07746478873239436 0.21009389671361503 
0 0.5310299295774648 0.8541666666666666 0.0743838028169014 0.1954225352112676 
0 0.6054137323943662 0.8397887323943662 0.05941901408450704 0.16901408450704225 
0 0.03125 0.8397887323943662 0.05985915492957746 0.18779342723004694 
0 0.9537852112676056 0.8265845070422535 0.03609154929577465 0.1977699530516432 
0 0.985475352112676 0.8274647887323944 0.029049295774647887 0.19718309859154928 
