0 0.27024647887323944 0.7549882629107981 0.06778169014084508 0.1742957746478873 
0 0.3402288732394366 0.7617370892018779 0.07306338028169014 0.1784037558685446 
0 0.969850352112676 0.7834507042253521 0.05941901408450704 0.15140845070422534 
0 0.9782130281690141 0.5187793427230047 0.05237676056338028 0.17136150234741784 
0 0.819762323943662 0.533744131455399 0.06029929577464789 0.19072769953051644 
0 0.788512323943662 0.27992957746478875 0.058538732394366196 0.1795774647887324 
0 0.8463908450704225 0.27992957746478875 0.051056338028169015 0.1795774647887324 
0 0.14656690140845072 0.056338028169014086 0.035211267605633804 0.0880281690140845 
0 0.4128521126760563 0.051643192488262914 0.040492957746478875 0.0715962441314554 
0 0.10981514084507042 0.0534037558685446 0.035651408450704226 0.0880281690140845 
0 0.8820422535211268 0.5357981220657277 0.056338028169014086 0.20187793427230047 
0 0.19058098591549297 0.05516431924882629 0.035211267605633804 0.0880281690140845 
0 0.36619718309859156 0.04870892018779343 0.035211267605633804 0.0880281690140845 
0 0.3217429577464789 0.056924882629107984 0.035211267605633804 0.0880281690140845 
0 0.03939260563380282 0.5214201877934272 0.07790492957746478 0.2153755868544601 
0 0.07658450704225352 0.056924882629107984 0.032570422535211266 0.09389671361502347 
0 0.5334507042253521 0.04518779342723005 0.035211267605633804 0.0880281690140845 
0 0.5713028169014085 0.0443075117370892 0.035211267605633804 0.08744131455399061 
0 0.6212588028169014 0.04606807511737089 0.04357394366197183 0.08626760563380281 
0 0.6701144366197183 0.047828638497652586 0.04357394366197183 0.08626760563380281 
0 0.8105193661971831 0.04342723004694836 0.04357394366197183 0.08568075117370892 
0 0.8642165492957746 0.04342723004694836 0.04357394366197183 0.08568075117370892 
0 0.9529049295774648 0.04196009389671362 0.04225352112676056 0.07805164319248827 
0 0.9306778169014085 0.5155516431924883 0.03389084507042254 0.19190140845070422 
0 0.28653169014084506 0.056924882629107984 0.035211267605633804 0.0880281690140845 
0 0.0371919014084507 0.053110328638497656 0.037411971830985914 0.09213615023474178 
0 0.49295774647887325 0.0443075117370892 0.035211267605633804 0.08744131455399061 
0 0.4555457746478873 0.051056338028169015 0.04137323943661972 0.07863849765258216 
0 0.3571742957746479 0.29782863849765256 0.06029929577464789 0.15434272300469484 
0 0.12389964788732394 0.7520539906103286 0.08054577464788733 0.17077464788732394 
0 0.5121038732394366 0.7731807511737089 0.07878521126760564 0.1965962441314554 
0 0.7662852112676056 0.7629107981220657 0.06602112676056338 0.16666666666666666 
0 0.6775968309859155 0.5252347417840375 0.0682218309859155 0.18427230046948356 
0 0.6148767605633803 0.7740610328638498 0.0801056338028169 0.18896713615023475 
0 0.024867957746478875 0.30633802816901406 0.04709507042253521 0.13732394366197184 
0 0.6938820422535211 0.7717136150234741 0.07174295774647887 0.19014084507042253 
0 0.42077464788732394 0.766725352112676 0.07922535211267606 0.18016431924882628 
0 0.9366197183098591 0.2775821596244131 0.06602112676056338 0.19014084507042253 
0 0.29775528169014087 0.2981220657276995 0.058538732394366196 0.15492957746478872 
0 0.8450704225352113 0.7643779342723005 0.0801056338028169 0.1813380281690141 
0 0.4628080985915493 0.2878521126760563 0.047975352112676055 0.19307511737089203 
0 0.9066901408450704 0.0443075117370892 0.04225352112676056 0.07805164319248827 
0 0.18067781690140844 0.2966549295774648 0.05765845070422535 0.15434272300469484 
0 0.5081426056338029 0.2849178403755869 0.04709507042253521 0.18955399061032863 
0 0.6067341549295775 0.28169014084507044 0.04621478873239437 0.18192488262910797 
0 0.5585387323943662 0.2775821596244131 0.05193661971830986 0.1960093896713615 
0 0.1289612676056338 0.3004694835680751 0.04401408450704225 0.15258215962441316 
0 0.19982394366197184 0.7411971830985915 0.06338028169014084 0.16314553990610328 
0 0.6001320422535211 0.5208333333333334 0.06205985915492958 0.18016431924882628 
0 0.07702464788732394 0.2990023474178404 0.04929577464788732 0.159037558685446 
0 0.238556338028169 0.3019366197183099 0.06073943661971831 0.15316901408450703 
0 0.04709507042253521 0.7520539906103286 0.07130281690140845 0.1766431924882629 
0 0.4154929577464789 0.2907863849765258 0.043133802816901406 0.18720657276995306 
0 0.7528609154929577 0.5322769953051644 0.05941901408450704 0.20305164319248825 
0 0.519806338028169 0.528462441314554 0.06778169014084508 0.159037558685446 
0 0.27024647887323944 0.7549882629107981 0.06778169014084508 0.1742957746478873 
0 0.3402288732394366 0.7617370892018779 0.07306338028169014 0.1784037558685446 
0 0.969850352112676 0.7834507042253521 0.05941901408450704 0.15140845070422534 
0 0.9782130281690141 0.5187793427230047 0.05237676056338028 0.17136150234741784 
0 0.819762323943662 0.533744131455399 0.06029929577464789 0.19072769953051644 
0 0.788512323943662 0.27992957746478875 0.058538732394366196 0.1795774647887324 
0 0.8463908450704225 0.27992957746478875 0.051056338028169015 0.1795774647887324 
0 0.14656690140845072 0.056338028169014086 0.035211267605633804 0.0880281690140845 
0 0.4128521126760563 0.051643192488262914 0.040492957746478875 0.0715962441314554 
0 0.10981514084507042 0.0534037558685446 0.035651408450704226 0.0880281690140845 
0 0.8820422535211268 0.5357981220657277 0.056338028169014086 0.20187793427230047 
0 0.19058098591549297 0.05516431924882629 0.035211267605633804 0.0880281690140845 
0 0.36619718309859156 0.04870892018779343 0.035211267605633804 0.0880281690140845 
0 0.3217429577464789 0.056924882629107984 0.035211267605633804 0.0880281690140845 
0 0.03939260563380282 0.5214201877934272 0.07790492957746478 0.2153755868544601 
0 0.07658450704225352 0.056924882629107984 0.032570422535211266 0.09389671361502347 
0 0.5334507042253521 0.04518779342723005 0.035211267605633804 0.0880281690140845 
0 0.5713028169014085 0.0443075117370892 0.035211267605633804 0.08744131455399061 
0 0.6212588028169014 0.04606807511737089 0.04357394366197183 0.08626760563380281 
0 0.6701144366197183 0.047828638497652586 0.04357394366197183 0.08626760563380281 
0 0.8105193661971831 0.04342723004694836 0.04357394366197183 0.08568075117370892 
0 0.8642165492957746 0.04342723004694836 0.04357394366197183 0.08568075117370892 
0 0.9529049295774648 0.04196009389671362 0.04225352112676056 0.07805164319248827 
0 0.9306778169014085 0.5155516431924883 0.03389084507042254 0.19190140845070422 
0 0.28653169014084506 0.056924882629107984 0.035211267605633804 0.0880281690140845 
0 0.0371919014084507 0.053110328638497656 0.037411971830985914 0.09213615023474178 
0 0.49295774647887325 0.0443075117370892 0.035211267605633804 0.08744131455399061 
0 0.4555457746478873 0.051056338028169015 0.04137323943661972 0.07863849765258216 
0 0.3571742957746479 0.29782863849765256 0.06029929577464789 0.15434272300469484 
0 0.12389964788732394 0.7520539906103286 0.08054577464788733 0.17077464788732394 
0 0.5121038732394366 0.7731807511737089 0.07878521126760564 0.1965962441314554 
0 0.7662852112676056 0.7629107981220657 0.06602112676056338 0.16666666666666666 
0 0.6775968309859155 0.5252347417840375 0.0682218309859155 0.18427230046948356 
0 0.6148767605633803 0.7740610328638498 0.0801056338028169 0.18896713615023475 
0 0.024867957746478875 0.30633802816901406 0.04709507042253521 0.13732394366197184 
0 0.6938820422535211 0.7717136150234741 0.07174295774647887 0.19014084507042253 
0 0.42077464788732394 0.766725352112676 0.07922535211267606 0.18016431924882628 
0 0.9366197183098591 0.2775821596244131 0.06602112676056338 0.19014084507042253 
0 0.29775528169014087 0.2981220657276995 0.058538732394366196 0.15492957746478872 
0 0.8450704225352113 0.7643779342723005 0.0801056338028169 0.1813380281690141 
0 0.4628080985915493 0.2878521126760563 0.047975352112676055 0.19307511737089203 
0 0.9066901408450704 0.0443075117370892 0.04225352112676056 0.07805164319248827 
0 0.18067781690140844 0.2966549295774648 0.05765845070422535 0.15434272300469484 
0 0.5081426056338029 0.2849178403755869 0.04709507042253521 0.18955399061032863 
0 0.6067341549295775 0.28169014084507044 0.04621478873239437 0.18192488262910797 
0 0.5585387323943662 0.2775821596244131 0.05193661971830986 0.1960093896713615 
0 0.1289612676056338 0.3004694835680751 0.04401408450704225 0.15258215962441316 
0 0.19982394366197184 0.7411971830985915 0.06338028169014084 0.16314553990610328 
0 0.6001320422535211 0.5208333333333334 0.06205985915492958 0.18016431924882628 
0 0.07702464788732394 0.2990023474178404 0.04929577464788732 0.159037558685446 
0 0.238556338028169 0.3019366197183099 0.06073943661971831 0.15316901408450703 
0 0.04709507042253521 0.7520539906103286 0.07130281690140845 0.1766431924882629 
0 0.4154929577464789 0.2907863849765258 0.043133802816901406 0.18720657276995306 
0 0.7528609154929577 0.5322769953051644 0.05941901408450704 0.20305164319248825 
0 0.519806338028169 0.528462441314554 0.06778169014084508 0.159037558685446 
0 0.27024647887323944 0.7549882629107981 0.06778169014084508 0.1742957746478873 
0 0.3402288732394366 0.7617370892018779 0.07306338028169014 0.1784037558685446 
0 0.969850352112676 0.7834507042253521 0.05941901408450704 0.15140845070422534 
0 0.9782130281690141 0.5187793427230047 0.05237676056338028 0.17136150234741784 
0 0.819762323943662 0.533744131455399 0.06029929577464789 0.19072769953051644 
0 0.788512323943662 0.27992957746478875 0.058538732394366196 0.1795774647887324 
0 0.8463908450704225 0.27992957746478875 0.051056338028169015 0.1795774647887324 
0 0.14656690140845072 0.056338028169014086 0.035211267605633804 0.0880281690140845 
0 0.4128521126760563 0.051643192488262914 0.040492957746478875 0.0715962441314554 
0 0.10981514084507042 0.0534037558685446 0.035651408450704226 0.0880281690140845 
0 0.8820422535211268 0.5357981220657277 0.056338028169014086 0.20187793427230047 
0 0.19058098591549297 0.05516431924882629 0.035211267605633804 0.0880281690140845 
0 0.36619718309859156 0.04870892018779343 0.035211267605633804 0.0880281690140845 
0 0.3217429577464789 0.056924882629107984 0.035211267605633804 0.0880281690140845 
0 0.03939260563380282 0.5214201877934272 0.07790492957746478 0.2153755868544601 
0 0.07658450704225352 0.056924882629107984 0.032570422535211266 0.09389671361502347 
0 0.5334507042253521 0.04518779342723005 0.035211267605633804 0.0880281690140845 
0 0.5713028169014085 0.0443075117370892 0.035211267605633804 0.08744131455399061 
0 0.6212588028169014 0.04606807511737089 0.04357394366197183 0.08626760563380281 
0 0.6701144366197183 0.047828638497652586 0.04357394366197183 0.08626760563380281 
0 0.8105193661971831 0.04342723004694836 0.04357394366197183 0.08568075117370892 
0 0.8642165492957746 0.04342723004694836 0.04357394366197183 0.08568075117370892 
0 0.9529049295774648 0.04196009389671362 0.04225352112676056 0.07805164319248827 
0 0.9306778169014085 0.5155516431924883 0.03389084507042254 0.19190140845070422 
0 0.28653169014084506 0.056924882629107984 0.035211267605633804 0.0880281690140845 
0 0.0371919014084507 0.053110328638497656 0.037411971830985914 0.09213615023474178 
0 0.49295774647887325 0.0443075117370892 0.035211267605633804 0.08744131455399061 
0 0.4555457746478873 0.051056338028169015 0.04137323943661972 0.07863849765258216 
0 0.3571742957746479 0.29782863849765256 0.06029929577464789 0.15434272300469484 
0 0.12389964788732394 0.7520539906103286 0.08054577464788733 0.17077464788732394 
0 0.5121038732394366 0.7731807511737089 0.07878521126760564 0.1965962441314554 
0 0.7662852112676056 0.7629107981220657 0.06602112676056338 0.16666666666666666 
0 0.6775968309859155 0.5252347417840375 0.0682218309859155 0.18427230046948356 
0 0.6148767605633803 0.7740610328638498 0.0801056338028169 0.18896713615023475 
0 0.024867957746478875 0.30633802816901406 0.04709507042253521 0.13732394366197184 
0 0.6938820422535211 0.7717136150234741 0.07174295774647887 0.19014084507042253 
0 0.42077464788732394 0.766725352112676 0.07922535211267606 0.18016431924882628 
0 0.9366197183098591 0.2775821596244131 0.06602112676056338 0.19014084507042253 
0 0.29775528169014087 0.2981220657276995 0.058538732394366196 0.15492957746478872 
0 0.8450704225352113 0.7643779342723005 0.0801056338028169 0.1813380281690141 
0 0.4628080985915493 0.2878521126760563 0.047975352112676055 0.19307511737089203 
0 0.9066901408450704 0.0443075117370892 0.04225352112676056 0.07805164319248827 
0 0.18067781690140844 0.2966549295774648 0.05765845070422535 0.15434272300469484 
0 0.5081426056338029 0.2849178403755869 0.04709507042253521 0.18955399061032863 
0 0.6067341549295775 0.28169014084507044 0.04621478873239437 0.18192488262910797 
0 0.5585387323943662 0.2775821596244131 0.05193661971830986 0.1960093896713615 
0 0.1289612676056338 0.3004694835680751 0.04401408450704225 0.15258215962441316 
0 0.19982394366197184 0.7411971830985915 0.06338028169014084 0.16314553990610328 
0 0.6001320422535211 0.5208333333333334 0.06205985915492958 0.18016431924882628 
0 0.07702464788732394 0.2990023474178404 0.04929577464788732 0.159037558685446 
0 0.238556338028169 0.3019366197183099 0.06073943661971831 0.15316901408450703 
0 0.04709507042253521 0.7520539906103286 0.07130281690140845 0.1766431924882629 
0 0.4154929577464789 0.2907863849765258 0.043133802816901406 0.18720657276995306 
0 0.7528609154929577 0.5322769953051644 0.05941901408450704 0.20305164319248825 
0 0.519806338028169 0.528462441314554 0.06778169014084508 0.159037558685446 
