0 0.9172535211267606 0.24119718309859156 0.05457746478873239 0.19483568075117372 
0 0.14172535211267606 0.4671361502347418 0.06690140845070422 0.18896713615023475 
0 0.36047535211267606 0.46566901408450706 0.05897887323943662 0.18603286384976525 
0 0.7929137323943662 0.4721244131455399 0.07174295774647887 0.1789906103286385 
0 0.6190580985915493 0.22535211267605634 0.053257042253521125 0.16666666666666666 
0 0.6355633802816901 0.47124413145539906 0.06954225352112677 0.19014084507042253 
0 0.7147887323943662 0.47476525821596244 0.06514084507042253 0.18896713615023475 
0 0.5321302816901409 0.76731220657277 0.09507042253521127 0.1965962441314554 
0 0.2913732394366197 0.4624413145539906 0.06954225352112677 0.1784037558685446 
0 0.8690580985915493 0.4876760563380282 0.06910211267605634 0.16901408450704225 
0 0.5305897887323944 0.46919014084507044 0.0840669014084507 0.18838028169014084 
0 0.07482394366197183 0.7018779342723005 0.05193661971830986 0.18661971830985916 
0 0.9804137323943662 0.4762323943661972 0.04973591549295775 0.198943661971831 
0 0.543794014084507 0.2312206572769953 0.06558098591549295 0.20187793427230047 
0 0.7068661971830986 0.2318075117370892 0.07130281690140845 0.1983568075117371 
0 0.44190140845070425 0.471537558685446 0.08098591549295775 0.18368544600938966 
0 0.14414612676056338 0.7397300469483568 0.0840669014084507 0.17781690140845072 
0 0.7953345070422535 0.7931338028169014 0.0625 0.15199530516431925 
0 0.8505721830985915 0.2409037558685446 0.06029929577464789 0.20129107981220656 
0 0.7790492957746479 0.2323943661971831 0.05369718309859155 0.1596244131455399 
0 0.9764524647887324 0.03609154929577465 0.04709507042253521 0.0710093896713615 
0 0.8809419014084507 0.03755868544600939 0.04709507042253521 0.0715962441314554 
0 0.8290052816901409 0.03873239436619718 0.04709507042253521 0.0715962441314554 
0 0.632262323943662 0.03609154929577465 0.04709507042253521 0.0710093896713615 
0 0.5820862676056338 0.03609154929577465 0.04709507042253521 0.0710093896713615 
0 0.5275088028169014 0.03609154929577465 0.04709507042253521 0.0710093896713615 
0 0.47821302816901406 0.03609154929577465 0.04709507042253521 0.0710093896713615 
0 0.4311179577464789 0.03609154929577465 0.04709507042253521 0.0710093896713615 
0 0.9348591549295775 0.8045774647887324 0.05017605633802817 0.15258215962441316 
0 0.659330985915493 0.7946009389671361 0.05985915492957746 0.142018779342723 
0 0.7286531690140845 0.7943075117370892 0.0682218309859155 0.1449530516431925 
0 0.8646566901408451 0.7981220657276995 0.06029929577464789 0.14084507042253522 
0 0.023987676056338027 0.6728286384976526 0.04709507042253521 0.16842723004694835 
0 0.31294014084507044 0.03931924882629108 0.05721830985915493 0.07394366197183098 
0 0.08956866197183098 0.04196009389671362 0.05237676056338028 0.08274647887323944 
0 0.13974471830985916 0.03990610328638498 0.04445422535211268 0.07863849765258216 
0 0.25286091549295775 0.038438967136150234 0.06029929577464789 0.07570422535211267 
0 0.030149647887323945 0.047828638497652586 0.05237676056338028 0.08274647887323944 
0 0.1912411971830986 0.041666666666666664 0.055897887323943664 0.08098591549295775 
0 0.04709507042253521 0.24119718309859156 0.08714788732394366 0.22183098591549297 
0 0.22601232394366197 0.4524647887323944 0.05677816901408451 0.16549295774647887 
0 0.972931338028169 0.23591549295774647 0.04445422535211268 0.18309859154929578 
0 0.37544014084507044 0.03755868544600939 0.06602112676056338 0.07394366197183098 
0 0.07306338028169014 0.4630281690140845 0.05985915492957746 0.1807511737089202 
0 0.9172535211267606 0.24119718309859156 0.05457746478873239 0.19483568075117372 
0 0.14172535211267606 0.4671361502347418 0.06690140845070422 0.18896713615023475 
0 0.36047535211267606 0.46566901408450706 0.05897887323943662 0.18603286384976525 
0 0.7929137323943662 0.4721244131455399 0.07174295774647887 0.1789906103286385 
0 0.6190580985915493 0.22535211267605634 0.053257042253521125 0.16666666666666666 
0 0.6355633802816901 0.47124413145539906 0.06954225352112677 0.19014084507042253 
0 0.7147887323943662 0.47476525821596244 0.06514084507042253 0.18896713615023475 
0 0.5321302816901409 0.76731220657277 0.09507042253521127 0.1965962441314554 
0 0.2913732394366197 0.4624413145539906 0.06954225352112677 0.1784037558685446 
0 0.8690580985915493 0.4876760563380282 0.06910211267605634 0.16901408450704225 
0 0.5305897887323944 0.46919014084507044 0.0840669014084507 0.18838028169014084 
0 0.07482394366197183 0.7018779342723005 0.05193661971830986 0.18661971830985916 
0 0.9804137323943662 0.4762323943661972 0.04973591549295775 0.198943661971831 
0 0.543794014084507 0.2312206572769953 0.06558098591549295 0.20187793427230047 
0 0.7068661971830986 0.2318075117370892 0.07130281690140845 0.1983568075117371 
0 0.44190140845070425 0.471537558685446 0.08098591549295775 0.18368544600938966 
0 0.14414612676056338 0.7397300469483568 0.0840669014084507 0.17781690140845072 
0 0.7953345070422535 0.7931338028169014 0.0625 0.15199530516431925 
0 0.8505721830985915 0.2409037558685446 0.06029929577464789 0.20129107981220656 
0 0.7790492957746479 0.2323943661971831 0.05369718309859155 0.1596244131455399 
0 0.9764524647887324 0.03609154929577465 0.04709507042253521 0.0710093896713615 
0 0.8809419014084507 0.03755868544600939 0.04709507042253521 0.0715962441314554 
0 0.8290052816901409 0.03873239436619718 0.04709507042253521 0.0715962441314554 
0 0.632262323943662 0.03609154929577465 0.04709507042253521 0.0710093896713615 
0 0.5820862676056338 0.03609154929577465 0.04709507042253521 0.0710093896713615 
0 0.5275088028169014 0.03609154929577465 0.04709507042253521 0.0710093896713615 
0 0.47821302816901406 0.03609154929577465 0.04709507042253521 0.0710093896713615 
0 0.4311179577464789 0.03609154929577465 0.04709507042253521 0.0710093896713615 
0 0.9348591549295775 0.8045774647887324 0.05017605633802817 0.15258215962441316 
0 0.659330985915493 0.7946009389671361 0.05985915492957746 0.142018779342723 
0 0.7286531690140845 0.7943075117370892 0.0682218309859155 0.1449530516431925 
0 0.8646566901408451 0.7981220657276995 0.06029929577464789 0.14084507042253522 
0 0.023987676056338027 0.6728286384976526 0.04709507042253521 0.16842723004694835 
0 0.31294014084507044 0.03931924882629108 0.05721830985915493 0.07394366197183098 
0 0.08956866197183098 0.04196009389671362 0.05237676056338028 0.08274647887323944 
0 0.13974471830985916 0.03990610328638498 0.04445422535211268 0.07863849765258216 
0 0.25286091549295775 0.038438967136150234 0.06029929577464789 0.07570422535211267 
0 0.030149647887323945 0.047828638497652586 0.05237676056338028 0.08274647887323944 
0 0.1912411971830986 0.041666666666666664 0.055897887323943664 0.08098591549295775 
0 0.04709507042253521 0.24119718309859156 0.08714788732394366 0.22183098591549297 
0 0.22601232394366197 0.4524647887323944 0.05677816901408451 0.16549295774647887 
0 0.972931338028169 0.23591549295774647 0.04445422535211268 0.18309859154929578 
0 0.37544014084507044 0.03755868544600939 0.06602112676056338 0.07394366197183098 
0 0.07306338028169014 0.4630281690140845 0.05985915492957746 0.1807511737089202 
0 0.9172535211267606 0.24119718309859156 0.05457746478873239 0.19483568075117372 
0 0.14172535211267606 0.4671361502347418 0.06690140845070422 0.18896713615023475 
0 0.36047535211267606 0.46566901408450706 0.05897887323943662 0.18603286384976525 
0 0.7929137323943662 0.4721244131455399 0.07174295774647887 0.1789906103286385 
0 0.6190580985915493 0.22535211267605634 0.053257042253521125 0.16666666666666666 
0 0.6355633802816901 0.47124413145539906 0.06954225352112677 0.19014084507042253 
0 0.7147887323943662 0.47476525821596244 0.06514084507042253 0.18896713615023475 
0 0.5321302816901409 0.76731220657277 0.09507042253521127 0.1965962441314554 
0 0.2913732394366197 0.4624413145539906 0.06954225352112677 0.1784037558685446 
0 0.8690580985915493 0.4876760563380282 0.06910211267605634 0.16901408450704225 
0 0.5305897887323944 0.46919014084507044 0.0840669014084507 0.18838028169014084 
0 0.07482394366197183 0.7018779342723005 0.05193661971830986 0.18661971830985916 
0 0.9804137323943662 0.4762323943661972 0.04973591549295775 0.198943661971831 
0 0.543794014084507 0.2312206572769953 0.06558098591549295 0.20187793427230047 
0 0.7068661971830986 0.2318075117370892 0.07130281690140845 0.1983568075117371 
0 0.44190140845070425 0.471537558685446 0.08098591549295775 0.18368544600938966 
0 0.14414612676056338 0.7397300469483568 0.0840669014084507 0.17781690140845072 
0 0.7953345070422535 0.7931338028169014 0.0625 0.15199530516431925 
0 0.8505721830985915 0.2409037558685446 0.06029929577464789 0.20129107981220656 
0 0.7790492957746479 0.2323943661971831 0.05369718309859155 0.1596244131455399 
0 0.9764524647887324 0.03609154929577465 0.04709507042253521 0.0710093896713615 
0 0.8809419014084507 0.03755868544600939 0.04709507042253521 0.0715962441314554 
0 0.8290052816901409 0.03873239436619718 0.04709507042253521 0.0715962441314554 
0 0.632262323943662 0.03609154929577465 0.04709507042253521 0.0710093896713615 
0 0.5820862676056338 0.03609154929577465 0.04709507042253521 0.0710093896713615 
0 0.5275088028169014 0.03609154929577465 0.04709507042253521 0.0710093896713615 
0 0.47821302816901406 0.03609154929577465 0.04709507042253521 0.0710093896713615 
0 0.4311179577464789 0.03609154929577465 0.04709507042253521 0.0710093896713615 
0 0.9348591549295775 0.8045774647887324 0.05017605633802817 0.15258215962441316 
0 0.659330985915493 0.7946009389671361 0.05985915492957746 0.142018779342723 
0 0.7286531690140845 0.7943075117370892 0.0682218309859155 0.1449530516431925 
0 0.8646566901408451 0.7981220657276995 0.06029929577464789 0.14084507042253522 
0 0.023987676056338027 0.6728286384976526 0.04709507042253521 0.16842723004694835 
0 0.31294014084507044 0.03931924882629108 0.05721830985915493 0.07394366197183098 
0 0.08956866197183098 0.04196009389671362 0.05237676056338028 0.08274647887323944 
0 0.13974471830985916 0.03990610328638498 0.04445422535211268 0.07863849765258216 
0 0.25286091549295775 0.038438967136150234 0.06029929577464789 0.07570422535211267 
0 0.030149647887323945 0.047828638497652586 0.05237676056338028 0.08274647887323944 
0 0.1912411971830986 0.041666666666666664 0.055897887323943664 0.08098591549295775 
0 0.04709507042253521 0.24119718309859156 0.08714788732394366 0.22183098591549297 
0 0.22601232394366197 0.4524647887323944 0.05677816901408451 0.16549295774647887 
0 0.972931338028169 0.23591549295774647 0.04445422535211268 0.18309859154929578 
0 0.37544014084507044 0.03755868544600939 0.06602112676056338 0.07394366197183098 
0 0.07306338028169014 0.4630281690140845 0.05985915492957746 0.1807511737089202 
