0 0.4183538732394366 0.33480046948356806 0.05501760563380282 0.17546948356807512 
0 0.9683098591549296 0.5994718309859155 0.05545774647887324 0.17077464788732394 
0 0.3747799295774648 0.8459507042253521 0.09375 0.21185446009389672 
0 0.47579225352112675 0.8230633802816901 0.0880281690140845 0.20246478873239437 
0 0.2755281690140845 0.846537558685446 0.09419014084507042 0.2142018779342723 
0 0.7599031690140845 0.8682511737089202 0.08230633802816902 0.20481220657276994 
0 0.6575704225352113 0.840669014084507 0.08626760563380281 0.1954225352112676 
0 0.18639964788732394 0.8356807511737089 0.06998239436619719 0.19131455399061034 
0 0.10783450704225352 0.8001760563380281 0.05985915492957746 0.20715962441314553 
0 0.5026408450704225 0.1073943661971831 0.056338028169014086 0.16901408450704225 
0 0.22381161971830985 0.573943661971831 0.0743838028169014 0.17488262910798122 
0 0.893705985915493 0.5918427230046949 0.08582746478873239 0.18368544600938966 
0 0.6588908450704225 0.5921361502347418 0.0801056338028169 0.18544600938967137 
0 0.5688820422535211 0.8221830985915493 0.07350352112676056 0.16314553990610328 
0 0.569762323943662 0.357981220657277 0.0761443661971831 0.18427230046948356 
0 0.29797535211267606 0.5751173708920188 0.0801056338028169 0.17018779342723006 
0 0.35409330985915494 0.3374413145539906 0.06205985915492958 0.17136150234741784 
0 0.871919014084507 0.11355633802816902 0.07042253521126761 0.1742957746478873 
0 0.37213908450704225 0.10240610328638497 0.06998239436619719 0.18251173708920188 
0 0.5600792253521126 0.10328638497652583 0.058538732394366196 0.1807511737089202 
0 0.7341549295774648 0.5900821596244131 0.07042253521126761 0.18955399061032863 
0 0.805237676056338 0.10592723004694836 0.06029929577464789 0.17781690140845072 
0 0.9394806338028169 0.10944835680751173 0.06470070422535211 0.18368544600938966 
0 0.020246478873239437 0.10974178403755869 0.03961267605633803 0.18309859154929578 
0 0.5902288732394366 0.5721830985915493 0.05897887323943662 0.15258215962441316 
0 0.6179577464788732 0.10827464788732394 0.058098591549295774 0.1766431924882629 
0 0.05149647887323944 0.35475352112676056 0.07130281690140845 0.1789906103286385 
0 0.07372359154929578 0.1068075117370892 0.07350352112676056 0.18192488262910797 
0 0.1426056338028169 0.10211267605633803 0.05985915492957746 0.18427230046948356 
0 0.5169454225352113 0.585387323943662 0.07790492957746478 0.18485915492957747 
0 0.4399207746478873 0.10974178403755869 0.058538732394366196 0.17018779342723006 
0 0.7440580985915493 0.10211267605633803 0.05941901408450704 0.17136150234741784 
0 0.8153609154929577 0.5774647887323944 0.06294014084507042 0.17488262910798122 
0 0.296875 0.1056338028169014 0.06734154929577464 0.16666666666666666 
0 0.1956426056338028 0.35563380281690143 0.06734154929577464 0.19248826291079812 
0 0.1267605633802817 0.3544600938967136 0.07042253521126761 0.19718309859154928 
0 0.3842429577464789 0.5616197183098591 0.07482394366197183 0.1467136150234742 
0 0.2169894366197183 0.10328638497652583 0.056338028169014086 0.19718309859154928 
0 0.2713468309859155 0.35651408450704225 0.07174295774647887 0.18720657276995306 
0 0.03895246478873239 0.8045774647887324 0.07702464788732394 0.22417840375586853 
0 0.6613116197183099 0.35944835680751175 0.07790492957746478 0.1965962441314554 
0 0.44938380281690143 0.5689553990610329 0.05457746478873239 0.15316901408450703 
0 0.48547535211267606 0.3562206572769953 0.06866197183098592 0.1795774647887324 
0 0.6819982394366197 0.10416666666666667 0.06470070422535211 0.17312206572769953 
0 0.4183538732394366 0.33480046948356806 0.05501760563380282 0.17546948356807512 
0 0.9683098591549296 0.5994718309859155 0.05545774647887324 0.17077464788732394 
0 0.3747799295774648 0.8459507042253521 0.09375 0.21185446009389672 
0 0.47579225352112675 0.8230633802816901 0.0880281690140845 0.20246478873239437 
0 0.2755281690140845 0.846537558685446 0.09419014084507042 0.2142018779342723 
0 0.7599031690140845 0.8682511737089202 0.08230633802816902 0.20481220657276994 
0 0.6575704225352113 0.840669014084507 0.08626760563380281 0.1954225352112676 
0 0.18639964788732394 0.8356807511737089 0.06998239436619719 0.19131455399061034 
0 0.10783450704225352 0.8001760563380281 0.05985915492957746 0.20715962441314553 
0 0.5026408450704225 0.1073943661971831 0.056338028169014086 0.16901408450704225 
0 0.22381161971830985 0.573943661971831 0.0743838028169014 0.17488262910798122 
0 0.893705985915493 0.5918427230046949 0.08582746478873239 0.18368544600938966 
0 0.6588908450704225 0.5921361502347418 0.0801056338028169 0.18544600938967137 
0 0.5688820422535211 0.8221830985915493 0.07350352112676056 0.16314553990610328 
0 0.569762323943662 0.357981220657277 0.0761443661971831 0.18427230046948356 
0 0.29797535211267606 0.5751173708920188 0.0801056338028169 0.17018779342723006 
0 0.35409330985915494 0.3374413145539906 0.06205985915492958 0.17136150234741784 
0 0.871919014084507 0.11355633802816902 0.07042253521126761 0.1742957746478873 
0 0.37213908450704225 0.10240610328638497 0.06998239436619719 0.18251173708920188 
0 0.5600792253521126 0.10328638497652583 0.058538732394366196 0.1807511737089202 
0 0.7341549295774648 0.5900821596244131 0.07042253521126761 0.18955399061032863 
0 0.805237676056338 0.10592723004694836 0.06029929577464789 0.17781690140845072 
0 0.9394806338028169 0.10944835680751173 0.06470070422535211 0.18368544600938966 
0 0.020246478873239437 0.10974178403755869 0.03961267605633803 0.18309859154929578 
0 0.5902288732394366 0.5721830985915493 0.05897887323943662 0.15258215962441316 
0 0.6179577464788732 0.10827464788732394 0.058098591549295774 0.1766431924882629 
0 0.05149647887323944 0.35475352112676056 0.07130281690140845 0.1789906103286385 
0 0.07372359154929578 0.1068075117370892 0.07350352112676056 0.18192488262910797 
0 0.1426056338028169 0.10211267605633803 0.05985915492957746 0.18427230046948356 
0 0.5169454225352113 0.585387323943662 0.07790492957746478 0.18485915492957747 
0 0.4399207746478873 0.10974178403755869 0.058538732394366196 0.17018779342723006 
0 0.7440580985915493 0.10211267605633803 0.05941901408450704 0.17136150234741784 
0 0.8153609154929577 0.5774647887323944 0.06294014084507042 0.17488262910798122 
0 0.296875 0.1056338028169014 0.06734154929577464 0.16666666666666666 
0 0.1956426056338028 0.35563380281690143 0.06734154929577464 0.19248826291079812 
0 0.1267605633802817 0.3544600938967136 0.07042253521126761 0.19718309859154928 
0 0.3842429577464789 0.5616197183098591 0.07482394366197183 0.1467136150234742 
0 0.2169894366197183 0.10328638497652583 0.056338028169014086 0.19718309859154928 
0 0.2713468309859155 0.35651408450704225 0.07174295774647887 0.18720657276995306 
0 0.03895246478873239 0.8045774647887324 0.07702464788732394 0.22417840375586853 
0 0.6613116197183099 0.35944835680751175 0.07790492957746478 0.1965962441314554 
0 0.44938380281690143 0.5689553990610329 0.05457746478873239 0.15316901408450703 
0 0.48547535211267606 0.3562206572769953 0.06866197183098592 0.1795774647887324 
0 0.6819982394366197 0.10416666666666667 0.06470070422535211 0.17312206572769953 
0 0.4183538732394366 0.33480046948356806 0.05501760563380282 0.17546948356807512 
0 0.9683098591549296 0.5994718309859155 0.05545774647887324 0.17077464788732394 
0 0.3747799295774648 0.8459507042253521 0.09375 0.21185446009389672 
0 0.47579225352112675 0.8230633802816901 0.0880281690140845 0.20246478873239437 
0 0.2755281690140845 0.846537558685446 0.09419014084507042 0.2142018779342723 
0 0.7599031690140845 0.8682511737089202 0.08230633802816902 0.20481220657276994 
0 0.6575704225352113 0.840669014084507 0.08626760563380281 0.1954225352112676 
0 0.18639964788732394 0.8356807511737089 0.06998239436619719 0.19131455399061034 
0 0.10783450704225352 0.8001760563380281 0.05985915492957746 0.20715962441314553 
0 0.5026408450704225 0.1073943661971831 0.056338028169014086 0.16901408450704225 
0 0.22381161971830985 0.573943661971831 0.0743838028169014 0.17488262910798122 
0 0.893705985915493 0.5918427230046949 0.08582746478873239 0.18368544600938966 
0 0.6588908450704225 0.5921361502347418 0.0801056338028169 0.18544600938967137 
0 0.5688820422535211 0.8221830985915493 0.07350352112676056 0.16314553990610328 
0 0.569762323943662 0.357981220657277 0.0761443661971831 0.18427230046948356 
0 0.29797535211267606 0.5751173708920188 0.0801056338028169 0.17018779342723006 
0 0.35409330985915494 0.3374413145539906 0.06205985915492958 0.17136150234741784 
0 0.871919014084507 0.11355633802816902 0.07042253521126761 0.1742957746478873 
0 0.37213908450704225 0.10240610328638497 0.06998239436619719 0.18251173708920188 
0 0.5600792253521126 0.10328638497652583 0.058538732394366196 0.1807511737089202 
0 0.7341549295774648 0.5900821596244131 0.07042253521126761 0.18955399061032863 
0 0.805237676056338 0.10592723004694836 0.06029929577464789 0.17781690140845072 
0 0.9394806338028169 0.10944835680751173 0.06470070422535211 0.18368544600938966 
0 0.020246478873239437 0.10974178403755869 0.03961267605633803 0.18309859154929578 
0 0.5902288732394366 0.5721830985915493 0.05897887323943662 0.15258215962441316 
0 0.6179577464788732 0.10827464788732394 0.058098591549295774 0.1766431924882629 
0 0.05149647887323944 0.35475352112676056 0.07130281690140845 0.1789906103286385 
0 0.07372359154929578 0.1068075117370892 0.07350352112676056 0.18192488262910797 
0 0.1426056338028169 0.10211267605633803 0.05985915492957746 0.18427230046948356 
0 0.5169454225352113 0.585387323943662 0.07790492957746478 0.18485915492957747 
0 0.4399207746478873 0.10974178403755869 0.058538732394366196 0.17018779342723006 
0 0.7440580985915493 0.10211267605633803 0.05941901408450704 0.17136150234741784 
0 0.8153609154929577 0.5774647887323944 0.06294014084507042 0.17488262910798122 
0 0.296875 0.1056338028169014 0.06734154929577464 0.16666666666666666 
0 0.1956426056338028 0.35563380281690143 0.06734154929577464 0.19248826291079812 
0 0.1267605633802817 0.3544600938967136 0.07042253521126761 0.19718309859154928 
0 0.3842429577464789 0.5616197183098591 0.07482394366197183 0.1467136150234742 
0 0.2169894366197183 0.10328638497652583 0.056338028169014086 0.19718309859154928 
0 0.2713468309859155 0.35651408450704225 0.07174295774647887 0.18720657276995306 
0 0.03895246478873239 0.8045774647887324 0.07702464788732394 0.22417840375586853 
0 0.6613116197183099 0.35944835680751175 0.07790492957746478 0.1965962441314554 
0 0.44938380281690143 0.5689553990610329 0.05457746478873239 0.15316901408450703 
0 0.48547535211267606 0.3562206572769953 0.06866197183098592 0.1795774647887324 
0 0.6819982394366197 0.10416666666666667 0.06470070422535211 0.17312206572769953 
