0 0.0409330985915493 0.43309859154929575 0.06778169014084508 0.17136150234741784 
0 0.1500880281690141 0.676056338028169 0.06073943661971831 0.18544600938967137 
0 0.38798415492957744 0.44014084507042256 0.05677816901408451 0.17253521126760563 
0 0.6212588028169014 0.4386737089201878 0.05677816901408451 0.16960093896713616 
0 0.5620598591549296 0.1936619718309859 0.03345070422535211 0.12910798122065728 
0 0.6012323943661971 0.6713615023474179 0.07482394366197183 0.2007042253521127 
0 0.3058978873239437 0.6563967136150235 0.06426056338028169 0.17194835680751175 
0 0.43882042253521125 0.6669600938967136 0.06690140845070422 0.20950704225352113 
0 0.6324823943661971 0.19248826291079812 0.035211267605633804 0.11971830985915492 
0 0.5946302816901409 0.19219483568075119 0.032570422535211266 0.11678403755868545 
0 0.5074823943661971 0.4460093896713615 0.05721830985915493 0.176056338028169 
0 0.032350352112676055 0.19512910798122066 0.04357394366197183 0.15316901408450703 
0 0.11861795774647887 0.18955399061032863 0.03917253521126761 0.14788732394366197 
0 0.07086267605633803 0.6784037558685446 0.0625 0.18779342723004694 
0 0.1736355633802817 0.17869718309859156 0.04709507042253521 0.13791079812206572 
0 0.11091549295774648 0.42458920187793425 0.06338028169014084 0.19190140845070422 
0 0.5180457746478874 0.1936619718309859 0.03697183098591549 0.13145539906103287 
0 0.45048415492957744 0.44190140845070425 0.05677816901408451 0.16666666666666666 
0 0.1813380281690141 0.4251760563380282 0.05369718309859155 0.20129107981220656 
0 0.08054577464788733 0.19336854460093897 0.04137323943661972 0.1437793427230047 
0 0.4432218309859155 0.19454225352112675 0.037852112676056336 0.12852112676056338 
0 0.7097271126760564 0.19865023474178403 0.03301056338028169 0.11561032863849766 
0 0.47997359154929575 0.19630281690140844 0.035651408450704226 0.12969483568075119 
0 0.7345950704225352 0.44366197183098594 0.05193661971830986 0.16549295774647887 
0 0.8992077464788732 0.19512910798122066 0.04665492957746479 0.13438967136150234 
0 0.25088028169014087 0.42458920187793425 0.06073943661971831 0.18720657276995306 
0 0.3257042253521127 0.4336854460093897 0.056338028169014086 0.18309859154929578 
0 0.2249119718309859 0.6786971830985915 0.06866197183098592 0.1742957746478873 
0 0.9124119718309859 0.44190140845070425 0.05985915492957746 0.1784037558685446 
0 0.3987676056338028 0.19688967136150234 0.037852112676056336 0.12030516431924883 
0 0.6758362676056338 0.19278169014084506 0.030369718309859156 0.11443661971830986 
0 0.018045774647887324 0.6742957746478874 0.035211267605633804 0.1784037558685446 
0 0.985475352112676 0.18339201877934272 0.029049295774647887 0.12617370892018778 
0 0.3716989436619718 0.6584507042253521 0.05413732394366197 0.18779342723004694 
0 0.976012323943662 0.908744131455399 0.04973591549295775 0.15316901408450703 
0 0.4069102112676056 0.8964201877934272 0.042693661971830985 0.13556338028169015 
0 0.5435739436619719 0.8990610328638498 0.043133802816901406 0.15140845070422534 
0 0.90625 0.9096244131455399 0.05545774647887324 0.16666666666666666 
0 0.16857394366197184 0.9017018779342723 0.06954225352112677 0.15199530516431925 
0 0.5151848591549296 0.6822183098591549 0.07702464788732394 0.1965962441314554 
0 0.3347271126760563 0.892018779342723 0.05677816901408451 0.13732394366197184 
0 0.4735915492957746 0.9084507042253521 0.06426056338028169 0.16314553990610328 
0 0.5591989436619719 0.44014084507042256 0.04445422535211268 0.15258215962441316 
0 0.7480193661971831 0.2007042253521127 0.03389084507042254 0.11854460093896714 
0 0.6778169014084507 0.44278169014084506 0.05369718309859155 0.16490610328638497 
0 0.9667693661971831 0.4392605633802817 0.047975352112676055 0.16255868544600938 
0 0.7946742957746479 0.43661971830985913 0.0664612676056338 0.16549295774647887 
0 0.9515845070422535 0.19248826291079812 0.03873239436619718 0.1255868544600939 
0 0.7863116197183099 0.19747652582159625 0.03125 0.125 
0 0.8567341549295775 0.443075117370892 0.05237676056338028 0.1607981220657277 
0 0.24559859154929578 0.9008215962441315 0.061619718309859156 0.16549295774647887 
0 0.6065140845070423 0.8996478873239436 0.06426056338028169 0.16549295774647887 
0 0.6817781690140845 0.9125586854460094 0.0448943661971831 0.17018779342723006 
0 0.7566021126760564 0.8958333333333334 0.05897887323943662 0.1414319248826291 
0 0.8382482394366197 0.8970070422535211 0.05149647887323944 0.15669014084507044 
0 0.8307658450704225 0.19248826291079812 0.03829225352112676 0.12323943661971831 
0 0.0409330985915493 0.43309859154929575 0.06778169014084508 0.17136150234741784 
0 0.1500880281690141 0.676056338028169 0.06073943661971831 0.18544600938967137 
0 0.38798415492957744 0.44014084507042256 0.05677816901408451 0.17253521126760563 
0 0.6212588028169014 0.4386737089201878 0.05677816901408451 0.16960093896713616 
0 0.5620598591549296 0.1936619718309859 0.03345070422535211 0.12910798122065728 
0 0.6012323943661971 0.6713615023474179 0.07482394366197183 0.2007042253521127 
0 0.3058978873239437 0.6563967136150235 0.06426056338028169 0.17194835680751175 
0 0.43882042253521125 0.6669600938967136 0.06690140845070422 0.20950704225352113 
0 0.6324823943661971 0.19248826291079812 0.035211267605633804 0.11971830985915492 
0 0.5946302816901409 0.19219483568075119 0.032570422535211266 0.11678403755868545 
0 0.5074823943661971 0.4460093896713615 0.05721830985915493 0.176056338028169 
0 0.032350352112676055 0.19512910798122066 0.04357394366197183 0.15316901408450703 
0 0.11861795774647887 0.18955399061032863 0.03917253521126761 0.14788732394366197 
0 0.07086267605633803 0.6784037558685446 0.0625 0.18779342723004694 
0 0.1736355633802817 0.17869718309859156 0.04709507042253521 0.13791079812206572 
0 0.11091549295774648 0.42458920187793425 0.06338028169014084 0.19190140845070422 
0 0.5180457746478874 0.1936619718309859 0.03697183098591549 0.13145539906103287 
0 0.45048415492957744 0.44190140845070425 0.05677816901408451 0.16666666666666666 
0 0.1813380281690141 0.4251760563380282 0.05369718309859155 0.20129107981220656 
0 0.08054577464788733 0.19336854460093897 0.04137323943661972 0.1437793427230047 
0 0.4432218309859155 0.19454225352112675 0.037852112676056336 0.12852112676056338 
0 0.7097271126760564 0.19865023474178403 0.03301056338028169 0.11561032863849766 
0 0.47997359154929575 0.19630281690140844 0.035651408450704226 0.12969483568075119 
0 0.7345950704225352 0.44366197183098594 0.05193661971830986 0.16549295774647887 
0 0.8992077464788732 0.19512910798122066 0.04665492957746479 0.13438967136150234 
0 0.25088028169014087 0.42458920187793425 0.06073943661971831 0.18720657276995306 
0 0.3257042253521127 0.4336854460093897 0.056338028169014086 0.18309859154929578 
0 0.2249119718309859 0.6786971830985915 0.06866197183098592 0.1742957746478873 
0 0.9124119718309859 0.44190140845070425 0.05985915492957746 0.1784037558685446 
0 0.3987676056338028 0.19688967136150234 0.037852112676056336 0.12030516431924883 
0 0.6758362676056338 0.19278169014084506 0.030369718309859156 0.11443661971830986 
0 0.018045774647887324 0.6742957746478874 0.035211267605633804 0.1784037558685446 
0 0.985475352112676 0.18339201877934272 0.029049295774647887 0.12617370892018778 
0 0.3716989436619718 0.6584507042253521 0.05413732394366197 0.18779342723004694 
0 0.976012323943662 0.908744131455399 0.04973591549295775 0.15316901408450703 
0 0.4069102112676056 0.8964201877934272 0.042693661971830985 0.13556338028169015 
0 0.5435739436619719 0.8990610328638498 0.043133802816901406 0.15140845070422534 
0 0.90625 0.9096244131455399 0.05545774647887324 0.16666666666666666 
0 0.16857394366197184 0.9017018779342723 0.06954225352112677 0.15199530516431925 
0 0.5151848591549296 0.6822183098591549 0.07702464788732394 0.1965962441314554 
0 0.3347271126760563 0.892018779342723 0.05677816901408451 0.13732394366197184 
0 0.4735915492957746 0.9084507042253521 0.06426056338028169 0.16314553990610328 
0 0.5591989436619719 0.44014084507042256 0.04445422535211268 0.15258215962441316 
0 0.7480193661971831 0.2007042253521127 0.03389084507042254 0.11854460093896714 
0 0.6778169014084507 0.44278169014084506 0.05369718309859155 0.16490610328638497 
0 0.9667693661971831 0.4392605633802817 0.047975352112676055 0.16255868544600938 
0 0.7946742957746479 0.43661971830985913 0.0664612676056338 0.16549295774647887 
0 0.9515845070422535 0.19248826291079812 0.03873239436619718 0.1255868544600939 
0 0.7863116197183099 0.19747652582159625 0.03125 0.125 
0 0.8567341549295775 0.443075117370892 0.05237676056338028 0.1607981220657277 
0 0.24559859154929578 0.9008215962441315 0.061619718309859156 0.16549295774647887 
0 0.6065140845070423 0.8996478873239436 0.06426056338028169 0.16549295774647887 
0 0.6817781690140845 0.9125586854460094 0.0448943661971831 0.17018779342723006 
0 0.7566021126760564 0.8958333333333334 0.05897887323943662 0.1414319248826291 
0 0.8382482394366197 0.8970070422535211 0.05149647887323944 0.15669014084507044 
0 0.8307658450704225 0.19248826291079812 0.03829225352112676 0.12323943661971831 
0 0.0409330985915493 0.43309859154929575 0.06778169014084508 0.17136150234741784 
0 0.1500880281690141 0.676056338028169 0.06073943661971831 0.18544600938967137 
0 0.38798415492957744 0.44014084507042256 0.05677816901408451 0.17253521126760563 
0 0.6212588028169014 0.4386737089201878 0.05677816901408451 0.16960093896713616 
0 0.5620598591549296 0.1936619718309859 0.03345070422535211 0.12910798122065728 
0 0.6012323943661971 0.6713615023474179 0.07482394366197183 0.2007042253521127 
0 0.3058978873239437 0.6563967136150235 0.06426056338028169 0.17194835680751175 
0 0.43882042253521125 0.6669600938967136 0.06690140845070422 0.20950704225352113 
0 0.6324823943661971 0.19248826291079812 0.035211267605633804 0.11971830985915492 
0 0.5946302816901409 0.19219483568075119 0.032570422535211266 0.11678403755868545 
0 0.5074823943661971 0.4460093896713615 0.05721830985915493 0.176056338028169 
0 0.032350352112676055 0.19512910798122066 0.04357394366197183 0.15316901408450703 
0 0.11861795774647887 0.18955399061032863 0.03917253521126761 0.14788732394366197 
0 0.07086267605633803 0.6784037558685446 0.0625 0.18779342723004694 
0 0.1736355633802817 0.17869718309859156 0.04709507042253521 0.13791079812206572 
0 0.11091549295774648 0.42458920187793425 0.06338028169014084 0.19190140845070422 
0 0.5180457746478874 0.1936619718309859 0.03697183098591549 0.13145539906103287 
0 0.45048415492957744 0.44190140845070425 0.05677816901408451 0.16666666666666666 
0 0.1813380281690141 0.4251760563380282 0.05369718309859155 0.20129107981220656 
0 0.08054577464788733 0.19336854460093897 0.04137323943661972 0.1437793427230047 
0 0.4432218309859155 0.19454225352112675 0.037852112676056336 0.12852112676056338 
0 0.7097271126760564 0.19865023474178403 0.03301056338028169 0.11561032863849766 
0 0.47997359154929575 0.19630281690140844 0.035651408450704226 0.12969483568075119 
0 0.7345950704225352 0.44366197183098594 0.05193661971830986 0.16549295774647887 
0 0.8992077464788732 0.19512910798122066 0.04665492957746479 0.13438967136150234 
0 0.25088028169014087 0.42458920187793425 0.06073943661971831 0.18720657276995306 
0 0.3257042253521127 0.4336854460093897 0.056338028169014086 0.18309859154929578 
0 0.2249119718309859 0.6786971830985915 0.06866197183098592 0.1742957746478873 
0 0.9124119718309859 0.44190140845070425 0.05985915492957746 0.1784037558685446 
0 0.3987676056338028 0.19688967136150234 0.037852112676056336 0.12030516431924883 
0 0.6758362676056338 0.19278169014084506 0.030369718309859156 0.11443661971830986 
0 0.018045774647887324 0.6742957746478874 0.035211267605633804 0.1784037558685446 
0 0.985475352112676 0.18339201877934272 0.029049295774647887 0.12617370892018778 
0 0.3716989436619718 0.6584507042253521 0.05413732394366197 0.18779342723004694 
0 0.976012323943662 0.908744131455399 0.04973591549295775 0.15316901408450703 
0 0.4069102112676056 0.8964201877934272 0.042693661971830985 0.13556338028169015 
0 0.5435739436619719 0.8990610328638498 0.043133802816901406 0.15140845070422534 
0 0.90625 0.9096244131455399 0.05545774647887324 0.16666666666666666 
0 0.16857394366197184 0.9017018779342723 0.06954225352112677 0.15199530516431925 
0 0.5151848591549296 0.6822183098591549 0.07702464788732394 0.1965962441314554 
0 0.3347271126760563 0.892018779342723 0.05677816901408451 0.13732394366197184 
0 0.4735915492957746 0.9084507042253521 0.06426056338028169 0.16314553990610328 
0 0.5591989436619719 0.44014084507042256 0.04445422535211268 0.15258215962441316 
0 0.7480193661971831 0.2007042253521127 0.03389084507042254 0.11854460093896714 
0 0.6778169014084507 0.44278169014084506 0.05369718309859155 0.16490610328638497 
0 0.9667693661971831 0.4392605633802817 0.047975352112676055 0.16255868544600938 
0 0.7946742957746479 0.43661971830985913 0.0664612676056338 0.16549295774647887 
0 0.9515845070422535 0.19248826291079812 0.03873239436619718 0.1255868544600939 
0 0.7863116197183099 0.19747652582159625 0.03125 0.125 
0 0.8567341549295775 0.443075117370892 0.05237676056338028 0.1607981220657277 
0 0.24559859154929578 0.9008215962441315 0.061619718309859156 0.16549295774647887 
0 0.6065140845070423 0.8996478873239436 0.06426056338028169 0.16549295774647887 
0 0.6817781690140845 0.9125586854460094 0.0448943661971831 0.17018779342723006 
0 0.7566021126760564 0.8958333333333334 0.05897887323943662 0.1414319248826291 
0 0.8382482394366197 0.8970070422535211 0.05149647887323944 0.15669014084507044 
0 0.8307658450704225 0.19248826291079812 0.03829225352112676 0.12323943661971831 
