0 0.5292693661971831 0.9342723004694836 0.07702464788732394 0.1255868544600939 
0 0.9346390845070423 0.9190140845070423 0.10783450704225352 0.1431924882629108 
0 0.11553697183098592 0.9310446009389671 0.06998239436619719 0.11795774647887323 
0 0.3470510563380282 0.9242957746478874 0.05413732394366197 0.13497652582159625 
0 0.7282130281690141 0.9225352112676056 0.09375 0.13732394366197184 
0 0.8558538732394366 0.18309859154929578 0.07174295774647887 0.23826291079812206 
0 0.8327464788732394 0.9242957746478874 0.09066901408450705 0.1255868544600939 
0 0.2722271126760563 0.9363262910798122 0.06998239436619719 0.11913145539906103 
0 0.6221390845070423 0.9272300469483568 0.0761443661971831 0.1396713615023474 
0 0.43463908450704225 0.9289906103286385 0.09022887323943662 0.13262910798122066 
0 0.0488556338028169 0.926349765258216 0.06338028169014084 0.12265258215962441 
0 0.1892605633802817 0.9386737089201878 0.07570422535211267 0.10856807511737089 
0 0.7044454225352113 0.17488262910798122 0.0682218309859155 0.22183098591549297 
0 0.42275528169014087 0.18544600938967137 0.08582746478873239 0.23591549295774647 
0 0.6412852112676056 0.4580399061032864 0.07482394366197183 0.18838028169014084 
0 0.1813380281690141 0.1851525821596244 0.0801056338028169 0.23650234741784038 
0 0.3386883802816901 0.18427230046948356 0.07790492957746478 0.24413145539906103 
0 0.5261883802816901 0.18280516431924881 0.09022887323943662 0.2353286384976526 
0 0.2621038732394366 0.18339201877934272 0.07262323943661972 0.24002347417840375 
0 0.14414612676056338 0.4533450704225352 0.08318661971830986 0.19307511737089203 
0 0.25704225352112675 0.4454225352112676 0.07306338028169014 0.1795774647887324 
0 0.06382042253521127 0.45598591549295775 0.06954225352112677 0.22652582159624413 
0 0.7178697183098591 0.4574530516431925 0.07130281690140845 0.20481220657276994 
0 0.33912852112676056 0.44454225352112675 0.06734154929577464 0.18838028169014084 
0 0.14942781690140844 0.7056924882629108 0.08054577464788733 0.1813380281690141 
0 0.6157570422535211 0.18456572769953053 0.07482394366197183 0.2130281690140845 
0 0.8633362676056338 0.4442488262910798 0.04445422535211268 0.17488262910798122 
0 0.801056338028169 0.45422535211267606 0.04841549295774648 0.1936619718309859 
0 0.8138204225352113 0.7004107981220657 0.06073943661971831 0.15434272300469484 
0 0.944762323943662 0.6795774647887324 0.05237676056338028 0.12793427230046947 
0 0.7803697183098591 0.18397887323943662 0.07922535211267606 0.2306338028169014 
0 0.9273767605633803 0.44190140845070425 0.05721830985915493 0.15375586854460094 
0 0.9328785211267606 0.18309859154929578 0.08230633802816902 0.2347417840375587 
0 0.47183098591549294 0.46449530516431925 0.07130281690140845 0.18603286384976525 
0 0.4064700704225352 0.45422535211267606 0.053257042253521125 0.16784037558685447 
0 0.7282130281690141 0.6968896713615024 0.0743838028169014 0.17077464788732394 
0 0.5543573943661971 0.46830985915492956 0.06998239436619719 0.17488262910798122 
0 0.8776408450704225 0.6839788732394366 0.05193661971830986 0.13673708920187794 
0 0.5292693661971831 0.9342723004694836 0.07702464788732394 0.1255868544600939 
0 0.9346390845070423 0.9190140845070423 0.10783450704225352 0.1431924882629108 
0 0.11553697183098592 0.9310446009389671 0.06998239436619719 0.11795774647887323 
0 0.3470510563380282 0.9242957746478874 0.05413732394366197 0.13497652582159625 
0 0.7282130281690141 0.9225352112676056 0.09375 0.13732394366197184 
0 0.8558538732394366 0.18309859154929578 0.07174295774647887 0.23826291079812206 
0 0.8327464788732394 0.9242957746478874 0.09066901408450705 0.1255868544600939 
0 0.2722271126760563 0.9363262910798122 0.06998239436619719 0.11913145539906103 
0 0.6221390845070423 0.9272300469483568 0.0761443661971831 0.1396713615023474 
0 0.43463908450704225 0.9289906103286385 0.09022887323943662 0.13262910798122066 
0 0.0488556338028169 0.926349765258216 0.06338028169014084 0.12265258215962441 
0 0.1892605633802817 0.9386737089201878 0.07570422535211267 0.10856807511737089 
0 0.7044454225352113 0.17488262910798122 0.0682218309859155 0.22183098591549297 
0 0.42275528169014087 0.18544600938967137 0.08582746478873239 0.23591549295774647 
0 0.6412852112676056 0.4580399061032864 0.07482394366197183 0.18838028169014084 
0 0.1813380281690141 0.1851525821596244 0.0801056338028169 0.23650234741784038 
0 0.3386883802816901 0.18427230046948356 0.07790492957746478 0.24413145539906103 
0 0.5261883802816901 0.18280516431924881 0.09022887323943662 0.2353286384976526 
0 0.2621038732394366 0.18339201877934272 0.07262323943661972 0.24002347417840375 
0 0.14414612676056338 0.4533450704225352 0.08318661971830986 0.19307511737089203 
0 0.25704225352112675 0.4454225352112676 0.07306338028169014 0.1795774647887324 
0 0.06382042253521127 0.45598591549295775 0.06954225352112677 0.22652582159624413 
0 0.7178697183098591 0.4574530516431925 0.07130281690140845 0.20481220657276994 
0 0.33912852112676056 0.44454225352112675 0.06734154929577464 0.18838028169014084 
0 0.14942781690140844 0.7056924882629108 0.08054577464788733 0.1813380281690141 
0 0.6157570422535211 0.18456572769953053 0.07482394366197183 0.2130281690140845 
0 0.8633362676056338 0.4442488262910798 0.04445422535211268 0.17488262910798122 
0 0.801056338028169 0.45422535211267606 0.04841549295774648 0.1936619718309859 
0 0.8138204225352113 0.7004107981220657 0.06073943661971831 0.15434272300469484 
0 0.944762323943662 0.6795774647887324 0.05237676056338028 0.12793427230046947 
0 0.7803697183098591 0.18397887323943662 0.07922535211267606 0.2306338028169014 
0 0.9273767605633803 0.44190140845070425 0.05721830985915493 0.15375586854460094 
0 0.9328785211267606 0.18309859154929578 0.08230633802816902 0.2347417840375587 
0 0.47183098591549294 0.46449530516431925 0.07130281690140845 0.18603286384976525 
0 0.4064700704225352 0.45422535211267606 0.053257042253521125 0.16784037558685447 
0 0.7282130281690141 0.6968896713615024 0.0743838028169014 0.17077464788732394 
0 0.5543573943661971 0.46830985915492956 0.06998239436619719 0.17488262910798122 
0 0.8776408450704225 0.6839788732394366 0.05193661971830986 0.13673708920187794 
0 0.5292693661971831 0.9342723004694836 0.07702464788732394 0.1255868544600939 
0 0.9346390845070423 0.9190140845070423 0.10783450704225352 0.1431924882629108 
0 0.11553697183098592 0.9310446009389671 0.06998239436619719 0.11795774647887323 
0 0.3470510563380282 0.9242957746478874 0.05413732394366197 0.13497652582159625 
0 0.7282130281690141 0.9225352112676056 0.09375 0.13732394366197184 
0 0.8558538732394366 0.18309859154929578 0.07174295774647887 0.23826291079812206 
0 0.8327464788732394 0.9242957746478874 0.09066901408450705 0.1255868544600939 
0 0.2722271126760563 0.9363262910798122 0.06998239436619719 0.11913145539906103 
0 0.6221390845070423 0.9272300469483568 0.0761443661971831 0.1396713615023474 
0 0.43463908450704225 0.9289906103286385 0.09022887323943662 0.13262910798122066 
0 0.0488556338028169 0.926349765258216 0.06338028169014084 0.12265258215962441 
0 0.1892605633802817 0.9386737089201878 0.07570422535211267 0.10856807511737089 
0 0.7044454225352113 0.17488262910798122 0.0682218309859155 0.22183098591549297 
0 0.42275528169014087 0.18544600938967137 0.08582746478873239 0.23591549295774647 
0 0.6412852112676056 0.4580399061032864 0.07482394366197183 0.18838028169014084 
0 0.1813380281690141 0.1851525821596244 0.0801056338028169 0.23650234741784038 
0 0.3386883802816901 0.18427230046948356 0.07790492957746478 0.24413145539906103 
0 0.5261883802816901 0.18280516431924881 0.09022887323943662 0.2353286384976526 
0 0.2621038732394366 0.18339201877934272 0.07262323943661972 0.24002347417840375 
0 0.14414612676056338 0.4533450704225352 0.08318661971830986 0.19307511737089203 
0 0.25704225352112675 0.4454225352112676 0.07306338028169014 0.1795774647887324 
0 0.06382042253521127 0.45598591549295775 0.06954225352112677 0.22652582159624413 
0 0.7178697183098591 0.4574530516431925 0.07130281690140845 0.20481220657276994 
0 0.33912852112676056 0.44454225352112675 0.06734154929577464 0.18838028169014084 
0 0.14942781690140844 0.7056924882629108 0.08054577464788733 0.1813380281690141 
0 0.6157570422535211 0.18456572769953053 0.07482394366197183 0.2130281690140845 
0 0.8633362676056338 0.4442488262910798 0.04445422535211268 0.17488262910798122 
0 0.801056338028169 0.45422535211267606 0.04841549295774648 0.1936619718309859 
0 0.8138204225352113 0.7004107981220657 0.06073943661971831 0.15434272300469484 
0 0.944762323943662 0.6795774647887324 0.05237676056338028 0.12793427230046947 
0 0.7803697183098591 0.18397887323943662 0.07922535211267606 0.2306338028169014 
0 0.9273767605633803 0.44190140845070425 0.05721830985915493 0.15375586854460094 
0 0.9328785211267606 0.18309859154929578 0.08230633802816902 0.2347417840375587 
0 0.47183098591549294 0.46449530516431925 0.07130281690140845 0.18603286384976525 
0 0.4064700704225352 0.45422535211267606 0.053257042253521125 0.16784037558685447 
0 0.7282130281690141 0.6968896713615024 0.0743838028169014 0.17077464788732394 
0 0.5543573943661971 0.46830985915492956 0.06998239436619719 0.17488262910798122 
0 0.8776408450704225 0.6839788732394366 0.05193661971830986 0.13673708920187794 
