0 0.7984154929577465 0.04958920187793427 0.0880281690140845 0.09800469483568075 
0 0.8745598591549296 0.04870892018779343 0.07570422535211267 0.09624413145539906 
0 0.34330985915492956 0.0539906103286385 0.0880281690140845 0.09859154929577464 
0 0.7152288732394366 0.04958920187793427 0.0880281690140845 0.09800469483568075 
0 0.9564260563380281 0.04870892018779343 0.08626760563380281 0.09624413145539906 
0 0.6276408450704225 0.04958920187793427 0.0880281690140845 0.09800469483568075 
0 0.28653169014084506 0.7913732394366197 0.07482394366197183 0.19190140845070422 
0 0.15558978873239437 0.5061619718309859 0.0840669014084507 0.18838028169014084 
0 0.25616197183098594 0.052230046948356805 0.0880281690140845 0.09859154929577464 
0 0.176056338028169 0.04958920187793427 0.0880281690140845 0.09800469483568075 
0 0.8888644366197183 0.4835680751173709 0.05149647887323944 0.13380281690140844 
0 0.8116197183098591 0.25821596244131456 0.08626760563380281 0.23708920187793428 
0 0.8765404929577465 0.24354460093896713 0.047975352112676055 0.18427230046948356 
0 0.9564260563380281 0.4791666666666667 0.06778169014084508 0.16725352112676056 
0 0.9381602112676056 0.7772887323943662 0.08846830985915492 0.22007042253521128 
0 0.9430017605633803 0.24911971830985916 0.07174295774647887 0.19072769953051644 
0 0.84375 0.7819835680751174 0.09330985915492958 0.22007042253521128 
0 0.4828345070422535 0.2579225352112676 0.07570422535211267 0.20246478873239437 
0 0.4168133802816901 0.25146713615023475 0.05721830985915493 0.20011737089201878 
0 0.8232834507042254 0.5049882629107981 0.07262323943661972 0.18955399061032863 
0 0.5299295774647887 0.04958920187793427 0.0880281690140845 0.09800469483568075 
0 0.429137323943662 0.04958920187793427 0.0880281690140845 0.09800469483568075 
0 0.04511443661971831 0.7934272300469484 0.06029929577464789 0.20187793427230047 
0 0.34330985915492956 0.25410798122065725 0.06954225352112677 0.19248826291079812 
0 0.6511883802816901 0.25938967136150237 0.09110915492957747 0.22065727699530516 
0 0.05985915492957746 0.2737676056338028 0.07482394366197183 0.20950704225352113 
0 0.7337147887323944 0.25410798122065725 0.07834507042253522 0.21948356807511737 
0 0.35893485915492956 0.7852112676056338 0.06558098591549295 0.2347417840375587 
0 0.5620598591549296 0.2632042253521127 0.08274647887323944 0.20363849765258216 
0 0.20400528169014084 0.7972417840375586 0.07086267605633803 0.20011737089201878 
0 0.25880281690140844 0.25410798122065725 0.07746478873239436 0.1983568075117371 
0 0.6342429577464789 0.7711267605633803 0.08538732394366197 0.21009389671361503 
0 0.4507042253521127 0.7901995305164319 0.0880281690140845 0.22007042253521128 
0 0.5466549295774648 0.7846244131455399 0.08714788732394366 0.22769953051643194 
0 0.1445862676056338 0.28080985915492956 0.09022887323943662 0.20129107981220656 
0 0.7407570422535211 0.7808098591549296 0.1056338028169014 0.23415492957746478 
0 0.1210387323943662 0.7975352112676056 0.05985915492957746 0.215962441314554 
0 0.7414172535211268 0.5088028169014085 0.08230633802816902 0.1795774647887324 
0 0.7984154929577465 0.04958920187793427 0.0880281690140845 0.09800469483568075 
0 0.8745598591549296 0.04870892018779343 0.07570422535211267 0.09624413145539906 
0 0.34330985915492956 0.0539906103286385 0.0880281690140845 0.09859154929577464 
0 0.7152288732394366 0.04958920187793427 0.0880281690140845 0.09800469483568075 
0 0.9564260563380281 0.04870892018779343 0.08626760563380281 0.09624413145539906 
0 0.6276408450704225 0.04958920187793427 0.0880281690140845 0.09800469483568075 
0 0.28653169014084506 0.7913732394366197 0.07482394366197183 0.19190140845070422 
0 0.15558978873239437 0.5061619718309859 0.0840669014084507 0.18838028169014084 
0 0.25616197183098594 0.052230046948356805 0.0880281690140845 0.09859154929577464 
0 0.176056338028169 0.04958920187793427 0.0880281690140845 0.09800469483568075 
0 0.8888644366197183 0.4835680751173709 0.05149647887323944 0.13380281690140844 
0 0.8116197183098591 0.25821596244131456 0.08626760563380281 0.23708920187793428 
0 0.8765404929577465 0.24354460093896713 0.047975352112676055 0.18427230046948356 
0 0.9564260563380281 0.4791666666666667 0.06778169014084508 0.16725352112676056 
0 0.9381602112676056 0.7772887323943662 0.08846830985915492 0.22007042253521128 
0 0.9430017605633803 0.24911971830985916 0.07174295774647887 0.19072769953051644 
0 0.84375 0.7819835680751174 0.09330985915492958 0.22007042253521128 
0 0.4828345070422535 0.2579225352112676 0.07570422535211267 0.20246478873239437 
0 0.4168133802816901 0.25146713615023475 0.05721830985915493 0.20011737089201878 
0 0.8232834507042254 0.5049882629107981 0.07262323943661972 0.18955399061032863 
0 0.5299295774647887 0.04958920187793427 0.0880281690140845 0.09800469483568075 
0 0.429137323943662 0.04958920187793427 0.0880281690140845 0.09800469483568075 
0 0.04511443661971831 0.7934272300469484 0.06029929577464789 0.20187793427230047 
0 0.34330985915492956 0.25410798122065725 0.06954225352112677 0.19248826291079812 
0 0.6511883802816901 0.25938967136150237 0.09110915492957747 0.22065727699530516 
0 0.05985915492957746 0.2737676056338028 0.07482394366197183 0.20950704225352113 
0 0.7337147887323944 0.25410798122065725 0.07834507042253522 0.21948356807511737 
0 0.35893485915492956 0.7852112676056338 0.06558098591549295 0.2347417840375587 
0 0.5620598591549296 0.2632042253521127 0.08274647887323944 0.20363849765258216 
0 0.20400528169014084 0.7972417840375586 0.07086267605633803 0.20011737089201878 
0 0.25880281690140844 0.25410798122065725 0.07746478873239436 0.1983568075117371 
0 0.6342429577464789 0.7711267605633803 0.08538732394366197 0.21009389671361503 
0 0.4507042253521127 0.7901995305164319 0.0880281690140845 0.22007042253521128 
0 0.5466549295774648 0.7846244131455399 0.08714788732394366 0.22769953051643194 
0 0.1445862676056338 0.28080985915492956 0.09022887323943662 0.20129107981220656 
0 0.7407570422535211 0.7808098591549296 0.1056338028169014 0.23415492957746478 
0 0.1210387323943662 0.7975352112676056 0.05985915492957746 0.215962441314554 
0 0.7414172535211268 0.5088028169014085 0.08230633802816902 0.1795774647887324 
0 0.7984154929577465 0.04958920187793427 0.0880281690140845 0.09800469483568075 
0 0.8745598591549296 0.04870892018779343 0.07570422535211267 0.09624413145539906 
0 0.34330985915492956 0.0539906103286385 0.0880281690140845 0.09859154929577464 
0 0.7152288732394366 0.04958920187793427 0.0880281690140845 0.09800469483568075 
0 0.9564260563380281 0.04870892018779343 0.08626760563380281 0.09624413145539906 
0 0.6276408450704225 0.04958920187793427 0.0880281690140845 0.09800469483568075 
0 0.28653169014084506 0.7913732394366197 0.07482394366197183 0.19190140845070422 
0 0.15558978873239437 0.5061619718309859 0.0840669014084507 0.18838028169014084 
0 0.25616197183098594 0.052230046948356805 0.0880281690140845 0.09859154929577464 
0 0.176056338028169 0.04958920187793427 0.0880281690140845 0.09800469483568075 
0 0.8888644366197183 0.4835680751173709 0.05149647887323944 0.13380281690140844 
0 0.8116197183098591 0.25821596244131456 0.08626760563380281 0.23708920187793428 
0 0.8765404929577465 0.24354460093896713 0.047975352112676055 0.18427230046948356 
0 0.9564260563380281 0.4791666666666667 0.06778169014084508 0.16725352112676056 
0 0.9381602112676056 0.7772887323943662 0.08846830985915492 0.22007042253521128 
0 0.9430017605633803 0.24911971830985916 0.07174295774647887 0.19072769953051644 
0 0.84375 0.7819835680751174 0.09330985915492958 0.22007042253521128 
0 0.4828345070422535 0.2579225352112676 0.07570422535211267 0.20246478873239437 
0 0.4168133802816901 0.25146713615023475 0.05721830985915493 0.20011737089201878 
0 0.8232834507042254 0.5049882629107981 0.07262323943661972 0.18955399061032863 
0 0.5299295774647887 0.04958920187793427 0.0880281690140845 0.09800469483568075 
0 0.429137323943662 0.04958920187793427 0.0880281690140845 0.09800469483568075 
0 0.04511443661971831 0.7934272300469484 0.06029929577464789 0.20187793427230047 
0 0.34330985915492956 0.25410798122065725 0.06954225352112677 0.19248826291079812 
0 0.6511883802816901 0.25938967136150237 0.09110915492957747 0.22065727699530516 
0 0.05985915492957746 0.2737676056338028 0.07482394366197183 0.20950704225352113 
0 0.7337147887323944 0.25410798122065725 0.07834507042253522 0.21948356807511737 
0 0.35893485915492956 0.7852112676056338 0.06558098591549295 0.2347417840375587 
0 0.5620598591549296 0.2632042253521127 0.08274647887323944 0.20363849765258216 
0 0.20400528169014084 0.7972417840375586 0.07086267605633803 0.20011737089201878 
0 0.25880281690140844 0.25410798122065725 0.07746478873239436 0.1983568075117371 
0 0.6342429577464789 0.7711267605633803 0.08538732394366197 0.21009389671361503 
0 0.4507042253521127 0.7901995305164319 0.0880281690140845 0.22007042253521128 
0 0.5466549295774648 0.7846244131455399 0.08714788732394366 0.22769953051643194 
0 0.1445862676056338 0.28080985915492956 0.09022887323943662 0.20129107981220656 
0 0.7407570422535211 0.7808098591549296 0.1056338028169014 0.23415492957746478 
0 0.1210387323943662 0.7975352112676056 0.05985915492957746 0.215962441314554 
0 0.7414172535211268 0.5088028169014085 0.08230633802816902 0.1795774647887324 
