0 0.15338908450704225 0.0806924882629108 0.09463028169014084 0.14964788732394366 
0 0.6782570422535211 0.5296361502347418 0.06338028169014084 0.11091549295774648 
0 0.6098151408450704 0.5214201877934272 0.05501760563380282 0.1273474178403756 
0 0.6263204225352113 0.10768779342723005 0.04929577464788732 0.08039906103286384 
0 0.06690140845070422 0.08274647887323944 0.06778169014084508 0.1396713615023474 
0 0.3470510563380282 0.5052816901408451 0.0682218309859155 0.12441314553990611 
0 0.7973151408450704 0.5196596244131455 0.05413732394366197 0.125 
0 0.9007482394366197 0.721244131455399 0.11047535211267606 0.06338028169014084 
0 0.7922535211267606 0.12206572769953052 0.07042253521126761 0.07511737089201878 
0 0.7871919014084507 0.7197769953051644 0.11223591549295775 0.06044600938967136 
0 0.8714788732394366 0.11942488262910798 0.06690140845070422 0.06748826291079812 
0 0.9749119718309859 0.3477112676056338 0.04841549295774648 0.08392018779342723 
0 0.9412411971830986 0.5522300469483568 0.08142605633802817 0.06338028169014084 
0 0.8972271126760564 0.6628521126760564 0.10607394366197183 0.0534037558685446 
0 0.731294014084507 0.8512323943661971 0.05237676056338028 0.10152582159624413 
0 0.6701144366197183 0.8482981220657277 0.05149647887323944 0.09330985915492958 
0 0.6150968309859155 0.8591549295774648 0.050616197183098594 0.07981220657276995 
0 0.9372799295774648 0.4788732394366197 0.08142605633802817 0.06338028169014084 
0 0.048195422535211266 0.4970657276995305 0.0761443661971831 0.12910798122065728 
0 0.6580105633802817 0.6625586854460094 0.11795774647887323 0.06103286384976526 
0 0.5554577464788732 0.8436032863849765 0.058098591549295774 0.10856807511737089 
0 0.49889964788732394 0.8397887323943662 0.05941901408450704 0.09859154929577464 
0 0.5455545774647887 0.5049882629107981 0.06470070422535211 0.13321596244131456 
0 0.10321302816901408 0.6781103286384976 0.08054577464788733 0.07687793427230047 
0 0.7827904929577465 0.6599178403755869 0.10519366197183098 0.04988262910798122 
0 0.704225352112676 0.1164906103286385 0.05545774647887324 0.0721830985915493 
0 0.9209947183098591 0.3512323943661972 0.06558098591549295 0.10269953051643192 
0 0.7194102112676056 0.30985915492957744 0.06910211267605634 0.15375586854460094 
0 0.7876320422535211 0.3095657276995305 0.07350352112676056 0.15551643192488263 
0 0.44014084507042256 0.2963615023474178 0.08098591549295775 0.1643192488262911 
0 0.45752640845070425 0.6863262910798122 0.07350352112676056 0.11443661971830986 
0 0.5257482394366197 0.30545774647887325 0.0761443661971831 0.15434272300469484 
0 0.2706866197183099 0.2943075117370892 0.0897887323943662 0.15669014084507044 
0 0.7403169014084507 0.5196596244131455 0.058098591549295774 0.12265258215962441 
0 0.35497359154929575 0.29313380281690143 0.07086267605633803 0.17077464788732394 
0 0.18727992957746478 0.2925469483568075 0.07702464788732394 0.16255868544600938 
0 0.3314260563380282 0.6810446009389671 0.06778169014084508 0.10504694835680752 
0 0.3928257042253521 0.6907276995305164 0.053257042253521125 0.10915492957746478 
0 0.4126320422535211 0.4988262910798122 0.06470070422535211 0.12910798122065728 
0 0.48547535211267606 0.5041079812206573 0.05545774647887324 0.13145539906103287 
0 0.8547535211267606 0.3397887323943662 0.06073943661971831 0.08215962441314555 
0 0.2676056338028169 0.5008802816901409 0.07042253521126761 0.13321596244131456 
0 0.6553697183098591 0.7177230046948356 0.11795774647887323 0.06103286384976526 
0 0.04643485915492958 0.29107981220657275 0.08142605633802817 0.16549295774647887 
0 0.8606954225352113 0.5234741784037559 0.07086267605633803 0.14084507042253522 
0 0.12323943661971831 0.2916666666666667 0.05985915492957746 0.15492957746478872 
0 0.12654049295774647 0.4994131455399061 0.07878521126760564 0.11854460093896714 
0 0.5327904929577465 0.6839788732394366 0.07262323943661972 0.12147887323943662 
0 0.20026408450704225 0.5041079812206573 0.0721830985915493 0.13028169014084506 
0 0.15338908450704225 0.0806924882629108 0.09463028169014084 0.14964788732394366 
0 0.6782570422535211 0.5296361502347418 0.06338028169014084 0.11091549295774648 
0 0.6098151408450704 0.5214201877934272 0.05501760563380282 0.1273474178403756 
0 0.6263204225352113 0.10768779342723005 0.04929577464788732 0.08039906103286384 
0 0.06690140845070422 0.08274647887323944 0.06778169014084508 0.1396713615023474 
0 0.3470510563380282 0.5052816901408451 0.0682218309859155 0.12441314553990611 
0 0.7973151408450704 0.5196596244131455 0.05413732394366197 0.125 
0 0.9007482394366197 0.721244131455399 0.11047535211267606 0.06338028169014084 
0 0.7922535211267606 0.12206572769953052 0.07042253521126761 0.07511737089201878 
0 0.7871919014084507 0.7197769953051644 0.11223591549295775 0.06044600938967136 
0 0.8714788732394366 0.11942488262910798 0.06690140845070422 0.06748826291079812 
0 0.9749119718309859 0.3477112676056338 0.04841549295774648 0.08392018779342723 
0 0.9412411971830986 0.5522300469483568 0.08142605633802817 0.06338028169014084 
0 0.8972271126760564 0.6628521126760564 0.10607394366197183 0.0534037558685446 
0 0.731294014084507 0.8512323943661971 0.05237676056338028 0.10152582159624413 
0 0.6701144366197183 0.8482981220657277 0.05149647887323944 0.09330985915492958 
0 0.6150968309859155 0.8591549295774648 0.050616197183098594 0.07981220657276995 
0 0.9372799295774648 0.4788732394366197 0.08142605633802817 0.06338028169014084 
0 0.048195422535211266 0.4970657276995305 0.0761443661971831 0.12910798122065728 
0 0.6580105633802817 0.6625586854460094 0.11795774647887323 0.06103286384976526 
0 0.5554577464788732 0.8436032863849765 0.058098591549295774 0.10856807511737089 
0 0.49889964788732394 0.8397887323943662 0.05941901408450704 0.09859154929577464 
0 0.5455545774647887 0.5049882629107981 0.06470070422535211 0.13321596244131456 
0 0.10321302816901408 0.6781103286384976 0.08054577464788733 0.07687793427230047 
0 0.7827904929577465 0.6599178403755869 0.10519366197183098 0.04988262910798122 
0 0.704225352112676 0.1164906103286385 0.05545774647887324 0.0721830985915493 
0 0.9209947183098591 0.3512323943661972 0.06558098591549295 0.10269953051643192 
0 0.7194102112676056 0.30985915492957744 0.06910211267605634 0.15375586854460094 
0 0.7876320422535211 0.3095657276995305 0.07350352112676056 0.15551643192488263 
0 0.44014084507042256 0.2963615023474178 0.08098591549295775 0.1643192488262911 
0 0.45752640845070425 0.6863262910798122 0.07350352112676056 0.11443661971830986 
0 0.5257482394366197 0.30545774647887325 0.0761443661971831 0.15434272300469484 
0 0.2706866197183099 0.2943075117370892 0.0897887323943662 0.15669014084507044 
0 0.7403169014084507 0.5196596244131455 0.058098591549295774 0.12265258215962441 
0 0.35497359154929575 0.29313380281690143 0.07086267605633803 0.17077464788732394 
0 0.18727992957746478 0.2925469483568075 0.07702464788732394 0.16255868544600938 
0 0.3314260563380282 0.6810446009389671 0.06778169014084508 0.10504694835680752 
0 0.3928257042253521 0.6907276995305164 0.053257042253521125 0.10915492957746478 
0 0.4126320422535211 0.4988262910798122 0.06470070422535211 0.12910798122065728 
0 0.48547535211267606 0.5041079812206573 0.05545774647887324 0.13145539906103287 
0 0.8547535211267606 0.3397887323943662 0.06073943661971831 0.08215962441314555 
0 0.2676056338028169 0.5008802816901409 0.07042253521126761 0.13321596244131456 
0 0.6553697183098591 0.7177230046948356 0.11795774647887323 0.06103286384976526 
0 0.04643485915492958 0.29107981220657275 0.08142605633802817 0.16549295774647887 
0 0.8606954225352113 0.5234741784037559 0.07086267605633803 0.14084507042253522 
0 0.12323943661971831 0.2916666666666667 0.05985915492957746 0.15492957746478872 
0 0.12654049295774647 0.4994131455399061 0.07878521126760564 0.11854460093896714 
0 0.5327904929577465 0.6839788732394366 0.07262323943661972 0.12147887323943662 
0 0.20026408450704225 0.5041079812206573 0.0721830985915493 0.13028169014084506 
0 0.15338908450704225 0.0806924882629108 0.09463028169014084 0.14964788732394366 
0 0.6782570422535211 0.5296361502347418 0.06338028169014084 0.11091549295774648 
0 0.6098151408450704 0.5214201877934272 0.05501760563380282 0.1273474178403756 
0 0.6263204225352113 0.10768779342723005 0.04929577464788732 0.08039906103286384 
0 0.06690140845070422 0.08274647887323944 0.06778169014084508 0.1396713615023474 
0 0.3470510563380282 0.5052816901408451 0.0682218309859155 0.12441314553990611 
0 0.7973151408450704 0.5196596244131455 0.05413732394366197 0.125 
0 0.9007482394366197 0.721244131455399 0.11047535211267606 0.06338028169014084 
0 0.7922535211267606 0.12206572769953052 0.07042253521126761 0.07511737089201878 
0 0.7871919014084507 0.7197769953051644 0.11223591549295775 0.06044600938967136 
0 0.8714788732394366 0.11942488262910798 0.06690140845070422 0.06748826291079812 
0 0.9749119718309859 0.3477112676056338 0.04841549295774648 0.08392018779342723 
0 0.9412411971830986 0.5522300469483568 0.08142605633802817 0.06338028169014084 
0 0.8972271126760564 0.6628521126760564 0.10607394366197183 0.0534037558685446 
0 0.731294014084507 0.8512323943661971 0.05237676056338028 0.10152582159624413 
0 0.6701144366197183 0.8482981220657277 0.05149647887323944 0.09330985915492958 
0 0.6150968309859155 0.8591549295774648 0.050616197183098594 0.07981220657276995 
0 0.9372799295774648 0.4788732394366197 0.08142605633802817 0.06338028169014084 
0 0.048195422535211266 0.4970657276995305 0.0761443661971831 0.12910798122065728 
0 0.6580105633802817 0.6625586854460094 0.11795774647887323 0.06103286384976526 
0 0.5554577464788732 0.8436032863849765 0.058098591549295774 0.10856807511737089 
0 0.49889964788732394 0.8397887323943662 0.05941901408450704 0.09859154929577464 
0 0.5455545774647887 0.5049882629107981 0.06470070422535211 0.13321596244131456 
0 0.10321302816901408 0.6781103286384976 0.08054577464788733 0.07687793427230047 
0 0.7827904929577465 0.6599178403755869 0.10519366197183098 0.04988262910798122 
0 0.704225352112676 0.1164906103286385 0.05545774647887324 0.0721830985915493 
0 0.9209947183098591 0.3512323943661972 0.06558098591549295 0.10269953051643192 
0 0.7194102112676056 0.30985915492957744 0.06910211267605634 0.15375586854460094 
0 0.7876320422535211 0.3095657276995305 0.07350352112676056 0.15551643192488263 
0 0.44014084507042256 0.2963615023474178 0.08098591549295775 0.1643192488262911 
0 0.45752640845070425 0.6863262910798122 0.07350352112676056 0.11443661971830986 
0 0.5257482394366197 0.30545774647887325 0.0761443661971831 0.15434272300469484 
0 0.2706866197183099 0.2943075117370892 0.0897887323943662 0.15669014084507044 
0 0.7403169014084507 0.5196596244131455 0.058098591549295774 0.12265258215962441 
0 0.35497359154929575 0.29313380281690143 0.07086267605633803 0.17077464788732394 
0 0.18727992957746478 0.2925469483568075 0.07702464788732394 0.16255868544600938 
0 0.3314260563380282 0.6810446009389671 0.06778169014084508 0.10504694835680752 
0 0.3928257042253521 0.6907276995305164 0.053257042253521125 0.10915492957746478 
0 0.4126320422535211 0.4988262910798122 0.06470070422535211 0.12910798122065728 
0 0.48547535211267606 0.5041079812206573 0.05545774647887324 0.13145539906103287 
0 0.8547535211267606 0.3397887323943662 0.06073943661971831 0.08215962441314555 
0 0.2676056338028169 0.5008802816901409 0.07042253521126761 0.13321596244131456 
0 0.6553697183098591 0.7177230046948356 0.11795774647887323 0.06103286384976526 
0 0.04643485915492958 0.29107981220657275 0.08142605633802817 0.16549295774647887 
0 0.8606954225352113 0.5234741784037559 0.07086267605633803 0.14084507042253522 
0 0.12323943661971831 0.2916666666666667 0.05985915492957746 0.15492957746478872 
0 0.12654049295774647 0.4994131455399061 0.07878521126760564 0.11854460093896714 
0 0.5327904929577465 0.6839788732394366 0.07262323943661972 0.12147887323943662 
0 0.20026408450704225 0.5041079812206573 0.0721830985915493 0.13028169014084506 
