0 0.14128521126760563 0.7400234741784038 0.10387323943661972 0.1983568075117371 
0 0.42891725352112675 0.750293427230047 0.09551056338028169 0.23650234741784038 
0 0.542693661971831 0.7808098591549296 0.1056338028169014 0.19307511737089203 
0 0.719850352112676 0.2074530516431925 0.0664612676056338 0.1954225352112676 
0 0.24031690140845072 0.7321009389671361 0.08626760563380281 0.2353286384976526 
0 0.3345070422535211 0.7529342723004695 0.10387323943661972 0.2312206572769953 
0 0.8470510563380281 0.8083920187793427 0.09110915492957747 0.18485915492957747 
0 0.9641285211267606 0.21948356807511737 0.06910211267605634 0.1807511737089202 
0 0.9346390845070423 0.7863849765258216 0.08142605633802817 0.21948356807511737 
0 0.7970950704225352 0.21390845070422534 0.056338028169014086 0.2318075117370892 
0 0.8794014084507042 0.22036384976525822 0.07746478873239436 0.22007042253521128 
0 0.04335387323943662 0.4756455399061033 0.05677816901408451 0.17194835680751175 
0 0.05941901408450704 0.2420774647887324 0.05193661971830986 0.14730046948356806 
0 0.21148767605633803 0.488556338028169 0.050616197183098594 0.14612676056338028 
0 0.43287852112676056 0.23151408450704225 0.06382042253521127 0.20011737089201878 
0 0.2706866197183099 0.4779929577464789 0.061619718309859156 0.16725352112676056 
0 0.859375 0.48444835680751175 0.08142605633802817 0.18955399061032863 
0 0.49955985915492956 0.2312206572769953 0.06690140845070422 0.19483568075117372 
0 0.566681338028169 0.2318075117370892 0.06029929577464789 0.19014084507042253 
0 0.10211267605633803 0.4894366197183099 0.04929577464788732 0.14788732394366197 
0 0.30303697183098594 0.23708920187793428 0.0682218309859155 0.19131455399061034 
0 0.15140845070422534 0.48738262910798125 0.06073943661971831 0.14847417840375587 
0 0.16879401408450703 0.23386150234741784 0.07086267605633803 0.17781690140845072 
0 0.11267605633802817 0.23943661971830985 0.04665492957746479 0.1596244131455399 
0 0.5627200704225352 0.49295774647887325 0.06558098591549295 0.1784037558685446 
0 0.6371038732394366 0.22887323943661972 0.06470070422535211 0.20539906103286384 
0 0.3683978873239437 0.23943661971830985 0.06690140845070422 0.19014084507042253 
0 0.3518926056338028 0.48210093896713613 0.06910211267605634 0.18251173708920188 
0 0.23129401408450703 0.23884976525821597 0.07262323943661972 0.18779342723004694 
0 0.6274207746478874 0.48708920187793425 0.06558098591549295 0.1936619718309859 
0 0.04445422535211268 0.7309272300469484 0.0818661971830986 0.2106807511737089 
0 0.7535211267605634 0.7702464788732394 0.09595070422535211 0.24589201877934272 
0 0.14128521126760563 0.7400234741784038 0.10387323943661972 0.1983568075117371 
0 0.42891725352112675 0.750293427230047 0.09551056338028169 0.23650234741784038 
0 0.542693661971831 0.7808098591549296 0.1056338028169014 0.19307511737089203 
0 0.719850352112676 0.2074530516431925 0.0664612676056338 0.1954225352112676 
0 0.24031690140845072 0.7321009389671361 0.08626760563380281 0.2353286384976526 
0 0.3345070422535211 0.7529342723004695 0.10387323943661972 0.2312206572769953 
0 0.8470510563380281 0.8083920187793427 0.09110915492957747 0.18485915492957747 
0 0.9641285211267606 0.21948356807511737 0.06910211267605634 0.1807511737089202 
0 0.9346390845070423 0.7863849765258216 0.08142605633802817 0.21948356807511737 
0 0.7970950704225352 0.21390845070422534 0.056338028169014086 0.2318075117370892 
0 0.8794014084507042 0.22036384976525822 0.07746478873239436 0.22007042253521128 
0 0.04335387323943662 0.4756455399061033 0.05677816901408451 0.17194835680751175 
0 0.05941901408450704 0.2420774647887324 0.05193661971830986 0.14730046948356806 
0 0.21148767605633803 0.488556338028169 0.050616197183098594 0.14612676056338028 
0 0.43287852112676056 0.23151408450704225 0.06382042253521127 0.20011737089201878 
0 0.2706866197183099 0.4779929577464789 0.061619718309859156 0.16725352112676056 
0 0.859375 0.48444835680751175 0.08142605633802817 0.18955399061032863 
0 0.49955985915492956 0.2312206572769953 0.06690140845070422 0.19483568075117372 
0 0.566681338028169 0.2318075117370892 0.06029929577464789 0.19014084507042253 
0 0.10211267605633803 0.4894366197183099 0.04929577464788732 0.14788732394366197 
0 0.30303697183098594 0.23708920187793428 0.0682218309859155 0.19131455399061034 
0 0.15140845070422534 0.48738262910798125 0.06073943661971831 0.14847417840375587 
0 0.16879401408450703 0.23386150234741784 0.07086267605633803 0.17781690140845072 
0 0.11267605633802817 0.23943661971830985 0.04665492957746479 0.1596244131455399 
0 0.5627200704225352 0.49295774647887325 0.06558098591549295 0.1784037558685446 
0 0.6371038732394366 0.22887323943661972 0.06470070422535211 0.20539906103286384 
0 0.3683978873239437 0.23943661971830985 0.06690140845070422 0.19014084507042253 
0 0.3518926056338028 0.48210093896713613 0.06910211267605634 0.18251173708920188 
0 0.23129401408450703 0.23884976525821597 0.07262323943661972 0.18779342723004694 
0 0.6274207746478874 0.48708920187793425 0.06558098591549295 0.1936619718309859 
0 0.04445422535211268 0.7309272300469484 0.0818661971830986 0.2106807511737089 
0 0.7535211267605634 0.7702464788732394 0.09595070422535211 0.24589201877934272 
0 0.14128521126760563 0.7400234741784038 0.10387323943661972 0.1983568075117371 
0 0.42891725352112675 0.750293427230047 0.09551056338028169 0.23650234741784038 
0 0.542693661971831 0.7808098591549296 0.1056338028169014 0.19307511737089203 
0 0.719850352112676 0.2074530516431925 0.0664612676056338 0.1954225352112676 
0 0.24031690140845072 0.7321009389671361 0.08626760563380281 0.2353286384976526 
0 0.3345070422535211 0.7529342723004695 0.10387323943661972 0.2312206572769953 
0 0.8470510563380281 0.8083920187793427 0.09110915492957747 0.18485915492957747 
0 0.9641285211267606 0.21948356807511737 0.06910211267605634 0.1807511737089202 
0 0.9346390845070423 0.7863849765258216 0.08142605633802817 0.21948356807511737 
0 0.7970950704225352 0.21390845070422534 0.056338028169014086 0.2318075117370892 
0 0.8794014084507042 0.22036384976525822 0.07746478873239436 0.22007042253521128 
0 0.04335387323943662 0.4756455399061033 0.05677816901408451 0.17194835680751175 
0 0.05941901408450704 0.2420774647887324 0.05193661971830986 0.14730046948356806 
0 0.21148767605633803 0.488556338028169 0.050616197183098594 0.14612676056338028 
0 0.43287852112676056 0.23151408450704225 0.06382042253521127 0.20011737089201878 
0 0.2706866197183099 0.4779929577464789 0.061619718309859156 0.16725352112676056 
0 0.859375 0.48444835680751175 0.08142605633802817 0.18955399061032863 
0 0.49955985915492956 0.2312206572769953 0.06690140845070422 0.19483568075117372 
0 0.566681338028169 0.2318075117370892 0.06029929577464789 0.19014084507042253 
0 0.10211267605633803 0.4894366197183099 0.04929577464788732 0.14788732394366197 
0 0.30303697183098594 0.23708920187793428 0.0682218309859155 0.19131455399061034 
0 0.15140845070422534 0.48738262910798125 0.06073943661971831 0.14847417840375587 
0 0.16879401408450703 0.23386150234741784 0.07086267605633803 0.17781690140845072 
0 0.11267605633802817 0.23943661971830985 0.04665492957746479 0.1596244131455399 
0 0.5627200704225352 0.49295774647887325 0.06558098591549295 0.1784037558685446 
0 0.6371038732394366 0.22887323943661972 0.06470070422535211 0.20539906103286384 
0 0.3683978873239437 0.23943661971830985 0.06690140845070422 0.19014084507042253 
0 0.3518926056338028 0.48210093896713613 0.06910211267605634 0.18251173708920188 
0 0.23129401408450703 0.23884976525821597 0.07262323943661972 0.18779342723004694 
0 0.6274207746478874 0.48708920187793425 0.06558098591549295 0.1936619718309859 
0 0.04445422535211268 0.7309272300469484 0.0818661971830986 0.2106807511737089 
0 0.7535211267605634 0.7702464788732394 0.09595070422535211 0.24589201877934272 
