0 0.037852112676056336 0.3588615023474178 0.05897887323943662 0.16490610328638497 
0 0.3650968309859155 0.09800469483568075 0.04973591549295775 0.14084507042253522 
0 0.40911091549295775 0.6296948356807511 0.06294014084507042 0.18661971830985916 
0 0.04643485915492958 0.6147300469483568 0.05677816901408451 0.17077464788732394 
0 0.34419014084507044 0.6285211267605634 0.06073943661971831 0.18309859154929578 
0 0.47183098591549294 0.6317488262910798 0.0625 0.1942488262910798 
0 0.2737676056338028 0.3615023474178404 0.06690140845070422 0.1983568075117371 
0 0.8294454225352113 0.8764671361502347 0.08054577464788733 0.16255868544600938 
0 0.840669014084507 0.6220657276995305 0.06426056338028169 0.1983568075117371 
0 0.764524647887324 0.6279342723004695 0.07394366197183098 0.21009389671361503 
0 0.878080985915493 0.10827464788732394 0.05193661971830986 0.11443661971830986 
0 0.3246038732394366 0.8711854460093896 0.06205985915492958 0.1766431924882629 
0 0.12411971830985916 0.8609154929577465 0.05369718309859155 0.1643192488262911 
0 0.5371919014084507 0.6346830985915493 0.06558098591549295 0.18016431924882628 
0 0.023547535211267605 0.10768779342723005 0.04621478873239437 0.13321596244131456 
0 0.46412852112676056 0.09096244131455399 0.05149647887323944 0.15258215962441316 
0 0.3230633802816901 0.09859154929577464 0.040492957746478875 0.1396713615023474 
0 0.9306778169014085 0.625 0.05677816901408451 0.1619718309859155 
0 0.3373679577464789 0.3606220657276995 0.06558098591549295 0.20246478873239437 
0 0.21038732394366197 0.10240610328638497 0.04137323943661972 0.1437793427230047 
0 0.5644806338028169 0.10211267605633803 0.04709507042253521 0.12323943661971831 
0 0.46985035211267606 0.36414319248826293 0.06205985915492958 0.1954225352112676 
0 0.6188380281690141 0.10944835680751173 0.05017605633802817 0.11561032863849766 
0 0.10585387323943662 0.6255868544600939 0.05501760563380282 0.17136150234741784 
0 0.7299735915492958 0.10886150234741784 0.050616197183098594 0.11326291079812206 
0 0.12654049295774647 0.3615023474178404 0.0664612676056338 0.18896713615023475 
0 0.2852112676056338 0.09976525821596244 0.03697183098591549 0.13732394366197184 
0 0.6742957746478874 0.10710093896713616 0.05193661971830986 0.11443661971830986 
0 0.28080985915492956 0.6261737089201878 0.06602112676056338 0.17253521126760563 
0 0.167693661971831 0.10328638497652583 0.04841549295774648 0.142018779342723 
0 0.6078345070422535 0.3626760563380282 0.07042253521126761 0.20422535211267606 
0 0.5371919014084507 0.369424882629108 0.0682218309859155 0.1965962441314554 
0 0.40360915492957744 0.3609154929577465 0.06514084507042253 0.20187793427230047 
0 0.21941021126760563 0.6302816901408451 0.05941901408450704 0.16549295774647887 
0 0.16351232394366197 0.6226525821596244 0.06029929577464789 0.16549295774647887 
0 0.7832306338028169 0.10710093896713616 0.04709507042253521 0.11678403755868545 
0 0.24537852112676056 0.10357981220657277 0.03829225352112676 0.1414319248826291 
0 0.5977112676056338 0.875293427230047 0.06426056338028169 0.20011737089201878 
0 0.24647887323943662 0.8661971830985915 0.05545774647887324 0.1807511737089202 
0 0.9161531690140845 0.3342136150234742 0.08318661971830986 0.22711267605633803 
0 0.6877200704225352 0.34066901408450706 0.08934859154929578 0.2306338028169014 
0 0.6813380281690141 0.6214788732394366 0.07130281690140845 0.2007042253521127 
0 0.6025528169014085 0.6358568075117371 0.06690140845070422 0.1977699530516432 
0 0.5160651408450704 0.08773474178403756 0.04973591549295775 0.15551643192488263 
0 0.5345510563380281 0.8735328638497653 0.06470070422535211 0.19190140845070422 
0 0.20774647887323944 0.36678403755868544 0.06073943661971831 0.18192488262910797 
0 0.9346390845070423 0.10622065727699531 0.050616197183098594 0.11854460093896714 
0 0.18860035211267606 0.8664906103286385 0.04621478873239437 0.1742957746478873 
0 0.06976232394366197 0.8603286384976526 0.05237676056338028 0.16314553990610328 
0 0.02068661971830986 0.8535798122065728 0.03609154929577465 0.1613849765258216 
0 0.037852112676056336 0.3588615023474178 0.05897887323943662 0.16490610328638497 
0 0.3650968309859155 0.09800469483568075 0.04973591549295775 0.14084507042253522 
0 0.40911091549295775 0.6296948356807511 0.06294014084507042 0.18661971830985916 
0 0.04643485915492958 0.6147300469483568 0.05677816901408451 0.17077464788732394 
0 0.34419014084507044 0.6285211267605634 0.06073943661971831 0.18309859154929578 
0 0.47183098591549294 0.6317488262910798 0.0625 0.1942488262910798 
0 0.2737676056338028 0.3615023474178404 0.06690140845070422 0.1983568075117371 
0 0.8294454225352113 0.8764671361502347 0.08054577464788733 0.16255868544600938 
0 0.840669014084507 0.6220657276995305 0.06426056338028169 0.1983568075117371 
0 0.764524647887324 0.6279342723004695 0.07394366197183098 0.21009389671361503 
0 0.878080985915493 0.10827464788732394 0.05193661971830986 0.11443661971830986 
0 0.3246038732394366 0.8711854460093896 0.06205985915492958 0.1766431924882629 
0 0.12411971830985916 0.8609154929577465 0.05369718309859155 0.1643192488262911 
0 0.5371919014084507 0.6346830985915493 0.06558098591549295 0.18016431924882628 
0 0.023547535211267605 0.10768779342723005 0.04621478873239437 0.13321596244131456 
0 0.46412852112676056 0.09096244131455399 0.05149647887323944 0.15258215962441316 
0 0.3230633802816901 0.09859154929577464 0.040492957746478875 0.1396713615023474 
0 0.9306778169014085 0.625 0.05677816901408451 0.1619718309859155 
0 0.3373679577464789 0.3606220657276995 0.06558098591549295 0.20246478873239437 
0 0.21038732394366197 0.10240610328638497 0.04137323943661972 0.1437793427230047 
0 0.5644806338028169 0.10211267605633803 0.04709507042253521 0.12323943661971831 
0 0.46985035211267606 0.36414319248826293 0.06205985915492958 0.1954225352112676 
0 0.6188380281690141 0.10944835680751173 0.05017605633802817 0.11561032863849766 
0 0.10585387323943662 0.6255868544600939 0.05501760563380282 0.17136150234741784 
0 0.7299735915492958 0.10886150234741784 0.050616197183098594 0.11326291079812206 
0 0.12654049295774647 0.3615023474178404 0.0664612676056338 0.18896713615023475 
0 0.2852112676056338 0.09976525821596244 0.03697183098591549 0.13732394366197184 
0 0.6742957746478874 0.10710093896713616 0.05193661971830986 0.11443661971830986 
0 0.28080985915492956 0.6261737089201878 0.06602112676056338 0.17253521126760563 
0 0.167693661971831 0.10328638497652583 0.04841549295774648 0.142018779342723 
0 0.6078345070422535 0.3626760563380282 0.07042253521126761 0.20422535211267606 
0 0.5371919014084507 0.369424882629108 0.0682218309859155 0.1965962441314554 
0 0.40360915492957744 0.3609154929577465 0.06514084507042253 0.20187793427230047 
0 0.21941021126760563 0.6302816901408451 0.05941901408450704 0.16549295774647887 
0 0.16351232394366197 0.6226525821596244 0.06029929577464789 0.16549295774647887 
0 0.7832306338028169 0.10710093896713616 0.04709507042253521 0.11678403755868545 
0 0.24537852112676056 0.10357981220657277 0.03829225352112676 0.1414319248826291 
0 0.5977112676056338 0.875293427230047 0.06426056338028169 0.20011737089201878 
0 0.24647887323943662 0.8661971830985915 0.05545774647887324 0.1807511737089202 
0 0.9161531690140845 0.3342136150234742 0.08318661971830986 0.22711267605633803 
0 0.6877200704225352 0.34066901408450706 0.08934859154929578 0.2306338028169014 
0 0.6813380281690141 0.6214788732394366 0.07130281690140845 0.2007042253521127 
0 0.6025528169014085 0.6358568075117371 0.06690140845070422 0.1977699530516432 
0 0.5160651408450704 0.08773474178403756 0.04973591549295775 0.15551643192488263 
0 0.5345510563380281 0.8735328638497653 0.06470070422535211 0.19190140845070422 
0 0.20774647887323944 0.36678403755868544 0.06073943661971831 0.18192488262910797 
0 0.9346390845070423 0.10622065727699531 0.050616197183098594 0.11854460093896714 
0 0.18860035211267606 0.8664906103286385 0.04621478873239437 0.1742957746478873 
0 0.06976232394366197 0.8603286384976526 0.05237676056338028 0.16314553990610328 
0 0.02068661971830986 0.8535798122065728 0.03609154929577465 0.1613849765258216 
0 0.037852112676056336 0.3588615023474178 0.05897887323943662 0.16490610328638497 
0 0.3650968309859155 0.09800469483568075 0.04973591549295775 0.14084507042253522 
0 0.40911091549295775 0.6296948356807511 0.06294014084507042 0.18661971830985916 
0 0.04643485915492958 0.6147300469483568 0.05677816901408451 0.17077464788732394 
0 0.34419014084507044 0.6285211267605634 0.06073943661971831 0.18309859154929578 
0 0.47183098591549294 0.6317488262910798 0.0625 0.1942488262910798 
0 0.2737676056338028 0.3615023474178404 0.06690140845070422 0.1983568075117371 
0 0.8294454225352113 0.8764671361502347 0.08054577464788733 0.16255868544600938 
0 0.840669014084507 0.6220657276995305 0.06426056338028169 0.1983568075117371 
0 0.764524647887324 0.6279342723004695 0.07394366197183098 0.21009389671361503 
0 0.878080985915493 0.10827464788732394 0.05193661971830986 0.11443661971830986 
0 0.3246038732394366 0.8711854460093896 0.06205985915492958 0.1766431924882629 
0 0.12411971830985916 0.8609154929577465 0.05369718309859155 0.1643192488262911 
0 0.5371919014084507 0.6346830985915493 0.06558098591549295 0.18016431924882628 
0 0.023547535211267605 0.10768779342723005 0.04621478873239437 0.13321596244131456 
0 0.46412852112676056 0.09096244131455399 0.05149647887323944 0.15258215962441316 
0 0.3230633802816901 0.09859154929577464 0.040492957746478875 0.1396713615023474 
0 0.9306778169014085 0.625 0.05677816901408451 0.1619718309859155 
0 0.3373679577464789 0.3606220657276995 0.06558098591549295 0.20246478873239437 
0 0.21038732394366197 0.10240610328638497 0.04137323943661972 0.1437793427230047 
0 0.5644806338028169 0.10211267605633803 0.04709507042253521 0.12323943661971831 
0 0.46985035211267606 0.36414319248826293 0.06205985915492958 0.1954225352112676 
0 0.6188380281690141 0.10944835680751173 0.05017605633802817 0.11561032863849766 
0 0.10585387323943662 0.6255868544600939 0.05501760563380282 0.17136150234741784 
0 0.7299735915492958 0.10886150234741784 0.050616197183098594 0.11326291079812206 
0 0.12654049295774647 0.3615023474178404 0.0664612676056338 0.18896713615023475 
0 0.2852112676056338 0.09976525821596244 0.03697183098591549 0.13732394366197184 
0 0.6742957746478874 0.10710093896713616 0.05193661971830986 0.11443661971830986 
0 0.28080985915492956 0.6261737089201878 0.06602112676056338 0.17253521126760563 
0 0.167693661971831 0.10328638497652583 0.04841549295774648 0.142018779342723 
0 0.6078345070422535 0.3626760563380282 0.07042253521126761 0.20422535211267606 
0 0.5371919014084507 0.369424882629108 0.0682218309859155 0.1965962441314554 
0 0.40360915492957744 0.3609154929577465 0.06514084507042253 0.20187793427230047 
0 0.21941021126760563 0.6302816901408451 0.05941901408450704 0.16549295774647887 
0 0.16351232394366197 0.6226525821596244 0.06029929577464789 0.16549295774647887 
0 0.7832306338028169 0.10710093896713616 0.04709507042253521 0.11678403755868545 
0 0.24537852112676056 0.10357981220657277 0.03829225352112676 0.1414319248826291 
0 0.5977112676056338 0.875293427230047 0.06426056338028169 0.20011737089201878 
0 0.24647887323943662 0.8661971830985915 0.05545774647887324 0.1807511737089202 
0 0.9161531690140845 0.3342136150234742 0.08318661971830986 0.22711267605633803 
0 0.6877200704225352 0.34066901408450706 0.08934859154929578 0.2306338028169014 
0 0.6813380281690141 0.6214788732394366 0.07130281690140845 0.2007042253521127 
0 0.6025528169014085 0.6358568075117371 0.06690140845070422 0.1977699530516432 
0 0.5160651408450704 0.08773474178403756 0.04973591549295775 0.15551643192488263 
0 0.5345510563380281 0.8735328638497653 0.06470070422535211 0.19190140845070422 
0 0.20774647887323944 0.36678403755868544 0.06073943661971831 0.18192488262910797 
0 0.9346390845070423 0.10622065727699531 0.050616197183098594 0.11854460093896714 
0 0.18860035211267606 0.8664906103286385 0.04621478873239437 0.1742957746478873 
0 0.06976232394366197 0.8603286384976526 0.05237676056338028 0.16314553990610328 
0 0.02068661971830986 0.8535798122065728 0.03609154929577465 0.1613849765258216 
