0 0.2112676056338028 0.7564553990610329 0.07306338028169014 0.07746478873239436 
0 0.8142605633802817 0.670481220657277 0.07306338028169014 0.19307511737089203 
0 0.5389524647887324 0.12206572769953052 0.05149647887323944 0.15610328638497653 
0 0.9755721830985915 0.39348591549295775 0.04533450704225352 0.2306338028169014 
0 0.08296654929577464 0.30076291079812206 0.08582746478873239 0.1437793427230047 
0 0.2599031690140845 0.3034037558685446 0.08142605633802817 0.12910798122065728 
0 0.9251760563380281 0.3987676056338028 0.07130281690140845 0.23767605633802816 
0 0.6100352112676056 0.9178403755868545 0.07834507042253522 0.1431924882629108 
0 0.09507042253521127 0.5360915492957746 0.07922535211267606 0.12147887323943662 
0 0.7132482394366197 0.9084507042253521 0.09286971830985916 0.13849765258215962 
0 0.8276848591549296 0.9078638497652582 0.0840669014084507 0.1596244131455399 
0 0.4005281690140845 0.9154929577464789 0.09154929577464789 0.1255868544600939 
0 0.9278169014084507 0.908744131455399 0.09066901408450705 0.15669014084507044 
0 0.304137323943662 0.7634976525821596 0.07482394366197183 0.0892018779342723 
0 0.21875 0.5322769953051644 0.10475352112676056 0.11737089201877934 
0 0.3633362676056338 0.40580985915492956 0.07262323943661972 0.2282863849765258 
0 0.5127640845070423 0.9110915492957746 0.0801056338028169 0.159037558685446 
0 0.9612676056338029 0.1056338028169014 0.08274647887323944 0.1936619718309859 
0 0.7810299295774648 0.3955399061032864 0.07174295774647887 0.23943661971830985 
0 0.37962147887323944 0.6786971830985915 0.06734154929577464 0.17781690140845072 
0 0.4636883802816901 0.1317488262910798 0.04621478873239437 0.15786384976525822 
0 0.4566461267605634 0.6880868544600939 0.06294014084507042 0.16255868544600938 
0 0.726012323943662 0.11003521126760564 0.07878521126760564 0.1942488262910798 
0 0.5255281690140845 0.681631455399061 0.05985915492957746 0.17546948356807512 
0 0.6142165492957746 0.1164906103286385 0.08758802816901408 0.17194835680751175 
0 0.7297535211267606 0.6728286384976526 0.06514084507042253 0.18016431924882628 
0 0.5875880281690141 0.6766431924882629 0.05721830985915493 0.1772300469483568 
0 0.8063380281690141 0.11355633802816902 0.06602112676056338 0.18016431924882628 
0 0.6639524647887324 0.6810446009389671 0.06029929577464789 0.17077464788732394 
0 0.3800616197183099 0.12705399061032863 0.07350352112676056 0.16255868544600938 
0 0.6430457746478874 0.3984741784037559 0.0721830985915493 0.2312206572769953 
0 0.8545334507042254 0.3958333333333333 0.07174295774647887 0.24002347417840375 
0 0.17033450704225353 0.3028169014084507 0.08890845070422536 0.13380281690140844 
0 0.8721390845070423 0.10827464788732394 0.06205985915492958 0.1942488262910798 
0 0.5719630281690141 0.4014084507042254 0.06910211267605634 0.22769953051643194 
0 0.501100352112676 0.3984741784037559 0.0682218309859155 0.22535211267605634 
0 0.711487676056338 0.3987676056338028 0.06734154929577464 0.2353286384976526 
0 0.2112676056338028 0.7564553990610329 0.07306338028169014 0.07746478873239436 
0 0.8142605633802817 0.670481220657277 0.07306338028169014 0.19307511737089203 
0 0.5389524647887324 0.12206572769953052 0.05149647887323944 0.15610328638497653 
0 0.9755721830985915 0.39348591549295775 0.04533450704225352 0.2306338028169014 
0 0.08296654929577464 0.30076291079812206 0.08582746478873239 0.1437793427230047 
0 0.2599031690140845 0.3034037558685446 0.08142605633802817 0.12910798122065728 
0 0.9251760563380281 0.3987676056338028 0.07130281690140845 0.23767605633802816 
0 0.6100352112676056 0.9178403755868545 0.07834507042253522 0.1431924882629108 
0 0.09507042253521127 0.5360915492957746 0.07922535211267606 0.12147887323943662 
0 0.7132482394366197 0.9084507042253521 0.09286971830985916 0.13849765258215962 
0 0.8276848591549296 0.9078638497652582 0.0840669014084507 0.1596244131455399 
0 0.4005281690140845 0.9154929577464789 0.09154929577464789 0.1255868544600939 
0 0.9278169014084507 0.908744131455399 0.09066901408450705 0.15669014084507044 
0 0.304137323943662 0.7634976525821596 0.07482394366197183 0.0892018779342723 
0 0.21875 0.5322769953051644 0.10475352112676056 0.11737089201877934 
0 0.3633362676056338 0.40580985915492956 0.07262323943661972 0.2282863849765258 
0 0.5127640845070423 0.9110915492957746 0.0801056338028169 0.159037558685446 
0 0.9612676056338029 0.1056338028169014 0.08274647887323944 0.1936619718309859 
0 0.7810299295774648 0.3955399061032864 0.07174295774647887 0.23943661971830985 
0 0.37962147887323944 0.6786971830985915 0.06734154929577464 0.17781690140845072 
0 0.4636883802816901 0.1317488262910798 0.04621478873239437 0.15786384976525822 
0 0.4566461267605634 0.6880868544600939 0.06294014084507042 0.16255868544600938 
0 0.726012323943662 0.11003521126760564 0.07878521126760564 0.1942488262910798 
0 0.5255281690140845 0.681631455399061 0.05985915492957746 0.17546948356807512 
0 0.6142165492957746 0.1164906103286385 0.08758802816901408 0.17194835680751175 
0 0.7297535211267606 0.6728286384976526 0.06514084507042253 0.18016431924882628 
0 0.5875880281690141 0.6766431924882629 0.05721830985915493 0.1772300469483568 
0 0.8063380281690141 0.11355633802816902 0.06602112676056338 0.18016431924882628 
0 0.6639524647887324 0.6810446009389671 0.06029929577464789 0.17077464788732394 
0 0.3800616197183099 0.12705399061032863 0.07350352112676056 0.16255868544600938 
0 0.6430457746478874 0.3984741784037559 0.0721830985915493 0.2312206572769953 
0 0.8545334507042254 0.3958333333333333 0.07174295774647887 0.24002347417840375 
0 0.17033450704225353 0.3028169014084507 0.08890845070422536 0.13380281690140844 
0 0.8721390845070423 0.10827464788732394 0.06205985915492958 0.1942488262910798 
0 0.5719630281690141 0.4014084507042254 0.06910211267605634 0.22769953051643194 
0 0.501100352112676 0.3984741784037559 0.0682218309859155 0.22535211267605634 
0 0.711487676056338 0.3987676056338028 0.06734154929577464 0.2353286384976526 
0 0.2112676056338028 0.7564553990610329 0.07306338028169014 0.07746478873239436 
0 0.8142605633802817 0.670481220657277 0.07306338028169014 0.19307511737089203 
0 0.5389524647887324 0.12206572769953052 0.05149647887323944 0.15610328638497653 
0 0.9755721830985915 0.39348591549295775 0.04533450704225352 0.2306338028169014 
0 0.08296654929577464 0.30076291079812206 0.08582746478873239 0.1437793427230047 
0 0.2599031690140845 0.3034037558685446 0.08142605633802817 0.12910798122065728 
0 0.9251760563380281 0.3987676056338028 0.07130281690140845 0.23767605633802816 
0 0.6100352112676056 0.9178403755868545 0.07834507042253522 0.1431924882629108 
0 0.09507042253521127 0.5360915492957746 0.07922535211267606 0.12147887323943662 
0 0.7132482394366197 0.9084507042253521 0.09286971830985916 0.13849765258215962 
0 0.8276848591549296 0.9078638497652582 0.0840669014084507 0.1596244131455399 
0 0.4005281690140845 0.9154929577464789 0.09154929577464789 0.1255868544600939 
0 0.9278169014084507 0.908744131455399 0.09066901408450705 0.15669014084507044 
0 0.304137323943662 0.7634976525821596 0.07482394366197183 0.0892018779342723 
0 0.21875 0.5322769953051644 0.10475352112676056 0.11737089201877934 
0 0.3633362676056338 0.40580985915492956 0.07262323943661972 0.2282863849765258 
0 0.5127640845070423 0.9110915492957746 0.0801056338028169 0.159037558685446 
0 0.9612676056338029 0.1056338028169014 0.08274647887323944 0.1936619718309859 
0 0.7810299295774648 0.3955399061032864 0.07174295774647887 0.23943661971830985 
0 0.37962147887323944 0.6786971830985915 0.06734154929577464 0.17781690140845072 
0 0.4636883802816901 0.1317488262910798 0.04621478873239437 0.15786384976525822 
0 0.4566461267605634 0.6880868544600939 0.06294014084507042 0.16255868544600938 
0 0.726012323943662 0.11003521126760564 0.07878521126760564 0.1942488262910798 
0 0.5255281690140845 0.681631455399061 0.05985915492957746 0.17546948356807512 
0 0.6142165492957746 0.1164906103286385 0.08758802816901408 0.17194835680751175 
0 0.7297535211267606 0.6728286384976526 0.06514084507042253 0.18016431924882628 
0 0.5875880281690141 0.6766431924882629 0.05721830985915493 0.1772300469483568 
0 0.8063380281690141 0.11355633802816902 0.06602112676056338 0.18016431924882628 
0 0.6639524647887324 0.6810446009389671 0.06029929577464789 0.17077464788732394 
0 0.3800616197183099 0.12705399061032863 0.07350352112676056 0.16255868544600938 
0 0.6430457746478874 0.3984741784037559 0.0721830985915493 0.2312206572769953 
0 0.8545334507042254 0.3958333333333333 0.07174295774647887 0.24002347417840375 
0 0.17033450704225353 0.3028169014084507 0.08890845070422536 0.13380281690140844 
0 0.8721390845070423 0.10827464788732394 0.06205985915492958 0.1942488262910798 
0 0.5719630281690141 0.4014084507042254 0.06910211267605634 0.22769953051643194 
0 0.501100352112676 0.3984741784037559 0.0682218309859155 0.22535211267605634 
0 0.711487676056338 0.3987676056338028 0.06734154929577464 0.2353286384976526 
