0 0.527068661971831 0.8550469483568075 0.07086267605633803 0.1607981220657277 
0 0.3356073943661972 0.8544600938967136 0.06029929577464789 0.15140845070422534 
0 0.4581866197183099 0.8436032863849765 0.05897887323943662 0.14730046948356806 
0 0.7486795774647887 0.5859741784037559 0.0994718309859155 0.11443661971830986 
0 0.5565580985915493 0.6071009389671361 0.08670774647887323 0.10269953051643192 
0 0.0840669014084507 0.8799882629107981 0.0528169014084507 0.0733568075117371 
0 0.19300176056338028 0.8245305164319249 0.07702464788732394 0.07042253521126761 
0 0.2678257042253521 0.8339201877934272 0.07262323943661972 0.06338028169014084 
0 0.21985035211267606 0.7678990610328639 0.06029929577464789 0.04870892018779343 
0 0.2946742957746479 0.7796361502347418 0.07350352112676056 0.04518779342723005 
0 0.3985475352112676 0.8265845070422535 0.05501760563380282 0.1426056338028169 
0 0.7711267605633803 0.36678403755868544 0.11795774647887323 0.11737089201877934 
0 0.04533450704225352 0.7717136150234741 0.04841549295774648 0.06455399061032864 
0 0.22337147887323944 0.8967136150234741 0.14656690140845072 0.056338028169014086 
0 0.9551056338028169 0.5190727699530516 0.0897887323943662 0.20246478873239437 
0 0.9471830985915493 0.8130868544600939 0.11179577464788733 0.2494131455399061 
0 0.860475352112676 0.6085680751173709 0.0801056338028169 0.09154929577464789 
0 0.8661971830985915 0.13732394366197184 0.09242957746478873 0.13262910798122066 
0 0.6474471830985915 0.3729460093896714 0.06426056338028169 0.07805164319248827 
0 0.061179577464788734 0.5880281690140845 0.12059859154929578 0.09741784037558686 
0 0.6786971830985915 0.12177230046948356 0.09154929577464789 0.13438967136150234 
0 0.3389084507042254 0.12265258215962441 0.08714788732394366 0.1619718309859155 
0 0.3941461267605634 0.3488849765258216 0.1034330985915493 0.15316901408450703 
0 0.46434859154929575 0.11707746478873239 0.0897887323943662 0.16490610328638497 
0 0.7722271126760564 0.1329225352112676 0.09375 0.12969483568075119 
0 0.5662411971830986 0.12089201877934272 0.09991197183098592 0.16901408450704225 
0 0.2420774647887324 0.5707159624413145 0.1698943661971831 0.09448356807511737 
0 0.44058098591549294 0.5883215962441315 0.0994718309859155 0.11443661971830986 
0 0.9689700704225352 0.2538145539906103 0.05765845070422535 0.1965962441314554 
0 0.5563380281690141 0.36619718309859156 0.08626760563380281 0.10328638497652583 
0 0.10915492957746478 0.8198356807511737 0.06602112676056338 0.0528169014084507 
0 0.527068661971831 0.8550469483568075 0.07086267605633803 0.1607981220657277 
0 0.3356073943661972 0.8544600938967136 0.06029929577464789 0.15140845070422534 
0 0.4581866197183099 0.8436032863849765 0.05897887323943662 0.14730046948356806 
0 0.7486795774647887 0.5859741784037559 0.0994718309859155 0.11443661971830986 
0 0.5565580985915493 0.6071009389671361 0.08670774647887323 0.10269953051643192 
0 0.0840669014084507 0.8799882629107981 0.0528169014084507 0.0733568075117371 
0 0.19300176056338028 0.8245305164319249 0.07702464788732394 0.07042253521126761 
0 0.2678257042253521 0.8339201877934272 0.07262323943661972 0.06338028169014084 
0 0.21985035211267606 0.7678990610328639 0.06029929577464789 0.04870892018779343 
0 0.2946742957746479 0.7796361502347418 0.07350352112676056 0.04518779342723005 
0 0.3985475352112676 0.8265845070422535 0.05501760563380282 0.1426056338028169 
0 0.7711267605633803 0.36678403755868544 0.11795774647887323 0.11737089201877934 
0 0.04533450704225352 0.7717136150234741 0.04841549295774648 0.06455399061032864 
0 0.22337147887323944 0.8967136150234741 0.14656690140845072 0.056338028169014086 
0 0.9551056338028169 0.5190727699530516 0.0897887323943662 0.20246478873239437 
0 0.9471830985915493 0.8130868544600939 0.11179577464788733 0.2494131455399061 
0 0.860475352112676 0.6085680751173709 0.0801056338028169 0.09154929577464789 
0 0.8661971830985915 0.13732394366197184 0.09242957746478873 0.13262910798122066 
0 0.6474471830985915 0.3729460093896714 0.06426056338028169 0.07805164319248827 
0 0.061179577464788734 0.5880281690140845 0.12059859154929578 0.09741784037558686 
0 0.6786971830985915 0.12177230046948356 0.09154929577464789 0.13438967136150234 
0 0.3389084507042254 0.12265258215962441 0.08714788732394366 0.1619718309859155 
0 0.3941461267605634 0.3488849765258216 0.1034330985915493 0.15316901408450703 
0 0.46434859154929575 0.11707746478873239 0.0897887323943662 0.16490610328638497 
0 0.7722271126760564 0.1329225352112676 0.09375 0.12969483568075119 
0 0.5662411971830986 0.12089201877934272 0.09991197183098592 0.16901408450704225 
0 0.2420774647887324 0.5707159624413145 0.1698943661971831 0.09448356807511737 
0 0.44058098591549294 0.5883215962441315 0.0994718309859155 0.11443661971830986 
0 0.9689700704225352 0.2538145539906103 0.05765845070422535 0.1965962441314554 
0 0.5563380281690141 0.36619718309859156 0.08626760563380281 0.10328638497652583 
0 0.10915492957746478 0.8198356807511737 0.06602112676056338 0.0528169014084507 
0 0.527068661971831 0.8550469483568075 0.07086267605633803 0.1607981220657277 
0 0.3356073943661972 0.8544600938967136 0.06029929577464789 0.15140845070422534 
0 0.4581866197183099 0.8436032863849765 0.05897887323943662 0.14730046948356806 
0 0.7486795774647887 0.5859741784037559 0.0994718309859155 0.11443661971830986 
0 0.5565580985915493 0.6071009389671361 0.08670774647887323 0.10269953051643192 
0 0.0840669014084507 0.8799882629107981 0.0528169014084507 0.0733568075117371 
0 0.19300176056338028 0.8245305164319249 0.07702464788732394 0.07042253521126761 
0 0.2678257042253521 0.8339201877934272 0.07262323943661972 0.06338028169014084 
0 0.21985035211267606 0.7678990610328639 0.06029929577464789 0.04870892018779343 
0 0.2946742957746479 0.7796361502347418 0.07350352112676056 0.04518779342723005 
0 0.3985475352112676 0.8265845070422535 0.05501760563380282 0.1426056338028169 
0 0.7711267605633803 0.36678403755868544 0.11795774647887323 0.11737089201877934 
0 0.04533450704225352 0.7717136150234741 0.04841549295774648 0.06455399061032864 
0 0.22337147887323944 0.8967136150234741 0.14656690140845072 0.056338028169014086 
0 0.9551056338028169 0.5190727699530516 0.0897887323943662 0.20246478873239437 
0 0.9471830985915493 0.8130868544600939 0.11179577464788733 0.2494131455399061 
0 0.860475352112676 0.6085680751173709 0.0801056338028169 0.09154929577464789 
0 0.8661971830985915 0.13732394366197184 0.09242957746478873 0.13262910798122066 
0 0.6474471830985915 0.3729460093896714 0.06426056338028169 0.07805164319248827 
0 0.061179577464788734 0.5880281690140845 0.12059859154929578 0.09741784037558686 
0 0.6786971830985915 0.12177230046948356 0.09154929577464789 0.13438967136150234 
0 0.3389084507042254 0.12265258215962441 0.08714788732394366 0.1619718309859155 
0 0.3941461267605634 0.3488849765258216 0.1034330985915493 0.15316901408450703 
0 0.46434859154929575 0.11707746478873239 0.0897887323943662 0.16490610328638497 
0 0.7722271126760564 0.1329225352112676 0.09375 0.12969483568075119 
0 0.5662411971830986 0.12089201877934272 0.09991197183098592 0.16901408450704225 
0 0.2420774647887324 0.5707159624413145 0.1698943661971831 0.09448356807511737 
0 0.44058098591549294 0.5883215962441315 0.0994718309859155 0.11443661971830986 
0 0.9689700704225352 0.2538145539906103 0.05765845070422535 0.1965962441314554 
0 0.5563380281690141 0.36619718309859156 0.08626760563380281 0.10328638497652583 
0 0.10915492957746478 0.8198356807511737 0.06602112676056338 0.0528169014084507 
