0 0.5994718309859155 0.8224765258215962 0.08274647887323944 0.09448356807511737 
0 0.7121478873239436 0.8119131455399061 0.11443661971830986 0.11326291079812206 
0 0.07064260563380281 0.3855633802816901 0.08758802816901408 0.11502347417840375 
0 0.42231514084507044 0.37764084507042256 0.058538732394366196 0.09213615023474178 
0 0.9683098591549296 0.9386737089201878 0.07570422535211267 0.12265258215962441 
0 0.5154049295774648 0.8204225352112676 0.07922535211267606 0.09272300469483569 
0 0.20994718309859156 0.9765258215962441 0.14084507042253522 0.045774647887323945 
0 0.35893485915492956 0.8007629107981221 0.09463028169014084 0.13204225352112675 
0 0.8921654929577465 0.9366197183098591 0.07130281690140845 0.11854460093896714 
0 0.8915052816901409 0.6980633802816901 0.06382042253521127 0.1789906103286385 
0 0.8389084507042254 0.33480046948356806 0.09683098591549295 0.1637323943661972 
0 0.9546654929577465 0.1517018779342723 0.04137323943661972 0.1273474178403756 
0 0.9238556338028169 0.4216549295774648 0.06073943661971831 0.19190140845070422 
0 0.617737676056338 0.5918427230046949 0.08142605633802817 0.15082159624413147 
0 0.737455985915493 0.35651408450704225 0.09022887323943662 0.14612676056338028 
0 0.6377640845070423 0.3538732394366197 0.08626760563380281 0.13732394366197184 
0 0.7909330985915493 0.5924295774647887 0.08450704225352113 0.15551643192488263 
0 0.5178257042253521 0.5936032863849765 0.09991197183098592 0.15316901408450703 
0 0.4234154929577465 0.28080985915492956 0.056338028169014086 0.09565727699530517 
0 0.2871919014084507 0.3474178403755869 0.07526408450704225 0.15610328638497653 
0 0.15977112676056338 0.38967136150234744 0.08714788732394366 0.11502347417840375 
0 0.3091989436619718 0.5974178403755869 0.07174295774647887 0.12793427230046947 
0 0.30721830985915494 0.11296948356807512 0.0721830985915493 0.1766431924882629 
0 0.8331866197183099 0.1402582159624413 0.05193661971830986 0.11737089201877934 
0 0.9106514084507042 0.142018779342723 0.04665492957746479 0.1431924882629108 
0 0.23767605633802816 0.11561032863849766 0.06954225352112677 0.176056338028169 
0 0.7704665492957746 0.1414319248826291 0.050616197183098594 0.11267605633802817 
0 0.6060739436619719 0.13204225352112675 0.09330985915492958 0.12323943661971831 
0 0.4201144366197183 0.6000586854460094 0.06734154929577464 0.12852112676056338 
0 0.7029049295774648 0.5947769953051644 0.08890845070422536 0.14847417840375587 
0 0.5994718309859155 0.8224765258215962 0.08274647887323944 0.09448356807511737 
0 0.7121478873239436 0.8119131455399061 0.11443661971830986 0.11326291079812206 
0 0.07064260563380281 0.3855633802816901 0.08758802816901408 0.11502347417840375 
0 0.42231514084507044 0.37764084507042256 0.058538732394366196 0.09213615023474178 
0 0.9683098591549296 0.9386737089201878 0.07570422535211267 0.12265258215962441 
0 0.5154049295774648 0.8204225352112676 0.07922535211267606 0.09272300469483569 
0 0.20994718309859156 0.9765258215962441 0.14084507042253522 0.045774647887323945 
0 0.35893485915492956 0.8007629107981221 0.09463028169014084 0.13204225352112675 
0 0.8921654929577465 0.9366197183098591 0.07130281690140845 0.11854460093896714 
0 0.8915052816901409 0.6980633802816901 0.06382042253521127 0.1789906103286385 
0 0.8389084507042254 0.33480046948356806 0.09683098591549295 0.1637323943661972 
0 0.9546654929577465 0.1517018779342723 0.04137323943661972 0.1273474178403756 
0 0.9238556338028169 0.4216549295774648 0.06073943661971831 0.19190140845070422 
0 0.617737676056338 0.5918427230046949 0.08142605633802817 0.15082159624413147 
0 0.737455985915493 0.35651408450704225 0.09022887323943662 0.14612676056338028 
0 0.6377640845070423 0.3538732394366197 0.08626760563380281 0.13732394366197184 
0 0.7909330985915493 0.5924295774647887 0.08450704225352113 0.15551643192488263 
0 0.5178257042253521 0.5936032863849765 0.09991197183098592 0.15316901408450703 
0 0.4234154929577465 0.28080985915492956 0.056338028169014086 0.09565727699530517 
0 0.2871919014084507 0.3474178403755869 0.07526408450704225 0.15610328638497653 
0 0.15977112676056338 0.38967136150234744 0.08714788732394366 0.11502347417840375 
0 0.3091989436619718 0.5974178403755869 0.07174295774647887 0.12793427230046947 
0 0.30721830985915494 0.11296948356807512 0.0721830985915493 0.1766431924882629 
0 0.8331866197183099 0.1402582159624413 0.05193661971830986 0.11737089201877934 
0 0.9106514084507042 0.142018779342723 0.04665492957746479 0.1431924882629108 
0 0.23767605633802816 0.11561032863849766 0.06954225352112677 0.176056338028169 
0 0.7704665492957746 0.1414319248826291 0.050616197183098594 0.11267605633802817 
0 0.6060739436619719 0.13204225352112675 0.09330985915492958 0.12323943661971831 
0 0.4201144366197183 0.6000586854460094 0.06734154929577464 0.12852112676056338 
0 0.7029049295774648 0.5947769953051644 0.08890845070422536 0.14847417840375587 
0 0.5994718309859155 0.8224765258215962 0.08274647887323944 0.09448356807511737 
0 0.7121478873239436 0.8119131455399061 0.11443661971830986 0.11326291079812206 
0 0.07064260563380281 0.3855633802816901 0.08758802816901408 0.11502347417840375 
0 0.42231514084507044 0.37764084507042256 0.058538732394366196 0.09213615023474178 
0 0.9683098591549296 0.9386737089201878 0.07570422535211267 0.12265258215962441 
0 0.5154049295774648 0.8204225352112676 0.07922535211267606 0.09272300469483569 
0 0.20994718309859156 0.9765258215962441 0.14084507042253522 0.045774647887323945 
0 0.35893485915492956 0.8007629107981221 0.09463028169014084 0.13204225352112675 
0 0.8921654929577465 0.9366197183098591 0.07130281690140845 0.11854460093896714 
0 0.8915052816901409 0.6980633802816901 0.06382042253521127 0.1789906103286385 
0 0.8389084507042254 0.33480046948356806 0.09683098591549295 0.1637323943661972 
0 0.9546654929577465 0.1517018779342723 0.04137323943661972 0.1273474178403756 
0 0.9238556338028169 0.4216549295774648 0.06073943661971831 0.19190140845070422 
0 0.617737676056338 0.5918427230046949 0.08142605633802817 0.15082159624413147 
0 0.737455985915493 0.35651408450704225 0.09022887323943662 0.14612676056338028 
0 0.6377640845070423 0.3538732394366197 0.08626760563380281 0.13732394366197184 
0 0.7909330985915493 0.5924295774647887 0.08450704225352113 0.15551643192488263 
0 0.5178257042253521 0.5936032863849765 0.09991197183098592 0.15316901408450703 
0 0.4234154929577465 0.28080985915492956 0.056338028169014086 0.09565727699530517 
0 0.2871919014084507 0.3474178403755869 0.07526408450704225 0.15610328638497653 
0 0.15977112676056338 0.38967136150234744 0.08714788732394366 0.11502347417840375 
0 0.3091989436619718 0.5974178403755869 0.07174295774647887 0.12793427230046947 
0 0.30721830985915494 0.11296948356807512 0.0721830985915493 0.1766431924882629 
0 0.8331866197183099 0.1402582159624413 0.05193661971830986 0.11737089201877934 
0 0.9106514084507042 0.142018779342723 0.04665492957746479 0.1431924882629108 
0 0.23767605633802816 0.11561032863849766 0.06954225352112677 0.176056338028169 
0 0.7704665492957746 0.1414319248826291 0.050616197183098594 0.11267605633802817 
0 0.6060739436619719 0.13204225352112675 0.09330985915492958 0.12323943661971831 
0 0.4201144366197183 0.6000586854460094 0.06734154929577464 0.12852112676056338 
0 0.7029049295774648 0.5947769953051644 0.08890845070422536 0.14847417840375587 
