0 0.878080985915493 0.8447769953051644 0.05721830985915493 0.06279342723004695 
0 0.6188380281690141 0.43427230046948356 0.07482394366197183 0.11150234741784038 
0 0.5253080985915493 0.4471830985915493 0.0682218309859155 0.09389671361502347 
0 0.879181338028169 0.1880868544600939 0.05237676056338028 0.13438967136150234 
0 0.8314260563380281 0.35563380281690143 0.05457746478873239 0.056338028169014086 
0 0.05567781690140845 0.4154929577464789 0.09110915492957747 0.13145539906103287 
0 0.17495598591549297 0.8755868544600939 0.2055457746478873 0.08568075117370892 
0 0.2055457746478873 0.17546948356807512 0.06690140845070422 0.18896713615023475 
0 0.49735915492957744 0.8506455399061033 0.10827464788732394 0.040492957746478875 
0 0.3642165492957746 0.9069835680751174 0.1210387323943662 0.04988262910798122 
0 0.6930017605633803 0.4328051643192488 0.07350352112676056 0.12030516431924883 
0 0.8356073943661971 0.3961267605633803 0.0682218309859155 0.035211267605633804 
0 0.9700704225352113 0.3890845070422535 0.05985915492957746 0.18896713615023475 
0 0.8389084507042254 0.4650821596244131 0.07042253521126761 0.09096244131455399 
0 0.45202464788732394 0.4509976525821596 0.07570422535211267 0.08039906103286384 
0 0.36311619718309857 0.8509389671361502 0.1073943661971831 0.03990610328638498 
0 0.35849471830985913 0.386443661971831 0.07174295774647887 0.07805164319248827 
0 0.8690580985915493 0.8896713615023474 0.08494718309859155 0.11384976525821597 
0 0.22359154929577466 0.6719483568075117 0.04401408450704225 0.0903755868544601 
0 0.9577464788732394 0.6722417840375586 0.0818661971830986 0.11091549295774648 
0 0.2623239436619718 0.41607981220657275 0.09507042253521127 0.1443661971830986 
0 0.445862676056338 0.6616784037558685 0.06338028169014084 0.14847417840375587 
0 0.11179577464788733 0.6446596244131455 0.05017605633802817 0.08392018779342723 
0 0.27750880281690143 0.6499413145539906 0.05941901408450704 0.1238262910798122 
0 0.36069542253521125 0.6628521126760564 0.061179577464788734 0.13908450704225353 
0 0.1586707746478873 0.4125586854460094 0.09198943661971831 0.14906103286384975 
0 0.5266285211267606 0.6663732394366197 0.07262323943661972 0.13321596244131456 
0 0.12213908450704225 0.18339201877934272 0.06294014084507042 0.1613849765258216 
0 0.17231514084507044 0.670774647887324 0.04005281690140845 0.0880281690140845 
0 0.8402288732394366 0.641725352112676 0.08274647887323944 0.08509389671361503 
0 0.8061179577464789 0.17253521126760563 0.053257042253521125 0.1431924882629108 
0 0.04335387323943662 0.18427230046948356 0.0664612676056338 0.17136150234741784 
0 0.31712147887323944 0.1657863849765258 0.07526408450704225 0.17312206572769953 
0 0.878080985915493 0.8447769953051644 0.05721830985915493 0.06279342723004695 
0 0.6188380281690141 0.43427230046948356 0.07482394366197183 0.11150234741784038 
0 0.5253080985915493 0.4471830985915493 0.0682218309859155 0.09389671361502347 
0 0.879181338028169 0.1880868544600939 0.05237676056338028 0.13438967136150234 
0 0.8314260563380281 0.35563380281690143 0.05457746478873239 0.056338028169014086 
0 0.05567781690140845 0.4154929577464789 0.09110915492957747 0.13145539906103287 
0 0.17495598591549297 0.8755868544600939 0.2055457746478873 0.08568075117370892 
0 0.2055457746478873 0.17546948356807512 0.06690140845070422 0.18896713615023475 
0 0.49735915492957744 0.8506455399061033 0.10827464788732394 0.040492957746478875 
0 0.3642165492957746 0.9069835680751174 0.1210387323943662 0.04988262910798122 
0 0.6930017605633803 0.4328051643192488 0.07350352112676056 0.12030516431924883 
0 0.8356073943661971 0.3961267605633803 0.0682218309859155 0.035211267605633804 
0 0.9700704225352113 0.3890845070422535 0.05985915492957746 0.18896713615023475 
0 0.8389084507042254 0.4650821596244131 0.07042253521126761 0.09096244131455399 
0 0.45202464788732394 0.4509976525821596 0.07570422535211267 0.08039906103286384 
0 0.36311619718309857 0.8509389671361502 0.1073943661971831 0.03990610328638498 
0 0.35849471830985913 0.386443661971831 0.07174295774647887 0.07805164319248827 
0 0.8690580985915493 0.8896713615023474 0.08494718309859155 0.11384976525821597 
0 0.22359154929577466 0.6719483568075117 0.04401408450704225 0.0903755868544601 
0 0.9577464788732394 0.6722417840375586 0.0818661971830986 0.11091549295774648 
0 0.2623239436619718 0.41607981220657275 0.09507042253521127 0.1443661971830986 
0 0.445862676056338 0.6616784037558685 0.06338028169014084 0.14847417840375587 
0 0.11179577464788733 0.6446596244131455 0.05017605633802817 0.08392018779342723 
0 0.27750880281690143 0.6499413145539906 0.05941901408450704 0.1238262910798122 
0 0.36069542253521125 0.6628521126760564 0.061179577464788734 0.13908450704225353 
0 0.1586707746478873 0.4125586854460094 0.09198943661971831 0.14906103286384975 
0 0.5266285211267606 0.6663732394366197 0.07262323943661972 0.13321596244131456 
0 0.12213908450704225 0.18339201877934272 0.06294014084507042 0.1613849765258216 
0 0.17231514084507044 0.670774647887324 0.04005281690140845 0.0880281690140845 
0 0.8402288732394366 0.641725352112676 0.08274647887323944 0.08509389671361503 
0 0.8061179577464789 0.17253521126760563 0.053257042253521125 0.1431924882629108 
0 0.04335387323943662 0.18427230046948356 0.0664612676056338 0.17136150234741784 
0 0.31712147887323944 0.1657863849765258 0.07526408450704225 0.17312206572769953 
0 0.878080985915493 0.8447769953051644 0.05721830985915493 0.06279342723004695 
0 0.6188380281690141 0.43427230046948356 0.07482394366197183 0.11150234741784038 
0 0.5253080985915493 0.4471830985915493 0.0682218309859155 0.09389671361502347 
0 0.879181338028169 0.1880868544600939 0.05237676056338028 0.13438967136150234 
0 0.8314260563380281 0.35563380281690143 0.05457746478873239 0.056338028169014086 
0 0.05567781690140845 0.4154929577464789 0.09110915492957747 0.13145539906103287 
0 0.17495598591549297 0.8755868544600939 0.2055457746478873 0.08568075117370892 
0 0.2055457746478873 0.17546948356807512 0.06690140845070422 0.18896713615023475 
0 0.49735915492957744 0.8506455399061033 0.10827464788732394 0.040492957746478875 
0 0.3642165492957746 0.9069835680751174 0.1210387323943662 0.04988262910798122 
0 0.6930017605633803 0.4328051643192488 0.07350352112676056 0.12030516431924883 
0 0.8356073943661971 0.3961267605633803 0.0682218309859155 0.035211267605633804 
0 0.9700704225352113 0.3890845070422535 0.05985915492957746 0.18896713615023475 
0 0.8389084507042254 0.4650821596244131 0.07042253521126761 0.09096244131455399 
0 0.45202464788732394 0.4509976525821596 0.07570422535211267 0.08039906103286384 
0 0.36311619718309857 0.8509389671361502 0.1073943661971831 0.03990610328638498 
0 0.35849471830985913 0.386443661971831 0.07174295774647887 0.07805164319248827 
0 0.8690580985915493 0.8896713615023474 0.08494718309859155 0.11384976525821597 
0 0.22359154929577466 0.6719483568075117 0.04401408450704225 0.0903755868544601 
0 0.9577464788732394 0.6722417840375586 0.0818661971830986 0.11091549295774648 
0 0.2623239436619718 0.41607981220657275 0.09507042253521127 0.1443661971830986 
0 0.445862676056338 0.6616784037558685 0.06338028169014084 0.14847417840375587 
0 0.11179577464788733 0.6446596244131455 0.05017605633802817 0.08392018779342723 
0 0.27750880281690143 0.6499413145539906 0.05941901408450704 0.1238262910798122 
0 0.36069542253521125 0.6628521126760564 0.061179577464788734 0.13908450704225353 
0 0.1586707746478873 0.4125586854460094 0.09198943661971831 0.14906103286384975 
0 0.5266285211267606 0.6663732394366197 0.07262323943661972 0.13321596244131456 
0 0.12213908450704225 0.18339201877934272 0.06294014084507042 0.1613849765258216 
0 0.17231514084507044 0.670774647887324 0.04005281690140845 0.0880281690140845 
0 0.8402288732394366 0.641725352112676 0.08274647887323944 0.08509389671361503 
0 0.8061179577464789 0.17253521126760563 0.053257042253521125 0.1431924882629108 
0 0.04335387323943662 0.18427230046948356 0.0664612676056338 0.17136150234741784 
0 0.31712147887323944 0.1657863849765258 0.07526408450704225 0.17312206572769953 
