0 0.5371919014084507 0.9709507042253521 0.0682218309859155 0.058098591549295774 
0 0.6263204225352113 0.9234154929577465 0.07922535211267606 0.04870892018779343 
0 0.6272007042253521 0.9724178403755869 0.07658450704225352 0.05516431924882629 
0 0.7057658450704225 0.9782863849765259 0.08142605633802817 0.04342723004694836 
0 0.964568661971831 0.931631455399061 0.07086267605633803 0.12969483568075119 
0 0.8303257042253521 0.9474765258215962 0.07526408450704225 0.10504694835680752 
0 0.8992077464788732 0.937793427230047 0.05721830985915493 0.12441314553990611 
0 0.3089788732394366 0.9451291079812206 0.1637323943661972 0.10974178403755869 
0 0.4509242957746479 0.9644953051643192 0.08054577464788733 0.051056338028169015 
0 0.7638644366197183 0.9328051643192489 0.05941901408450704 0.061619718309859156 
0 0.4546654929577465 0.9137323943661971 0.07042253521126761 0.0528169014084507 
0 0.3413292253521127 0.5302230046948356 0.1386443661971831 0.03931924882629108 
0 0.05193661971830986 0.9330985915492958 0.08362676056338028 0.12323943661971831 
0 0.07350352112676056 0.2549882629107981 0.06690140845070422 0.06748826291079812 
0 0.5019806338028169 0.1795774647887324 0.07262323943661972 0.057511737089201875 
0 0.501100352112676 0.24266431924882628 0.07702464788732394 0.07805164319248827 
0 0.4982394366197183 0.3204225352112676 0.07130281690140845 0.0715962441314554 
0 0.41241197183098594 0.24706572769953053 0.07130281690140845 0.08098591549295775 
0 0.414612676056338 0.32130281690140844 0.07834507042253522 0.061619718309859156 
0 0.3283450704225352 0.32335680751173707 0.07482394366197183 0.08685446009389672 
0 0.2517605633802817 0.32247652582159625 0.06690140845070422 0.06748826291079812 
0 0.5147447183098591 0.0636737089201878 0.055897887323943664 0.06279342723004695 
0 0.15933098591549297 0.9351525821596244 0.12235915492957747 0.10974178403755869 
0 0.27662852112676056 0.7538145539906104 0.1800176056338028 0.061619718309859156 
0 0.25286091549295775 0.25440140845070425 0.07174295774647887 0.06279342723004695 
0 0.9359595070422535 0.2802230046948357 0.0761443661971831 0.1426056338028169 
0 0.32372359154929575 0.0715962441314554 0.06205985915492958 0.04812206572769953 
0 0.3358274647887324 0.24295774647887325 0.08362676056338028 0.0715962441314554 
0 0.905149647887324 0.738849765258216 0.17209507042253522 0.15140845070422534 
0 0.957306338028169 0.5064553990610329 0.08362676056338028 0.11971830985915492 
0 0.5990316901408451 0.06543427230046948 0.07482394366197183 0.12147887323943662 
0 0.4143926056338028 0.16901408450704225 0.06558098591549295 0.06103286384976526 
0 0.852112676056338 0.4932511737089202 0.08362676056338028 0.10856807511737089 
0 0.4595070422535211 0.7350352112676056 0.19718309859154928 0.10504694835680752 
0 0.09286971830985916 0.7180164319248826 0.176056338028169 0.10974178403755869 
0 0.1586707746478873 0.5052816901408451 0.207306338028169 0.0715962441314554 
0 0.6890404929577465 0.061619718309859156 0.07702464788732394 0.10915492957746478 
0 0.6661531690140845 0.721244131455399 0.1914612676056338 0.0892018779342723 
0 0.828125 0.25880281690140844 0.06205985915492958 0.08333333333333333 
0 0.07174295774647887 0.18779342723004694 0.061619718309859156 0.06103286384976526 
0 0.429137323943662 0.07247652582159625 0.061619718309859156 0.05457746478873239 
0 0.19652288732394366 0.30839201877934275 0.04445422535211268 0.09213615023474178 
0 0.4795334507042254 0.5299295774647887 0.10167253521126761 0.04107981220657277 
0 0.4793133802816901 0.4724178403755869 0.10651408450704225 0.045774647887323945 
0 0.339568661971831 0.48444835680751175 0.13512323943661972 0.040492957746478875 
0 0.14128521126760563 0.3051643192488263 0.04225352112676056 0.0903755868544601 
0 0.27002640845070425 0.6907276995305164 0.18265845070422534 0.07629107981220658 
0 0.5371919014084507 0.9709507042253521 0.0682218309859155 0.058098591549295774 
0 0.6263204225352113 0.9234154929577465 0.07922535211267606 0.04870892018779343 
0 0.6272007042253521 0.9724178403755869 0.07658450704225352 0.05516431924882629 
0 0.7057658450704225 0.9782863849765259 0.08142605633802817 0.04342723004694836 
0 0.964568661971831 0.931631455399061 0.07086267605633803 0.12969483568075119 
0 0.8303257042253521 0.9474765258215962 0.07526408450704225 0.10504694835680752 
0 0.8992077464788732 0.937793427230047 0.05721830985915493 0.12441314553990611 
0 0.3089788732394366 0.9451291079812206 0.1637323943661972 0.10974178403755869 
0 0.4509242957746479 0.9644953051643192 0.08054577464788733 0.051056338028169015 
0 0.7638644366197183 0.9328051643192489 0.05941901408450704 0.061619718309859156 
0 0.4546654929577465 0.9137323943661971 0.07042253521126761 0.0528169014084507 
0 0.3413292253521127 0.5302230046948356 0.1386443661971831 0.03931924882629108 
0 0.05193661971830986 0.9330985915492958 0.08362676056338028 0.12323943661971831 
0 0.07350352112676056 0.2549882629107981 0.06690140845070422 0.06748826291079812 
0 0.5019806338028169 0.1795774647887324 0.07262323943661972 0.057511737089201875 
0 0.501100352112676 0.24266431924882628 0.07702464788732394 0.07805164319248827 
0 0.4982394366197183 0.3204225352112676 0.07130281690140845 0.0715962441314554 
0 0.41241197183098594 0.24706572769953053 0.07130281690140845 0.08098591549295775 
0 0.414612676056338 0.32130281690140844 0.07834507042253522 0.061619718309859156 
0 0.3283450704225352 0.32335680751173707 0.07482394366197183 0.08685446009389672 
0 0.2517605633802817 0.32247652582159625 0.06690140845070422 0.06748826291079812 
0 0.5147447183098591 0.0636737089201878 0.055897887323943664 0.06279342723004695 
0 0.15933098591549297 0.9351525821596244 0.12235915492957747 0.10974178403755869 
0 0.27662852112676056 0.7538145539906104 0.1800176056338028 0.061619718309859156 
0 0.25286091549295775 0.25440140845070425 0.07174295774647887 0.06279342723004695 
0 0.9359595070422535 0.2802230046948357 0.0761443661971831 0.1426056338028169 
0 0.32372359154929575 0.0715962441314554 0.06205985915492958 0.04812206572769953 
0 0.3358274647887324 0.24295774647887325 0.08362676056338028 0.0715962441314554 
0 0.905149647887324 0.738849765258216 0.17209507042253522 0.15140845070422534 
0 0.957306338028169 0.5064553990610329 0.08362676056338028 0.11971830985915492 
0 0.5990316901408451 0.06543427230046948 0.07482394366197183 0.12147887323943662 
0 0.4143926056338028 0.16901408450704225 0.06558098591549295 0.06103286384976526 
0 0.852112676056338 0.4932511737089202 0.08362676056338028 0.10856807511737089 
0 0.4595070422535211 0.7350352112676056 0.19718309859154928 0.10504694835680752 
0 0.09286971830985916 0.7180164319248826 0.176056338028169 0.10974178403755869 
0 0.1586707746478873 0.5052816901408451 0.207306338028169 0.0715962441314554 
0 0.6890404929577465 0.061619718309859156 0.07702464788732394 0.10915492957746478 
0 0.6661531690140845 0.721244131455399 0.1914612676056338 0.0892018779342723 
0 0.828125 0.25880281690140844 0.06205985915492958 0.08333333333333333 
0 0.07174295774647887 0.18779342723004694 0.061619718309859156 0.06103286384976526 
0 0.429137323943662 0.07247652582159625 0.061619718309859156 0.05457746478873239 
0 0.19652288732394366 0.30839201877934275 0.04445422535211268 0.09213615023474178 
0 0.4795334507042254 0.5299295774647887 0.10167253521126761 0.04107981220657277 
0 0.4793133802816901 0.4724178403755869 0.10651408450704225 0.045774647887323945 
0 0.339568661971831 0.48444835680751175 0.13512323943661972 0.040492957746478875 
0 0.14128521126760563 0.3051643192488263 0.04225352112676056 0.0903755868544601 
0 0.27002640845070425 0.6907276995305164 0.18265845070422534 0.07629107981220658 
0 0.5371919014084507 0.9709507042253521 0.0682218309859155 0.058098591549295774 
0 0.6263204225352113 0.9234154929577465 0.07922535211267606 0.04870892018779343 
0 0.6272007042253521 0.9724178403755869 0.07658450704225352 0.05516431924882629 
0 0.7057658450704225 0.9782863849765259 0.08142605633802817 0.04342723004694836 
0 0.964568661971831 0.931631455399061 0.07086267605633803 0.12969483568075119 
0 0.8303257042253521 0.9474765258215962 0.07526408450704225 0.10504694835680752 
0 0.8992077464788732 0.937793427230047 0.05721830985915493 0.12441314553990611 
0 0.3089788732394366 0.9451291079812206 0.1637323943661972 0.10974178403755869 
0 0.4509242957746479 0.9644953051643192 0.08054577464788733 0.051056338028169015 
0 0.7638644366197183 0.9328051643192489 0.05941901408450704 0.061619718309859156 
0 0.4546654929577465 0.9137323943661971 0.07042253521126761 0.0528169014084507 
0 0.3413292253521127 0.5302230046948356 0.1386443661971831 0.03931924882629108 
0 0.05193661971830986 0.9330985915492958 0.08362676056338028 0.12323943661971831 
0 0.07350352112676056 0.2549882629107981 0.06690140845070422 0.06748826291079812 
0 0.5019806338028169 0.1795774647887324 0.07262323943661972 0.057511737089201875 
0 0.501100352112676 0.24266431924882628 0.07702464788732394 0.07805164319248827 
0 0.4982394366197183 0.3204225352112676 0.07130281690140845 0.0715962441314554 
0 0.41241197183098594 0.24706572769953053 0.07130281690140845 0.08098591549295775 
0 0.414612676056338 0.32130281690140844 0.07834507042253522 0.061619718309859156 
0 0.3283450704225352 0.32335680751173707 0.07482394366197183 0.08685446009389672 
0 0.2517605633802817 0.32247652582159625 0.06690140845070422 0.06748826291079812 
0 0.5147447183098591 0.0636737089201878 0.055897887323943664 0.06279342723004695 
0 0.15933098591549297 0.9351525821596244 0.12235915492957747 0.10974178403755869 
0 0.27662852112676056 0.7538145539906104 0.1800176056338028 0.061619718309859156 
0 0.25286091549295775 0.25440140845070425 0.07174295774647887 0.06279342723004695 
0 0.9359595070422535 0.2802230046948357 0.0761443661971831 0.1426056338028169 
0 0.32372359154929575 0.0715962441314554 0.06205985915492958 0.04812206572769953 
0 0.3358274647887324 0.24295774647887325 0.08362676056338028 0.0715962441314554 
0 0.905149647887324 0.738849765258216 0.17209507042253522 0.15140845070422534 
0 0.957306338028169 0.5064553990610329 0.08362676056338028 0.11971830985915492 
0 0.5990316901408451 0.06543427230046948 0.07482394366197183 0.12147887323943662 
0 0.4143926056338028 0.16901408450704225 0.06558098591549295 0.06103286384976526 
0 0.852112676056338 0.4932511737089202 0.08362676056338028 0.10856807511737089 
0 0.4595070422535211 0.7350352112676056 0.19718309859154928 0.10504694835680752 
0 0.09286971830985916 0.7180164319248826 0.176056338028169 0.10974178403755869 
0 0.1586707746478873 0.5052816901408451 0.207306338028169 0.0715962441314554 
0 0.6890404929577465 0.061619718309859156 0.07702464788732394 0.10915492957746478 
0 0.6661531690140845 0.721244131455399 0.1914612676056338 0.0892018779342723 
0 0.828125 0.25880281690140844 0.06205985915492958 0.08333333333333333 
0 0.07174295774647887 0.18779342723004694 0.061619718309859156 0.06103286384976526 
0 0.429137323943662 0.07247652582159625 0.061619718309859156 0.05457746478873239 
0 0.19652288732394366 0.30839201877934275 0.04445422535211268 0.09213615023474178 
0 0.4795334507042254 0.5299295774647887 0.10167253521126761 0.04107981220657277 
0 0.4793133802816901 0.4724178403755869 0.10651408450704225 0.045774647887323945 
0 0.339568661971831 0.48444835680751175 0.13512323943661972 0.040492957746478875 
0 0.14128521126760563 0.3051643192488263 0.04225352112676056 0.0903755868544601 
0 0.27002640845070425 0.6907276995305164 0.18265845070422534 0.07629107981220658 
