0 0.6214788732394366 0.125 0.2367957746478873 0.09272300469483569 
0 0.5741637323943662 0.5865610328638498 0.09198943661971831 0.11091549295774648 
0 0.5492957746478874 0.8315727699530516 0.07922535211267606 0.18192488262910797 
0 0.1956426056338028 0.829518779342723 0.08934859154929578 0.17194835680751175 
0 0.09815140845070422 0.8318661971830986 0.09683098591549295 0.17546948356807512 
0 0.34463028169014087 0.613556338028169 0.05457746478873239 0.15434272300469484 
0 0.477112676056338 0.6032863849765259 0.061619718309859156 0.15375586854460094 
0 0.4808538732394366 0.4055164319248826 0.08582746478873239 0.08685446009389672 
0 0.3221830985915493 0.3993544600938967 0.07042253521126761 0.10152582159624413 
0 0.11685739436619719 0.5988849765258216 0.07262323943661972 0.1637323943661972 
0 0.10871478873239436 0.12089201877934272 0.07570422535211267 0.11854460093896714 
0 0.9654489436619719 0.11619718309859155 0.05149647887323944 0.06924882629107981 
0 0.6302816901408451 0.835387323943662 0.08714788732394366 0.18603286384976525 
0 0.46566901408450706 0.8339201877934272 0.08362676056338028 0.18896713615023475 
0 0.1857394366197183 0.13908450704225353 0.06690140845070422 0.09389671361502347 
0 0.26936619718309857 0.13937793427230047 0.08450704225352113 0.08509389671361503 
0 0.3886443661971831 0.14289906103286384 0.14964788732394366 0.06631455399061033 
0 0.3904049295774648 0.39436619718309857 0.06602112676056338 0.1056338028169014 
0 0.23569542253521128 0.3967136150234742 0.07350352112676056 0.11032863849765258 
0 0.15757042253521128 0.3958333333333333 0.07834507042253522 0.10269953051643192 
0 0.09110915492957747 0.4025821596244131 0.04841549295774648 0.09507042253521127 
0 0.06029929577464789 0.2975352112676056 0.11003521126760564 0.0880281690140845 
0 0.6214788732394366 0.125 0.2367957746478873 0.09272300469483569 
0 0.5741637323943662 0.5865610328638498 0.09198943661971831 0.11091549295774648 
0 0.5492957746478874 0.8315727699530516 0.07922535211267606 0.18192488262910797 
0 0.1956426056338028 0.829518779342723 0.08934859154929578 0.17194835680751175 
0 0.09815140845070422 0.8318661971830986 0.09683098591549295 0.17546948356807512 
0 0.34463028169014087 0.613556338028169 0.05457746478873239 0.15434272300469484 
0 0.477112676056338 0.6032863849765259 0.061619718309859156 0.15375586854460094 
0 0.4808538732394366 0.4055164319248826 0.08582746478873239 0.08685446009389672 
0 0.3221830985915493 0.3993544600938967 0.07042253521126761 0.10152582159624413 
0 0.11685739436619719 0.5988849765258216 0.07262323943661972 0.1637323943661972 
0 0.10871478873239436 0.12089201877934272 0.07570422535211267 0.11854460093896714 
0 0.9654489436619719 0.11619718309859155 0.05149647887323944 0.06924882629107981 
0 0.6302816901408451 0.835387323943662 0.08714788732394366 0.18603286384976525 
0 0.46566901408450706 0.8339201877934272 0.08362676056338028 0.18896713615023475 
0 0.1857394366197183 0.13908450704225353 0.06690140845070422 0.09389671361502347 
0 0.26936619718309857 0.13937793427230047 0.08450704225352113 0.08509389671361503 
0 0.3886443661971831 0.14289906103286384 0.14964788732394366 0.06631455399061033 
0 0.3904049295774648 0.39436619718309857 0.06602112676056338 0.1056338028169014 
0 0.23569542253521128 0.3967136150234742 0.07350352112676056 0.11032863849765258 
0 0.15757042253521128 0.3958333333333333 0.07834507042253522 0.10269953051643192 
0 0.09110915492957747 0.4025821596244131 0.04841549295774648 0.09507042253521127 
0 0.06029929577464789 0.2975352112676056 0.11003521126760564 0.0880281690140845 
0 0.6214788732394366 0.125 0.2367957746478873 0.09272300469483569 
0 0.5741637323943662 0.5865610328638498 0.09198943661971831 0.11091549295774648 
0 0.5492957746478874 0.8315727699530516 0.07922535211267606 0.18192488262910797 
0 0.1956426056338028 0.829518779342723 0.08934859154929578 0.17194835680751175 
0 0.09815140845070422 0.8318661971830986 0.09683098591549295 0.17546948356807512 
0 0.34463028169014087 0.613556338028169 0.05457746478873239 0.15434272300469484 
0 0.477112676056338 0.6032863849765259 0.061619718309859156 0.15375586854460094 
0 0.4808538732394366 0.4055164319248826 0.08582746478873239 0.08685446009389672 
0 0.3221830985915493 0.3993544600938967 0.07042253521126761 0.10152582159624413 
0 0.11685739436619719 0.5988849765258216 0.07262323943661972 0.1637323943661972 
0 0.10871478873239436 0.12089201877934272 0.07570422535211267 0.11854460093896714 
0 0.9654489436619719 0.11619718309859155 0.05149647887323944 0.06924882629107981 
0 0.6302816901408451 0.835387323943662 0.08714788732394366 0.18603286384976525 
0 0.46566901408450706 0.8339201877934272 0.08362676056338028 0.18896713615023475 
0 0.1857394366197183 0.13908450704225353 0.06690140845070422 0.09389671361502347 
0 0.26936619718309857 0.13937793427230047 0.08450704225352113 0.08509389671361503 
0 0.3886443661971831 0.14289906103286384 0.14964788732394366 0.06631455399061033 
0 0.3904049295774648 0.39436619718309857 0.06602112676056338 0.1056338028169014 
0 0.23569542253521128 0.3967136150234742 0.07350352112676056 0.11032863849765258 
0 0.15757042253521128 0.3958333333333333 0.07834507042253522 0.10269953051643192 
0 0.09110915492957747 0.4025821596244131 0.04841549295774648 0.09507042253521127 
0 0.06029929577464789 0.2975352112676056 0.11003521126760564 0.0880281690140845 
