0 0.7029049295774648 0.6740023474178404 0.06954225352112677 0.03931924882629108 
0 0.5433538732394366 0.829225352112676 0.09110915492957747 0.06690140845070422 
0 0.8679577464788732 0.784037558685446 0.07130281690140845 0.08685446009389672 
0 0.048195422535211266 0.7523474178403756 0.09551056338028169 0.13497652582159625 
0 0.4564260563380282 0.76731220657277 0.08714788732394366 0.04988262910798122 
0 0.4597271126760563 0.7180164319248826 0.07350352112676056 0.04870892018779343 
0 0.461487676056338 0.6734154929577465 0.0682218309859155 0.03814553990610329 
0 0.5455545774647887 0.7737676056338029 0.08670774647887323 0.051056338028169015 
0 0.6342429577464789 0.7723004694835681 0.07482394366197183 0.057511737089201875 
0 0.6351232394366197 0.7186032863849765 0.07482394366197183 0.05575117370892019 
0 0.8012764084507042 0.8083920187793427 0.05941901408450704 0.07922535211267606 
0 0.4949383802816901 0.10387323943661972 0.07790492957746478 0.06455399061032864 
0 0.9566461267605634 0.7098004694835681 0.06382042253521127 0.04988262910798122 
0 0.8943661971830986 0.7180164319248826 0.05369718309859155 0.03931924882629108 
0 0.8386883802816901 0.06748826291079812 0.09463028169014084 0.12910798122065728 
0 0.9570862676056338 0.07012910798122066 0.06734154929577464 0.12617370892018778 
0 0.05699823943661972 0.12235915492957747 0.07174295774647887 0.07453051643192488 
0 0.23899647887323944 0.10856807511737089 0.08362676056338028 0.07042253521126761 
0 0.3226232394366197 0.1068075117370892 0.07482394366197183 0.05868544600938967 
0 0.402068661971831 0.11296948356807512 0.08142605633802817 0.0733568075117371 
0 0.4982394366197183 0.03814553990610329 0.07570422535211267 0.06455399061032864 
0 0.7227112676056338 0.8356807511737089 0.07746478873239436 0.06338028169014084 
0 0.9764524647887324 0.7775821596244131 0.04621478873239437 0.0880281690140845 
0 0.633362676056338 0.840962441314554 0.07834507042253522 0.057511737089201875 
0 0.6701144366197183 0.5152582159624414 0.1483274647887324 0.08450704225352113 
0 0.33670774647887325 0.33186619718309857 0.10651408450704225 0.03814553990610329 
0 0.930237676056338 0.7937206572769953 0.06382042253521127 0.09917840375586855 
0 0.8626760563380281 0.2822769953051643 0.08890845070422536 0.12323943661971831 
0 0.965669014084507 0.29577464788732394 0.07922535211267606 0.1267605633802817 
0 0.2381161971830986 0.03609154929577465 0.07922535211267606 0.0710093896713615 
0 0.32196302816901406 0.03697183098591549 0.07878521126760564 0.07276995305164319 
0 0.9102112676056338 0.5237676056338029 0.14084507042253522 0.11795774647887323 
0 0.1445862676056338 0.30839201877934275 0.1580105633802817 0.058098591549295774 
0 0.4652288732394366 0.522593896713615 0.16285211267605634 0.07922535211267606 
0 0.12279929577464789 0.09976525821596244 0.04665492957746479 0.09859154929577464 
0 0.31624119718309857 0.7632042253521126 0.1694542253521127 0.11561032863849766 
0 0.40184859154929575 0.03550469483568075 0.07482394366197183 0.0698356807511737 
0 0.4795334507042254 0.26173708920187794 0.11223591549295775 0.046948356807511735 
0 0.2662852112676056 0.5032276995305164 0.13204225352112675 0.04518779342723005 
0 0.7117077464788732 0.7723004694835681 0.07482394366197183 0.04929577464788732 
0 0.4498239436619718 0.8189553990610329 0.08098591549295775 0.06396713615023474 
0 0.24295774647887325 0.5586854460093896 0.10035211267605634 0.04812206572769953 
0 0.04643485915492958 0.04401408450704225 0.07526408450704225 0.07863849765258216 
0 0.4764524647887324 0.31778169014084506 0.09991197183098592 0.04401408450704225 
0 0.16087147887323944 0.7491197183098591 0.12544014084507044 0.12265258215962441 
0 0.08164612676056338 0.5252347417840375 0.13512323943661972 0.08685446009389672 
0 0.3331866197183099 0.2778755868544601 0.1153169014084507 0.03931924882629108 
0 0.7029049295774648 0.6740023474178404 0.06954225352112677 0.03931924882629108 
0 0.5433538732394366 0.829225352112676 0.09110915492957747 0.06690140845070422 
0 0.8679577464788732 0.784037558685446 0.07130281690140845 0.08685446009389672 
0 0.048195422535211266 0.7523474178403756 0.09551056338028169 0.13497652582159625 
0 0.4564260563380282 0.76731220657277 0.08714788732394366 0.04988262910798122 
0 0.4597271126760563 0.7180164319248826 0.07350352112676056 0.04870892018779343 
0 0.461487676056338 0.6734154929577465 0.0682218309859155 0.03814553990610329 
0 0.5455545774647887 0.7737676056338029 0.08670774647887323 0.051056338028169015 
0 0.6342429577464789 0.7723004694835681 0.07482394366197183 0.057511737089201875 
0 0.6351232394366197 0.7186032863849765 0.07482394366197183 0.05575117370892019 
0 0.8012764084507042 0.8083920187793427 0.05941901408450704 0.07922535211267606 
0 0.4949383802816901 0.10387323943661972 0.07790492957746478 0.06455399061032864 
0 0.9566461267605634 0.7098004694835681 0.06382042253521127 0.04988262910798122 
0 0.8943661971830986 0.7180164319248826 0.05369718309859155 0.03931924882629108 
0 0.8386883802816901 0.06748826291079812 0.09463028169014084 0.12910798122065728 
0 0.9570862676056338 0.07012910798122066 0.06734154929577464 0.12617370892018778 
0 0.05699823943661972 0.12235915492957747 0.07174295774647887 0.07453051643192488 
0 0.23899647887323944 0.10856807511737089 0.08362676056338028 0.07042253521126761 
0 0.3226232394366197 0.1068075117370892 0.07482394366197183 0.05868544600938967 
0 0.402068661971831 0.11296948356807512 0.08142605633802817 0.0733568075117371 
0 0.4982394366197183 0.03814553990610329 0.07570422535211267 0.06455399061032864 
0 0.7227112676056338 0.8356807511737089 0.07746478873239436 0.06338028169014084 
0 0.9764524647887324 0.7775821596244131 0.04621478873239437 0.0880281690140845 
0 0.633362676056338 0.840962441314554 0.07834507042253522 0.057511737089201875 
0 0.6701144366197183 0.5152582159624414 0.1483274647887324 0.08450704225352113 
0 0.33670774647887325 0.33186619718309857 0.10651408450704225 0.03814553990610329 
0 0.930237676056338 0.7937206572769953 0.06382042253521127 0.09917840375586855 
0 0.8626760563380281 0.2822769953051643 0.08890845070422536 0.12323943661971831 
0 0.965669014084507 0.29577464788732394 0.07922535211267606 0.1267605633802817 
0 0.2381161971830986 0.03609154929577465 0.07922535211267606 0.0710093896713615 
0 0.32196302816901406 0.03697183098591549 0.07878521126760564 0.07276995305164319 
0 0.9102112676056338 0.5237676056338029 0.14084507042253522 0.11795774647887323 
0 0.1445862676056338 0.30839201877934275 0.1580105633802817 0.058098591549295774 
0 0.4652288732394366 0.522593896713615 0.16285211267605634 0.07922535211267606 
0 0.12279929577464789 0.09976525821596244 0.04665492957746479 0.09859154929577464 
0 0.31624119718309857 0.7632042253521126 0.1694542253521127 0.11561032863849766 
0 0.40184859154929575 0.03550469483568075 0.07482394366197183 0.0698356807511737 
0 0.4795334507042254 0.26173708920187794 0.11223591549295775 0.046948356807511735 
0 0.2662852112676056 0.5032276995305164 0.13204225352112675 0.04518779342723005 
0 0.7117077464788732 0.7723004694835681 0.07482394366197183 0.04929577464788732 
0 0.4498239436619718 0.8189553990610329 0.08098591549295775 0.06396713615023474 
0 0.24295774647887325 0.5586854460093896 0.10035211267605634 0.04812206572769953 
0 0.04643485915492958 0.04401408450704225 0.07526408450704225 0.07863849765258216 
0 0.4764524647887324 0.31778169014084506 0.09991197183098592 0.04401408450704225 
0 0.16087147887323944 0.7491197183098591 0.12544014084507044 0.12265258215962441 
0 0.08164612676056338 0.5252347417840375 0.13512323943661972 0.08685446009389672 
0 0.3331866197183099 0.2778755868544601 0.1153169014084507 0.03931924882629108 
0 0.7029049295774648 0.6740023474178404 0.06954225352112677 0.03931924882629108 
0 0.5433538732394366 0.829225352112676 0.09110915492957747 0.06690140845070422 
0 0.8679577464788732 0.784037558685446 0.07130281690140845 0.08685446009389672 
0 0.048195422535211266 0.7523474178403756 0.09551056338028169 0.13497652582159625 
0 0.4564260563380282 0.76731220657277 0.08714788732394366 0.04988262910798122 
0 0.4597271126760563 0.7180164319248826 0.07350352112676056 0.04870892018779343 
0 0.461487676056338 0.6734154929577465 0.0682218309859155 0.03814553990610329 
0 0.5455545774647887 0.7737676056338029 0.08670774647887323 0.051056338028169015 
0 0.6342429577464789 0.7723004694835681 0.07482394366197183 0.057511737089201875 
0 0.6351232394366197 0.7186032863849765 0.07482394366197183 0.05575117370892019 
0 0.8012764084507042 0.8083920187793427 0.05941901408450704 0.07922535211267606 
0 0.4949383802816901 0.10387323943661972 0.07790492957746478 0.06455399061032864 
0 0.9566461267605634 0.7098004694835681 0.06382042253521127 0.04988262910798122 
0 0.8943661971830986 0.7180164319248826 0.05369718309859155 0.03931924882629108 
0 0.8386883802816901 0.06748826291079812 0.09463028169014084 0.12910798122065728 
0 0.9570862676056338 0.07012910798122066 0.06734154929577464 0.12617370892018778 
0 0.05699823943661972 0.12235915492957747 0.07174295774647887 0.07453051643192488 
0 0.23899647887323944 0.10856807511737089 0.08362676056338028 0.07042253521126761 
0 0.3226232394366197 0.1068075117370892 0.07482394366197183 0.05868544600938967 
0 0.402068661971831 0.11296948356807512 0.08142605633802817 0.0733568075117371 
0 0.4982394366197183 0.03814553990610329 0.07570422535211267 0.06455399061032864 
0 0.7227112676056338 0.8356807511737089 0.07746478873239436 0.06338028169014084 
0 0.9764524647887324 0.7775821596244131 0.04621478873239437 0.0880281690140845 
0 0.633362676056338 0.840962441314554 0.07834507042253522 0.057511737089201875 
0 0.6701144366197183 0.5152582159624414 0.1483274647887324 0.08450704225352113 
0 0.33670774647887325 0.33186619718309857 0.10651408450704225 0.03814553990610329 
0 0.930237676056338 0.7937206572769953 0.06382042253521127 0.09917840375586855 
0 0.8626760563380281 0.2822769953051643 0.08890845070422536 0.12323943661971831 
0 0.965669014084507 0.29577464788732394 0.07922535211267606 0.1267605633802817 
0 0.2381161971830986 0.03609154929577465 0.07922535211267606 0.0710093896713615 
0 0.32196302816901406 0.03697183098591549 0.07878521126760564 0.07276995305164319 
0 0.9102112676056338 0.5237676056338029 0.14084507042253522 0.11795774647887323 
0 0.1445862676056338 0.30839201877934275 0.1580105633802817 0.058098591549295774 
0 0.4652288732394366 0.522593896713615 0.16285211267605634 0.07922535211267606 
0 0.12279929577464789 0.09976525821596244 0.04665492957746479 0.09859154929577464 
0 0.31624119718309857 0.7632042253521126 0.1694542253521127 0.11561032863849766 
0 0.40184859154929575 0.03550469483568075 0.07482394366197183 0.0698356807511737 
0 0.4795334507042254 0.26173708920187794 0.11223591549295775 0.046948356807511735 
0 0.2662852112676056 0.5032276995305164 0.13204225352112675 0.04518779342723005 
0 0.7117077464788732 0.7723004694835681 0.07482394366197183 0.04929577464788732 
0 0.4498239436619718 0.8189553990610329 0.08098591549295775 0.06396713615023474 
0 0.24295774647887325 0.5586854460093896 0.10035211267605634 0.04812206572769953 
0 0.04643485915492958 0.04401408450704225 0.07526408450704225 0.07863849765258216 
0 0.4764524647887324 0.31778169014084506 0.09991197183098592 0.04401408450704225 
0 0.16087147887323944 0.7491197183098591 0.12544014084507044 0.12265258215962441 
0 0.08164612676056338 0.5252347417840375 0.13512323943661972 0.08685446009389672 
0 0.3331866197183099 0.2778755868544601 0.1153169014084507 0.03931924882629108 
