0 0.788512323943662 0.8104460093896714 0.1324823943661972 0.12206572769953052 
0 0.7975352112676056 0.38497652582159625 0.21919014084507044 0.07511737089201878 
0 0.6463468309859155 0.15375586854460094 0.0664612676056338 0.07394366197183098 
0 0.4297975352112676 0.5809859154929577 0.05413732394366197 0.08568075117370892 
0 0.8655369718309859 0.15082159624413147 0.04357394366197183 0.0903755868544601 
0 0.8965669014084507 0.5619131455399061 0.18397887323943662 0.058098591549295774 
0 0.9443221830985915 0.0880281690140845 0.0682218309859155 0.07276995305164319 
0 0.9551056338028169 0.3459507042253521 0.07394366197183098 0.03814553990610329 
0 0.5070422535211268 0.8427230046948356 0.15316901408450703 0.11619718309859155 
0 0.037852112676056336 0.7582159624413145 0.07482394366197183 0.17370892018779344 
0 0.37544014084507044 0.79518779342723 0.09507042253521127 0.07276995305164319 
0 0.5543573943661971 0.16490610328638497 0.0761443661971831 0.06924882629107981 
0 0.7381161971830986 0.0892018779342723 0.07570422535211267 0.06455399061032864 
0 0.7348151408450704 0.159037558685446 0.08054577464788733 0.06924882629107981 
0 0.9630281690140845 0.38585680751173707 0.07394366197183098 0.03814553990610329 
0 0.551056338028169 0.5903755868544601 0.056338028169014086 0.09507042253521127 
0 0.8970070422535211 0.6147300469483568 0.18397887323943662 0.058098591549295774 
0 0.11971830985915492 0.8075117370892019 0.0625 0.1068075117370892 
0 0.023107394366197184 0.5349178403755869 0.04533450704225352 0.11561032863849766 
0 0.32526408450704225 0.8697183098591549 0.1742957746478873 0.046948356807511735 
0 0.16219190140845072 0.3503521126760563 0.08582746478873239 0.14906103286384975 
0 0.4898767605633803 0.33949530516431925 0.1056338028169014 0.16607981220657278 
0 0.10453345070422536 0.1396713615023474 0.10871478873239436 0.107981220657277 
0 0.7414172535211268 0.028169014084507043 0.0761443661971831 0.05516431924882629 
0 0.644806338028169 0.8265845070422535 0.11179577464788733 0.15082159624413147 
0 0.2227112676056338 0.1352699530516432 0.10123239436619719 0.13438967136150234 
0 0.5561179577464789 0.08773474178403756 0.07878521126760564 0.08274647887323944 
0 0.934419014084507 0.17165492957746478 0.06514084507042253 0.10269953051643192 
0 0.6859595070422535 0.5859741784037559 0.20026408450704225 0.11326291079812206 
0 0.8118397887323944 0.1528755868544601 0.05501760563380282 0.10269953051643192 
0 0.2592429577464789 0.3488849765258216 0.08450704225352113 0.13556338028169015 
0 0.3494718309859155 0.35651408450704225 0.07746478873239436 0.11326291079812206 
0 0.6060739436619719 0.3444835680751174 0.10651408450704225 0.1643192488262911 
0 0.27596830985915494 0.7960680751173709 0.10035211267605634 0.07453051643192488 
0 0.37874119718309857 0.721244131455399 0.08142605633802817 0.06572769953051644 
0 0.48569542253521125 0.5830399061032864 0.05941901408450704 0.09213615023474178 
0 0.08560739436619719 0.5525234741784038 0.08934859154929578 0.12265258215962441 
0 0.3265845070422535 0.12705399061032863 0.10915492957746478 0.159037558685446 
0 0.1775968309859155 0.556631455399061 0.09022887323943662 0.11326291079812206 
0 0.19212147887323944 0.8210093896713615 0.07526408450704225 0.08333333333333333 
0 0.9245158450704225 0.8259976525821596 0.14920774647887325 0.13204225352112675 
0 0.788512323943662 0.8104460093896714 0.1324823943661972 0.12206572769953052 
0 0.7975352112676056 0.38497652582159625 0.21919014084507044 0.07511737089201878 
0 0.6463468309859155 0.15375586854460094 0.0664612676056338 0.07394366197183098 
0 0.4297975352112676 0.5809859154929577 0.05413732394366197 0.08568075117370892 
0 0.8655369718309859 0.15082159624413147 0.04357394366197183 0.0903755868544601 
0 0.8965669014084507 0.5619131455399061 0.18397887323943662 0.058098591549295774 
0 0.9443221830985915 0.0880281690140845 0.0682218309859155 0.07276995305164319 
0 0.9551056338028169 0.3459507042253521 0.07394366197183098 0.03814553990610329 
0 0.5070422535211268 0.8427230046948356 0.15316901408450703 0.11619718309859155 
0 0.037852112676056336 0.7582159624413145 0.07482394366197183 0.17370892018779344 
0 0.37544014084507044 0.79518779342723 0.09507042253521127 0.07276995305164319 
0 0.5543573943661971 0.16490610328638497 0.0761443661971831 0.06924882629107981 
0 0.7381161971830986 0.0892018779342723 0.07570422535211267 0.06455399061032864 
0 0.7348151408450704 0.159037558685446 0.08054577464788733 0.06924882629107981 
0 0.9630281690140845 0.38585680751173707 0.07394366197183098 0.03814553990610329 
0 0.551056338028169 0.5903755868544601 0.056338028169014086 0.09507042253521127 
0 0.8970070422535211 0.6147300469483568 0.18397887323943662 0.058098591549295774 
0 0.11971830985915492 0.8075117370892019 0.0625 0.1068075117370892 
0 0.023107394366197184 0.5349178403755869 0.04533450704225352 0.11561032863849766 
0 0.32526408450704225 0.8697183098591549 0.1742957746478873 0.046948356807511735 
0 0.16219190140845072 0.3503521126760563 0.08582746478873239 0.14906103286384975 
0 0.4898767605633803 0.33949530516431925 0.1056338028169014 0.16607981220657278 
0 0.10453345070422536 0.1396713615023474 0.10871478873239436 0.107981220657277 
0 0.7414172535211268 0.028169014084507043 0.0761443661971831 0.05516431924882629 
0 0.644806338028169 0.8265845070422535 0.11179577464788733 0.15082159624413147 
0 0.2227112676056338 0.1352699530516432 0.10123239436619719 0.13438967136150234 
0 0.5561179577464789 0.08773474178403756 0.07878521126760564 0.08274647887323944 
0 0.934419014084507 0.17165492957746478 0.06514084507042253 0.10269953051643192 
0 0.6859595070422535 0.5859741784037559 0.20026408450704225 0.11326291079812206 
0 0.8118397887323944 0.1528755868544601 0.05501760563380282 0.10269953051643192 
0 0.2592429577464789 0.3488849765258216 0.08450704225352113 0.13556338028169015 
0 0.3494718309859155 0.35651408450704225 0.07746478873239436 0.11326291079812206 
0 0.6060739436619719 0.3444835680751174 0.10651408450704225 0.1643192488262911 
0 0.27596830985915494 0.7960680751173709 0.10035211267605634 0.07453051643192488 
0 0.37874119718309857 0.721244131455399 0.08142605633802817 0.06572769953051644 
0 0.48569542253521125 0.5830399061032864 0.05941901408450704 0.09213615023474178 
0 0.08560739436619719 0.5525234741784038 0.08934859154929578 0.12265258215962441 
0 0.3265845070422535 0.12705399061032863 0.10915492957746478 0.159037558685446 
0 0.1775968309859155 0.556631455399061 0.09022887323943662 0.11326291079812206 
0 0.19212147887323944 0.8210093896713615 0.07526408450704225 0.08333333333333333 
0 0.9245158450704225 0.8259976525821596 0.14920774647887325 0.13204225352112675 
0 0.788512323943662 0.8104460093896714 0.1324823943661972 0.12206572769953052 
0 0.7975352112676056 0.38497652582159625 0.21919014084507044 0.07511737089201878 
0 0.6463468309859155 0.15375586854460094 0.0664612676056338 0.07394366197183098 
0 0.4297975352112676 0.5809859154929577 0.05413732394366197 0.08568075117370892 
0 0.8655369718309859 0.15082159624413147 0.04357394366197183 0.0903755868544601 
0 0.8965669014084507 0.5619131455399061 0.18397887323943662 0.058098591549295774 
0 0.9443221830985915 0.0880281690140845 0.0682218309859155 0.07276995305164319 
0 0.9551056338028169 0.3459507042253521 0.07394366197183098 0.03814553990610329 
0 0.5070422535211268 0.8427230046948356 0.15316901408450703 0.11619718309859155 
0 0.037852112676056336 0.7582159624413145 0.07482394366197183 0.17370892018779344 
0 0.37544014084507044 0.79518779342723 0.09507042253521127 0.07276995305164319 
0 0.5543573943661971 0.16490610328638497 0.0761443661971831 0.06924882629107981 
0 0.7381161971830986 0.0892018779342723 0.07570422535211267 0.06455399061032864 
0 0.7348151408450704 0.159037558685446 0.08054577464788733 0.06924882629107981 
0 0.9630281690140845 0.38585680751173707 0.07394366197183098 0.03814553990610329 
0 0.551056338028169 0.5903755868544601 0.056338028169014086 0.09507042253521127 
0 0.8970070422535211 0.6147300469483568 0.18397887323943662 0.058098591549295774 
0 0.11971830985915492 0.8075117370892019 0.0625 0.1068075117370892 
0 0.023107394366197184 0.5349178403755869 0.04533450704225352 0.11561032863849766 
0 0.32526408450704225 0.8697183098591549 0.1742957746478873 0.046948356807511735 
0 0.16219190140845072 0.3503521126760563 0.08582746478873239 0.14906103286384975 
0 0.4898767605633803 0.33949530516431925 0.1056338028169014 0.16607981220657278 
0 0.10453345070422536 0.1396713615023474 0.10871478873239436 0.107981220657277 
0 0.7414172535211268 0.028169014084507043 0.0761443661971831 0.05516431924882629 
0 0.644806338028169 0.8265845070422535 0.11179577464788733 0.15082159624413147 
0 0.2227112676056338 0.1352699530516432 0.10123239436619719 0.13438967136150234 
0 0.5561179577464789 0.08773474178403756 0.07878521126760564 0.08274647887323944 
0 0.934419014084507 0.17165492957746478 0.06514084507042253 0.10269953051643192 
0 0.6859595070422535 0.5859741784037559 0.20026408450704225 0.11326291079812206 
0 0.8118397887323944 0.1528755868544601 0.05501760563380282 0.10269953051643192 
0 0.2592429577464789 0.3488849765258216 0.08450704225352113 0.13556338028169015 
0 0.3494718309859155 0.35651408450704225 0.07746478873239436 0.11326291079812206 
0 0.6060739436619719 0.3444835680751174 0.10651408450704225 0.1643192488262911 
0 0.27596830985915494 0.7960680751173709 0.10035211267605634 0.07453051643192488 
0 0.37874119718309857 0.721244131455399 0.08142605633802817 0.06572769953051644 
0 0.48569542253521125 0.5830399061032864 0.05941901408450704 0.09213615023474178 
0 0.08560739436619719 0.5525234741784038 0.08934859154929578 0.12265258215962441 
0 0.3265845070422535 0.12705399061032863 0.10915492957746478 0.159037558685446 
0 0.1775968309859155 0.556631455399061 0.09022887323943662 0.11326291079812206 
0 0.19212147887323944 0.8210093896713615 0.07526408450704225 0.08333333333333333 
0 0.9245158450704225 0.8259976525821596 0.14920774647887325 0.13204225352112675 
