0 0.13842429577464788 0.8054577464788732 0.09375 0.11443661971830986 
0 0.9225352112676056 0.852406103286385 0.11883802816901408 0.061619718309859156 
0 0.9209947183098591 0.7916666666666666 0.12632042253521128 0.05046948356807512 
0 0.9498239436619719 0.3397887323943662 0.07130281690140845 0.08568075117370892 
0 0.9236355633802817 0.12206572769953052 0.08142605633802817 0.17253521126760563 
0 0.02640845070422535 0.6073943661971831 0.04929577464788732 0.13849765258215962 
0 0.7623239436619719 0.3600352112676056 0.10651408450704225 0.16255868544600938 
0 0.9392605633802817 0.5657276995305164 0.0721830985915493 0.07394366197183098 
0 0.32504401408450706 0.08744131455399061 0.05501760563380282 0.08568075117370892 
0 0.14942781690140844 0.9721244131455399 0.07878521126760564 0.040492957746478875 
0 0.3263644366197183 0.17341549295774647 0.05765845070422535 0.08039906103286384 
0 0.6835387323943662 0.5742370892018779 0.07922535211267606 0.06279342723004695 
0 0.2110475352112676 0.18397887323943662 0.06029929577464789 0.08392018779342723 
0 0.5176056338028169 0.6373239436619719 0.061619718309859156 0.057511737089201875 
0 0.7451584507042254 0.7664319248826291 0.2112676056338028 0.06338028169014084 
0 0.9361795774647887 0.6387910798122066 0.06514084507042253 0.07805164319248827 
0 0.8661971830985915 0.6367370892018779 0.06602112676056338 0.06455399061032864 
0 0.028829225352112676 0.3629694835680751 0.050616197183098594 0.14847417840375587 
0 0.2671654929577465 0.09242957746478873 0.05369718309859155 0.08509389671361503 
0 0.269806338028169 0.17869718309859156 0.05721830985915493 0.09096244131455399 
0 0.2088468309859155 0.09976525821596244 0.058538732394366196 0.08215962441314555 
0 0.15338908450704225 0.09536384976525822 0.05501760563380282 0.08509389671361503 
0 0.5719630281690141 0.8113262910798122 0.10871478873239436 0.14964788732394366 
0 0.9471830985915493 0.4099178403755869 0.06690140845070422 0.051056338028169015 
0 0.6837588028169014 0.6408450704225352 0.08142605633802817 0.05868544600938967 
0 0.7517605633802817 0.846244131455399 0.20246478873239437 0.08568075117370892 
0 0.09529049295774648 0.18045774647887325 0.05237676056338028 0.11091549295774648 
0 0.3945862676056338 0.13879107981220656 0.07086267605633803 0.16490610328638497 
0 0.10453345070422536 0.6026995305164319 0.10431338028169014 0.14084507042253522 
0 0.6852992957746479 0.5181924882629108 0.07834507042253522 0.05516431924882629 
0 0.602112676056338 0.630868544600939 0.07306338028169014 0.08215962441314555 
0 0.2363556338028169 0.8169014084507042 0.08274647887323944 0.1467136150234742 
0 0.8584947183098591 0.380575117370892 0.09022887323943662 0.13673708920187794 
0 0.8686179577464789 0.5663145539906104 0.0682218309859155 0.07042253521126761 
0 0.20840669014084506 0.6009389671361502 0.09727112676056338 0.13145539906103287 
0 0.6571302816901409 0.3676643192488263 0.10123239436619719 0.159037558685446 
0 0.32680457746478875 0.8394953051643192 0.09110915492957747 0.0710093896713615 
0 0.32922535211267606 0.3664906103286385 0.09859154929577464 0.14964788732394366 
0 0.04665492957746479 0.18163145539906103 0.04841549295774648 0.10856807511737089 
0 0.12147887323943662 0.37177230046948356 0.10123239436619719 0.13908450704225353 
0 0.5462147887323944 0.3588615023474178 0.11883802816901408 0.17077464788732394 
0 0.8206426056338029 0.12910798122065728 0.0761443661971831 0.1936619718309859 
0 0.6483274647887324 0.12177230046948356 0.09242957746478873 0.18485915492957747 
0 0.8056778169014085 0.6276408450704225 0.047975352112676055 0.10269953051643192 
0 0.15316901408450703 0.18427230046948356 0.05721830985915493 0.09507042253521127 
0 0.4579665492957746 0.8089788732394366 0.1034330985915493 0.15434272300469484 
0 0.21875 0.37470657276995306 0.09595070422535211 0.13673708920187794 
0 0.519806338028169 0.5771713615023474 0.07042253521126761 0.0721830985915493 
0 0.735475352112676 0.12910798122065728 0.07922535211267606 0.18192488262910797 
0 0.7550616197183099 0.6238262910798122 0.047975352112676055 0.09741784037558686 
0 0.3067781690140845 0.6044600938967136 0.10035211267605634 0.13497652582159625 
0 0.13842429577464788 0.8054577464788732 0.09375 0.11443661971830986 
0 0.9225352112676056 0.852406103286385 0.11883802816901408 0.061619718309859156 
0 0.9209947183098591 0.7916666666666666 0.12632042253521128 0.05046948356807512 
0 0.9498239436619719 0.3397887323943662 0.07130281690140845 0.08568075117370892 
0 0.9236355633802817 0.12206572769953052 0.08142605633802817 0.17253521126760563 
0 0.02640845070422535 0.6073943661971831 0.04929577464788732 0.13849765258215962 
0 0.7623239436619719 0.3600352112676056 0.10651408450704225 0.16255868544600938 
0 0.9392605633802817 0.5657276995305164 0.0721830985915493 0.07394366197183098 
0 0.32504401408450706 0.08744131455399061 0.05501760563380282 0.08568075117370892 
0 0.14942781690140844 0.9721244131455399 0.07878521126760564 0.040492957746478875 
0 0.3263644366197183 0.17341549295774647 0.05765845070422535 0.08039906103286384 
0 0.6835387323943662 0.5742370892018779 0.07922535211267606 0.06279342723004695 
0 0.2110475352112676 0.18397887323943662 0.06029929577464789 0.08392018779342723 
0 0.5176056338028169 0.6373239436619719 0.061619718309859156 0.057511737089201875 
0 0.7451584507042254 0.7664319248826291 0.2112676056338028 0.06338028169014084 
0 0.9361795774647887 0.6387910798122066 0.06514084507042253 0.07805164319248827 
0 0.8661971830985915 0.6367370892018779 0.06602112676056338 0.06455399061032864 
0 0.028829225352112676 0.3629694835680751 0.050616197183098594 0.14847417840375587 
0 0.2671654929577465 0.09242957746478873 0.05369718309859155 0.08509389671361503 
0 0.269806338028169 0.17869718309859156 0.05721830985915493 0.09096244131455399 
0 0.2088468309859155 0.09976525821596244 0.058538732394366196 0.08215962441314555 
0 0.15338908450704225 0.09536384976525822 0.05501760563380282 0.08509389671361503 
0 0.5719630281690141 0.8113262910798122 0.10871478873239436 0.14964788732394366 
0 0.9471830985915493 0.4099178403755869 0.06690140845070422 0.051056338028169015 
0 0.6837588028169014 0.6408450704225352 0.08142605633802817 0.05868544600938967 
0 0.7517605633802817 0.846244131455399 0.20246478873239437 0.08568075117370892 
0 0.09529049295774648 0.18045774647887325 0.05237676056338028 0.11091549295774648 
0 0.3945862676056338 0.13879107981220656 0.07086267605633803 0.16490610328638497 
0 0.10453345070422536 0.6026995305164319 0.10431338028169014 0.14084507042253522 
0 0.6852992957746479 0.5181924882629108 0.07834507042253522 0.05516431924882629 
0 0.602112676056338 0.630868544600939 0.07306338028169014 0.08215962441314555 
0 0.2363556338028169 0.8169014084507042 0.08274647887323944 0.1467136150234742 
0 0.8584947183098591 0.380575117370892 0.09022887323943662 0.13673708920187794 
0 0.8686179577464789 0.5663145539906104 0.0682218309859155 0.07042253521126761 
0 0.20840669014084506 0.6009389671361502 0.09727112676056338 0.13145539906103287 
0 0.6571302816901409 0.3676643192488263 0.10123239436619719 0.159037558685446 
0 0.32680457746478875 0.8394953051643192 0.09110915492957747 0.0710093896713615 
0 0.32922535211267606 0.3664906103286385 0.09859154929577464 0.14964788732394366 
0 0.04665492957746479 0.18163145539906103 0.04841549295774648 0.10856807511737089 
0 0.12147887323943662 0.37177230046948356 0.10123239436619719 0.13908450704225353 
0 0.5462147887323944 0.3588615023474178 0.11883802816901408 0.17077464788732394 
0 0.8206426056338029 0.12910798122065728 0.0761443661971831 0.1936619718309859 
0 0.6483274647887324 0.12177230046948356 0.09242957746478873 0.18485915492957747 
0 0.8056778169014085 0.6276408450704225 0.047975352112676055 0.10269953051643192 
0 0.15316901408450703 0.18427230046948356 0.05721830985915493 0.09507042253521127 
0 0.4579665492957746 0.8089788732394366 0.1034330985915493 0.15434272300469484 
0 0.21875 0.37470657276995306 0.09595070422535211 0.13673708920187794 
0 0.519806338028169 0.5771713615023474 0.07042253521126761 0.0721830985915493 
0 0.735475352112676 0.12910798122065728 0.07922535211267606 0.18192488262910797 
0 0.7550616197183099 0.6238262910798122 0.047975352112676055 0.09741784037558686 
0 0.3067781690140845 0.6044600938967136 0.10035211267605634 0.13497652582159625 
0 0.13842429577464788 0.8054577464788732 0.09375 0.11443661971830986 
0 0.9225352112676056 0.852406103286385 0.11883802816901408 0.061619718309859156 
0 0.9209947183098591 0.7916666666666666 0.12632042253521128 0.05046948356807512 
0 0.9498239436619719 0.3397887323943662 0.07130281690140845 0.08568075117370892 
0 0.9236355633802817 0.12206572769953052 0.08142605633802817 0.17253521126760563 
0 0.02640845070422535 0.6073943661971831 0.04929577464788732 0.13849765258215962 
0 0.7623239436619719 0.3600352112676056 0.10651408450704225 0.16255868544600938 
0 0.9392605633802817 0.5657276995305164 0.0721830985915493 0.07394366197183098 
0 0.32504401408450706 0.08744131455399061 0.05501760563380282 0.08568075117370892 
0 0.14942781690140844 0.9721244131455399 0.07878521126760564 0.040492957746478875 
0 0.3263644366197183 0.17341549295774647 0.05765845070422535 0.08039906103286384 
0 0.6835387323943662 0.5742370892018779 0.07922535211267606 0.06279342723004695 
0 0.2110475352112676 0.18397887323943662 0.06029929577464789 0.08392018779342723 
0 0.5176056338028169 0.6373239436619719 0.061619718309859156 0.057511737089201875 
0 0.7451584507042254 0.7664319248826291 0.2112676056338028 0.06338028169014084 
0 0.9361795774647887 0.6387910798122066 0.06514084507042253 0.07805164319248827 
0 0.8661971830985915 0.6367370892018779 0.06602112676056338 0.06455399061032864 
0 0.028829225352112676 0.3629694835680751 0.050616197183098594 0.14847417840375587 
0 0.2671654929577465 0.09242957746478873 0.05369718309859155 0.08509389671361503 
0 0.269806338028169 0.17869718309859156 0.05721830985915493 0.09096244131455399 
0 0.2088468309859155 0.09976525821596244 0.058538732394366196 0.08215962441314555 
0 0.15338908450704225 0.09536384976525822 0.05501760563380282 0.08509389671361503 
0 0.5719630281690141 0.8113262910798122 0.10871478873239436 0.14964788732394366 
0 0.9471830985915493 0.4099178403755869 0.06690140845070422 0.051056338028169015 
0 0.6837588028169014 0.6408450704225352 0.08142605633802817 0.05868544600938967 
0 0.7517605633802817 0.846244131455399 0.20246478873239437 0.08568075117370892 
0 0.09529049295774648 0.18045774647887325 0.05237676056338028 0.11091549295774648 
0 0.3945862676056338 0.13879107981220656 0.07086267605633803 0.16490610328638497 
0 0.10453345070422536 0.6026995305164319 0.10431338028169014 0.14084507042253522 
0 0.6852992957746479 0.5181924882629108 0.07834507042253522 0.05516431924882629 
0 0.602112676056338 0.630868544600939 0.07306338028169014 0.08215962441314555 
0 0.2363556338028169 0.8169014084507042 0.08274647887323944 0.1467136150234742 
0 0.8584947183098591 0.380575117370892 0.09022887323943662 0.13673708920187794 
0 0.8686179577464789 0.5663145539906104 0.0682218309859155 0.07042253521126761 
0 0.20840669014084506 0.6009389671361502 0.09727112676056338 0.13145539906103287 
0 0.6571302816901409 0.3676643192488263 0.10123239436619719 0.159037558685446 
0 0.32680457746478875 0.8394953051643192 0.09110915492957747 0.0710093896713615 
0 0.32922535211267606 0.3664906103286385 0.09859154929577464 0.14964788732394366 
0 0.04665492957746479 0.18163145539906103 0.04841549295774648 0.10856807511737089 
0 0.12147887323943662 0.37177230046948356 0.10123239436619719 0.13908450704225353 
0 0.5462147887323944 0.3588615023474178 0.11883802816901408 0.17077464788732394 
0 0.8206426056338029 0.12910798122065728 0.0761443661971831 0.1936619718309859 
0 0.6483274647887324 0.12177230046948356 0.09242957746478873 0.18485915492957747 
0 0.8056778169014085 0.6276408450704225 0.047975352112676055 0.10269953051643192 
0 0.15316901408450703 0.18427230046948356 0.05721830985915493 0.09507042253521127 
0 0.4579665492957746 0.8089788732394366 0.1034330985915493 0.15434272300469484 
0 0.21875 0.37470657276995306 0.09595070422535211 0.13673708920187794 
0 0.519806338028169 0.5771713615023474 0.07042253521126761 0.0721830985915493 
0 0.735475352112676 0.12910798122065728 0.07922535211267606 0.18192488262910797 
0 0.7550616197183099 0.6238262910798122 0.047975352112676055 0.09741784037558686 
0 0.3067781690140845 0.6044600938967136 0.10035211267605634 0.13497652582159625 
