0 0.46919014084507044 0.3051643192488263 0.0528169014084507 0.12910798122065728 
0 0.13050176056338028 0.3400821596244131 0.05677816901408451 0.052230046948356805 
0 0.16109154929577466 0.5176056338028169 0.10299295774647887 0.1643192488262911 
0 0.7634242957746479 0.21449530516431925 0.06294014084507042 0.09917840375586855 
0 0.9643485915492958 0.21273474178403756 0.061619718309859156 0.08509389671361503 
0 0.8301056338028169 0.215962441314554 0.06602112676056338 0.10211267605633803 
0 0.965669014084507 0.31103286384976525 0.06338028169014084 0.1056338028169014 
0 0.06932218309859155 0.9424882629107981 0.09110915492957747 0.10446009389671361 
0 0.40580985915492956 0.2992957746478873 0.06073943661971831 0.12910798122065728 
0 0.17847711267605634 0.7567488262910798 0.09903169014084508 0.19072769953051644 
0 0.061399647887323945 0.23327464788732394 0.06029929577464789 0.08509389671361503 
0 0.0664612676056338 0.32188967136150237 0.06602112676056338 0.0897887323943662 
0 0.7946742957746479 0.9674295774647887 0.10783450704225352 0.06044600938967136 
0 0.762544014084507 0.3119131455399061 0.06294014084507042 0.09917840375586855 
0 0.8996478873239436 0.2177230046948357 0.06602112676056338 0.10211267605633803 
0 0.44058098591549294 0.9571596244131455 0.10123239436619719 0.08098591549295775 
0 0.6769366197183099 0.9592136150234741 0.09683098591549295 0.06748826291079812 
0 0.9016285211267606 0.31161971830985913 0.06382042253521127 0.09272300469483569 
0 0.238556338028169 0.9568661971830986 0.09595070422535211 0.08626760563380281 
0 0.2990757042253521 0.8072183098591549 0.09551056338028169 0.10152582159624413 
0 0.336487676056338 0.9592136150234741 0.10255281690140845 0.08157276995305164 
0 0.5334507042253521 0.7805164319248826 0.12411971830985916 0.18427230046948356 
0 0.9476232394366197 0.528169014084507 0.09242957746478873 0.17253521126760563 
0 0.7973151408450704 0.7846244131455399 0.13336267605633803 0.18779342723004694 
0 0.129181338028169 0.2793427230046948 0.05941901408450704 0.05985915492957746 
0 0.7158890845070423 0.5346244131455399 0.12455985915492958 0.15140845070422534 
0 0.5842869718309859 0.29870892018779344 0.053257042253521125 0.13145539906103287 
0 0.530149647887324 0.30134976525821594 0.06029929577464789 0.13673708920187794 
0 0.8400088028169014 0.5269953051643192 0.11399647887323944 0.15492957746478872 
0 0.637544014084507 0.3022300469483568 0.05501760563380282 0.12910798122065728 
0 0.6637323943661971 0.7805164319248826 0.136443661971831 0.18427230046948356 
0 0.2929137323943662 0.5322769953051644 0.12544014084507044 0.1619718309859155 
0 0.20576584507042253 0.27318075117370894 0.07350352112676056 0.06279342723004695 
0 0.05787852112676056 0.5032276995305164 0.08758802816901408 0.16725352112676056 
0 0.20642605633802816 0.335387323943662 0.07130281690140845 0.051056338028169015 
0 0.9245158450704225 0.7919600938967136 0.1210387323943662 0.20011737089201878 
0 0.6908010563380281 0.3048708920187793 0.05149647887323944 0.13204225352112675 
0 0.41483274647887325 0.7775821596244131 0.11487676056338028 0.18192488262910797 
0 0.8316461267605634 0.3171948356807512 0.06470070422535211 0.10504694835680752 
0 0.5591989436619719 0.5322769953051644 0.12544014084507044 0.15023474178403756 
0 0.42275528169014087 0.516725352112676 0.11223591549295775 0.1813380281690141 
0 0.46919014084507044 0.3051643192488263 0.0528169014084507 0.12910798122065728 
0 0.13050176056338028 0.3400821596244131 0.05677816901408451 0.052230046948356805 
0 0.16109154929577466 0.5176056338028169 0.10299295774647887 0.1643192488262911 
0 0.7634242957746479 0.21449530516431925 0.06294014084507042 0.09917840375586855 
0 0.9643485915492958 0.21273474178403756 0.061619718309859156 0.08509389671361503 
0 0.8301056338028169 0.215962441314554 0.06602112676056338 0.10211267605633803 
0 0.965669014084507 0.31103286384976525 0.06338028169014084 0.1056338028169014 
0 0.06932218309859155 0.9424882629107981 0.09110915492957747 0.10446009389671361 
0 0.40580985915492956 0.2992957746478873 0.06073943661971831 0.12910798122065728 
0 0.17847711267605634 0.7567488262910798 0.09903169014084508 0.19072769953051644 
0 0.061399647887323945 0.23327464788732394 0.06029929577464789 0.08509389671361503 
0 0.0664612676056338 0.32188967136150237 0.06602112676056338 0.0897887323943662 
0 0.7946742957746479 0.9674295774647887 0.10783450704225352 0.06044600938967136 
0 0.762544014084507 0.3119131455399061 0.06294014084507042 0.09917840375586855 
0 0.8996478873239436 0.2177230046948357 0.06602112676056338 0.10211267605633803 
0 0.44058098591549294 0.9571596244131455 0.10123239436619719 0.08098591549295775 
0 0.6769366197183099 0.9592136150234741 0.09683098591549295 0.06748826291079812 
0 0.9016285211267606 0.31161971830985913 0.06382042253521127 0.09272300469483569 
0 0.238556338028169 0.9568661971830986 0.09595070422535211 0.08626760563380281 
0 0.2990757042253521 0.8072183098591549 0.09551056338028169 0.10152582159624413 
0 0.336487676056338 0.9592136150234741 0.10255281690140845 0.08157276995305164 
0 0.5334507042253521 0.7805164319248826 0.12411971830985916 0.18427230046948356 
0 0.9476232394366197 0.528169014084507 0.09242957746478873 0.17253521126760563 
0 0.7973151408450704 0.7846244131455399 0.13336267605633803 0.18779342723004694 
0 0.129181338028169 0.2793427230046948 0.05941901408450704 0.05985915492957746 
0 0.7158890845070423 0.5346244131455399 0.12455985915492958 0.15140845070422534 
0 0.5842869718309859 0.29870892018779344 0.053257042253521125 0.13145539906103287 
0 0.530149647887324 0.30134976525821594 0.06029929577464789 0.13673708920187794 
0 0.8400088028169014 0.5269953051643192 0.11399647887323944 0.15492957746478872 
0 0.637544014084507 0.3022300469483568 0.05501760563380282 0.12910798122065728 
0 0.6637323943661971 0.7805164319248826 0.136443661971831 0.18427230046948356 
0 0.2929137323943662 0.5322769953051644 0.12544014084507044 0.1619718309859155 
0 0.20576584507042253 0.27318075117370894 0.07350352112676056 0.06279342723004695 
0 0.05787852112676056 0.5032276995305164 0.08758802816901408 0.16725352112676056 
0 0.20642605633802816 0.335387323943662 0.07130281690140845 0.051056338028169015 
0 0.9245158450704225 0.7919600938967136 0.1210387323943662 0.20011737089201878 
0 0.6908010563380281 0.3048708920187793 0.05149647887323944 0.13204225352112675 
0 0.41483274647887325 0.7775821596244131 0.11487676056338028 0.18192488262910797 
0 0.8316461267605634 0.3171948356807512 0.06470070422535211 0.10504694835680752 
0 0.5591989436619719 0.5322769953051644 0.12544014084507044 0.15023474178403756 
0 0.42275528169014087 0.516725352112676 0.11223591549295775 0.1813380281690141 
0 0.46919014084507044 0.3051643192488263 0.0528169014084507 0.12910798122065728 
0 0.13050176056338028 0.3400821596244131 0.05677816901408451 0.052230046948356805 
0 0.16109154929577466 0.5176056338028169 0.10299295774647887 0.1643192488262911 
0 0.7634242957746479 0.21449530516431925 0.06294014084507042 0.09917840375586855 
0 0.9643485915492958 0.21273474178403756 0.061619718309859156 0.08509389671361503 
0 0.8301056338028169 0.215962441314554 0.06602112676056338 0.10211267605633803 
0 0.965669014084507 0.31103286384976525 0.06338028169014084 0.1056338028169014 
0 0.06932218309859155 0.9424882629107981 0.09110915492957747 0.10446009389671361 
0 0.40580985915492956 0.2992957746478873 0.06073943661971831 0.12910798122065728 
0 0.17847711267605634 0.7567488262910798 0.09903169014084508 0.19072769953051644 
0 0.061399647887323945 0.23327464788732394 0.06029929577464789 0.08509389671361503 
0 0.0664612676056338 0.32188967136150237 0.06602112676056338 0.0897887323943662 
0 0.7946742957746479 0.9674295774647887 0.10783450704225352 0.06044600938967136 
0 0.762544014084507 0.3119131455399061 0.06294014084507042 0.09917840375586855 
0 0.8996478873239436 0.2177230046948357 0.06602112676056338 0.10211267605633803 
0 0.44058098591549294 0.9571596244131455 0.10123239436619719 0.08098591549295775 
0 0.6769366197183099 0.9592136150234741 0.09683098591549295 0.06748826291079812 
0 0.9016285211267606 0.31161971830985913 0.06382042253521127 0.09272300469483569 
0 0.238556338028169 0.9568661971830986 0.09595070422535211 0.08626760563380281 
0 0.2990757042253521 0.8072183098591549 0.09551056338028169 0.10152582159624413 
0 0.336487676056338 0.9592136150234741 0.10255281690140845 0.08157276995305164 
0 0.5334507042253521 0.7805164319248826 0.12411971830985916 0.18427230046948356 
0 0.9476232394366197 0.528169014084507 0.09242957746478873 0.17253521126760563 
0 0.7973151408450704 0.7846244131455399 0.13336267605633803 0.18779342723004694 
0 0.129181338028169 0.2793427230046948 0.05941901408450704 0.05985915492957746 
0 0.7158890845070423 0.5346244131455399 0.12455985915492958 0.15140845070422534 
0 0.5842869718309859 0.29870892018779344 0.053257042253521125 0.13145539906103287 
0 0.530149647887324 0.30134976525821594 0.06029929577464789 0.13673708920187794 
0 0.8400088028169014 0.5269953051643192 0.11399647887323944 0.15492957746478872 
0 0.637544014084507 0.3022300469483568 0.05501760563380282 0.12910798122065728 
0 0.6637323943661971 0.7805164319248826 0.136443661971831 0.18427230046948356 
0 0.2929137323943662 0.5322769953051644 0.12544014084507044 0.1619718309859155 
0 0.20576584507042253 0.27318075117370894 0.07350352112676056 0.06279342723004695 
0 0.05787852112676056 0.5032276995305164 0.08758802816901408 0.16725352112676056 
0 0.20642605633802816 0.335387323943662 0.07130281690140845 0.051056338028169015 
0 0.9245158450704225 0.7919600938967136 0.1210387323943662 0.20011737089201878 
0 0.6908010563380281 0.3048708920187793 0.05149647887323944 0.13204225352112675 
0 0.41483274647887325 0.7775821596244131 0.11487676056338028 0.18192488262910797 
0 0.8316461267605634 0.3171948356807512 0.06470070422535211 0.10504694835680752 
0 0.5591989436619719 0.5322769953051644 0.12544014084507044 0.15023474178403756 
0 0.42275528169014087 0.516725352112676 0.11223591549295775 0.1813380281690141 
