0 0.28411091549295775 0.49119718309859156 0.09022887323943662 0.1056338028169014 
0 0.7838908450704225 0.6822183098591549 0.09683098591549295 0.16725352112676056 
0 0.5477552816901409 0.14788732394366197 0.13336267605633803 0.1936619718309859 
0 0.16329225352112675 0.42664319248826293 0.11883802816901408 0.1936619718309859 
0 0.05919894366197183 0.6519953051643192 0.09991197183098592 0.1596244131455399 
0 0.03609154929577465 0.8615023474178404 0.06073943661971831 0.09859154929577464 
0 0.6780369718309859 0.9102112676056338 0.11663732394366197 0.12441314553990611 
0 0.5598591549295775 0.9008215962441315 0.11795774647887323 0.1643192488262911 
0 0.1153169014084507 0.8617957746478874 0.08274647887323944 0.11913145539906103 
0 0.8899647887323944 0.7112676056338029 0.11091549295774648 0.12323943661971831 
0 0.4410211267605634 0.897887323943662 0.12235915492957747 0.17018779342723006 
0 0.9529049295774648 0.1710680751173709 0.09419014084507042 0.20011737089201878 
0 0.6595510563380281 0.4650821596244131 0.12984154929577466 0.13204225352112675 
0 0.8261443661971831 0.15580985915492956 0.1267605633802817 0.1766431924882629 
0 0.9185739436619719 0.46068075117370894 0.10651408450704225 0.15258215962441316 
0 0.41087147887323944 0.1552230046948357 0.12984154929577466 0.22241784037558684 
0 0.5217869718309859 0.47007042253521125 0.11839788732394366 0.14553990610328638 
0 0.1210387323943662 0.16402582159624413 0.12147887323943662 0.20011737089201878 
0 0.6954225352112676 0.15580985915492956 0.1267605633802817 0.18016431924882628 
0 0.667693661971831 0.6775234741784038 0.1153169014084507 0.1789906103286385 
0 0.4011883802816901 0.46332159624413144 0.10871478873239436 0.1613849765258216 
0 0.2304137323943662 0.6666666666666666 0.1034330985915493 0.1772300469483568 
0 0.27442781690140844 0.16549295774647887 0.1324823943661972 0.19953051643192488 
0 0.7869718309859155 0.4339788732394366 0.11003521126760564 0.19072769953051644 
0 0.4300176056338028 0.6651995305164319 0.0977112676056338 0.16255868544600938 
0 0.3305457746478873 0.6663732394366197 0.09419014084507042 0.16607981220657278 
0 0.28411091549295775 0.49119718309859156 0.09022887323943662 0.1056338028169014 
0 0.7838908450704225 0.6822183098591549 0.09683098591549295 0.16725352112676056 
0 0.5477552816901409 0.14788732394366197 0.13336267605633803 0.1936619718309859 
0 0.16329225352112675 0.42664319248826293 0.11883802816901408 0.1936619718309859 
0 0.05919894366197183 0.6519953051643192 0.09991197183098592 0.1596244131455399 
0 0.03609154929577465 0.8615023474178404 0.06073943661971831 0.09859154929577464 
0 0.6780369718309859 0.9102112676056338 0.11663732394366197 0.12441314553990611 
0 0.5598591549295775 0.9008215962441315 0.11795774647887323 0.1643192488262911 
0 0.1153169014084507 0.8617957746478874 0.08274647887323944 0.11913145539906103 
0 0.8899647887323944 0.7112676056338029 0.11091549295774648 0.12323943661971831 
0 0.4410211267605634 0.897887323943662 0.12235915492957747 0.17018779342723006 
0 0.9529049295774648 0.1710680751173709 0.09419014084507042 0.20011737089201878 
0 0.6595510563380281 0.4650821596244131 0.12984154929577466 0.13204225352112675 
0 0.8261443661971831 0.15580985915492956 0.1267605633802817 0.1766431924882629 
0 0.9185739436619719 0.46068075117370894 0.10651408450704225 0.15258215962441316 
0 0.41087147887323944 0.1552230046948357 0.12984154929577466 0.22241784037558684 
0 0.5217869718309859 0.47007042253521125 0.11839788732394366 0.14553990610328638 
0 0.1210387323943662 0.16402582159624413 0.12147887323943662 0.20011737089201878 
0 0.6954225352112676 0.15580985915492956 0.1267605633802817 0.18016431924882628 
0 0.667693661971831 0.6775234741784038 0.1153169014084507 0.1789906103286385 
0 0.4011883802816901 0.46332159624413144 0.10871478873239436 0.1613849765258216 
0 0.2304137323943662 0.6666666666666666 0.1034330985915493 0.1772300469483568 
0 0.27442781690140844 0.16549295774647887 0.1324823943661972 0.19953051643192488 
0 0.7869718309859155 0.4339788732394366 0.11003521126760564 0.19072769953051644 
0 0.4300176056338028 0.6651995305164319 0.0977112676056338 0.16255868544600938 
0 0.3305457746478873 0.6663732394366197 0.09419014084507042 0.16607981220657278 
0 0.28411091549295775 0.49119718309859156 0.09022887323943662 0.1056338028169014 
0 0.7838908450704225 0.6822183098591549 0.09683098591549295 0.16725352112676056 
0 0.5477552816901409 0.14788732394366197 0.13336267605633803 0.1936619718309859 
0 0.16329225352112675 0.42664319248826293 0.11883802816901408 0.1936619718309859 
0 0.05919894366197183 0.6519953051643192 0.09991197183098592 0.1596244131455399 
0 0.03609154929577465 0.8615023474178404 0.06073943661971831 0.09859154929577464 
0 0.6780369718309859 0.9102112676056338 0.11663732394366197 0.12441314553990611 
0 0.5598591549295775 0.9008215962441315 0.11795774647887323 0.1643192488262911 
0 0.1153169014084507 0.8617957746478874 0.08274647887323944 0.11913145539906103 
0 0.8899647887323944 0.7112676056338029 0.11091549295774648 0.12323943661971831 
0 0.4410211267605634 0.897887323943662 0.12235915492957747 0.17018779342723006 
0 0.9529049295774648 0.1710680751173709 0.09419014084507042 0.20011737089201878 
0 0.6595510563380281 0.4650821596244131 0.12984154929577466 0.13204225352112675 
0 0.8261443661971831 0.15580985915492956 0.1267605633802817 0.1766431924882629 
0 0.9185739436619719 0.46068075117370894 0.10651408450704225 0.15258215962441316 
0 0.41087147887323944 0.1552230046948357 0.12984154929577466 0.22241784037558684 
0 0.5217869718309859 0.47007042253521125 0.11839788732394366 0.14553990610328638 
0 0.1210387323943662 0.16402582159624413 0.12147887323943662 0.20011737089201878 
0 0.6954225352112676 0.15580985915492956 0.1267605633802817 0.18016431924882628 
0 0.667693661971831 0.6775234741784038 0.1153169014084507 0.1789906103286385 
0 0.4011883802816901 0.46332159624413144 0.10871478873239436 0.1613849765258216 
0 0.2304137323943662 0.6666666666666666 0.1034330985915493 0.1772300469483568 
0 0.27442781690140844 0.16549295774647887 0.1324823943661972 0.19953051643192488 
0 0.7869718309859155 0.4339788732394366 0.11003521126760564 0.19072769953051644 
0 0.4300176056338028 0.6651995305164319 0.0977112676056338 0.16255868544600938 
0 0.3305457746478873 0.6663732394366197 0.09419014084507042 0.16607981220657278 
