0 0.5297095070422535 0.8794014084507042 0.10783450704225352 0.05457746478873239 
0 0.20004401408450703 0.0886150234741784 0.10695422535211267 0.16549295774647887 
0 0.4652288732394366 0.3201291079812207 0.10035211267605634 0.16960093896713616 
0 0.9465228873239436 0.1153169014084507 0.09903169014084508 0.16842723004694835 
0 0.8325264084507042 0.7491197183098591 0.10695422535211267 0.06514084507042253 
0 0.5336707746478874 0.8233568075117371 0.10871478873239436 0.06103286384976526 
0 0.42561619718309857 0.8072183098591549 0.09330985915492958 0.040492957746478875 
0 0.20466549295774647 0.8386150234741784 0.1505281690140845 0.0539906103286385 
0 0.9328785211267606 0.7546948356807511 0.10431338028169014 0.06924882629107981 
0 0.530149647887324 0.7417840375586855 0.10431338028169014 0.1068075117370892 
0 0.32548415492957744 0.13262910798122066 0.10695422535211267 0.09507042253521127 
0 0.47403169014084506 0.5404929577464789 0.10651408450704225 0.1596244131455399 
0 0.637544014084507 0.852112676056338 0.08142605633802817 0.11737089201877934 
0 0.9601672535211268 0.8248239436619719 0.07966549295774648 0.08274647887323944 
0 0.034991197183098594 0.3119131455399061 0.06910211267605634 0.15082159624413147 
0 0.9570862676056338 0.5883215962441315 0.06734154929577464 0.13204225352112675 
0 0.42869718309859156 0.8647300469483568 0.09507042253521127 0.04518779342723005 
0 0.44014084507042256 0.09330985915492958 0.11707746478873239 0.16549295774647887 
0 0.856294014084507 0.8386150234741784 0.11223591549295775 0.0892018779342723 
0 0.07020246478873239 0.744131455399061 0.13512323943661972 0.1431924882629108 
0 0.07394366197183098 0.48327464788732394 0.0880281690140845 0.11913145539906103 
0 0.8144806338028169 0.3532863849765258 0.1034330985915493 0.15845070422535212 
0 0.5611795774647887 0.09330985915492958 0.1329225352112676 0.17370892018779344 
0 0.6952024647887324 0.3283450704225352 0.10695422535211267 0.17312206572769953 
0 0.7341549295774648 0.8629694835680751 0.1056338028169014 0.11091549295774648 
0 0.9084507042253521 0.35357981220657275 0.08714788732394366 0.11795774647887323 
0 0.8226232394366197 0.11883802816901408 0.1382042253521127 0.16960093896713616 
0 0.700044014084507 0.11473004694835681 0.1430457746478873 0.1813380281690141 
0 0.3686179577464789 0.31778169014084506 0.08230633802816902 0.1742957746478873 
0 0.2733274647887324 0.30839201877934275 0.10123239436619719 0.16960093896713616 
0 0.2147887323943662 0.7491197183098591 0.1522887323943662 0.1273474178403756 
0 0.6998239436619719 0.579225352112676 0.11267605633802817 0.1619718309859155 
0 0.42561619718309857 0.7297535211267606 0.1153169014084507 0.09213615023474178 
0 0.5875880281690141 0.5492957746478874 0.11267605633802817 0.16549295774647887 
0 0.1679137323943662 0.48826291079812206 0.08494718309859155 0.08568075117370892 
0 0.11025528169014084 0.31778169014084506 0.08142605633802817 0.15669014084507044 
0 0.5297095070422535 0.8794014084507042 0.10783450704225352 0.05457746478873239 
0 0.20004401408450703 0.0886150234741784 0.10695422535211267 0.16549295774647887 
0 0.4652288732394366 0.3201291079812207 0.10035211267605634 0.16960093896713616 
0 0.9465228873239436 0.1153169014084507 0.09903169014084508 0.16842723004694835 
0 0.8325264084507042 0.7491197183098591 0.10695422535211267 0.06514084507042253 
0 0.5336707746478874 0.8233568075117371 0.10871478873239436 0.06103286384976526 
0 0.42561619718309857 0.8072183098591549 0.09330985915492958 0.040492957746478875 
0 0.20466549295774647 0.8386150234741784 0.1505281690140845 0.0539906103286385 
0 0.9328785211267606 0.7546948356807511 0.10431338028169014 0.06924882629107981 
0 0.530149647887324 0.7417840375586855 0.10431338028169014 0.1068075117370892 
0 0.32548415492957744 0.13262910798122066 0.10695422535211267 0.09507042253521127 
0 0.47403169014084506 0.5404929577464789 0.10651408450704225 0.1596244131455399 
0 0.637544014084507 0.852112676056338 0.08142605633802817 0.11737089201877934 
0 0.9601672535211268 0.8248239436619719 0.07966549295774648 0.08274647887323944 
0 0.034991197183098594 0.3119131455399061 0.06910211267605634 0.15082159624413147 
0 0.9570862676056338 0.5883215962441315 0.06734154929577464 0.13204225352112675 
0 0.42869718309859156 0.8647300469483568 0.09507042253521127 0.04518779342723005 
0 0.44014084507042256 0.09330985915492958 0.11707746478873239 0.16549295774647887 
0 0.856294014084507 0.8386150234741784 0.11223591549295775 0.0892018779342723 
0 0.07020246478873239 0.744131455399061 0.13512323943661972 0.1431924882629108 
0 0.07394366197183098 0.48327464788732394 0.0880281690140845 0.11913145539906103 
0 0.8144806338028169 0.3532863849765258 0.1034330985915493 0.15845070422535212 
0 0.5611795774647887 0.09330985915492958 0.1329225352112676 0.17370892018779344 
0 0.6952024647887324 0.3283450704225352 0.10695422535211267 0.17312206572769953 
0 0.7341549295774648 0.8629694835680751 0.1056338028169014 0.11091549295774648 
0 0.9084507042253521 0.35357981220657275 0.08714788732394366 0.11795774647887323 
0 0.8226232394366197 0.11883802816901408 0.1382042253521127 0.16960093896713616 
0 0.700044014084507 0.11473004694835681 0.1430457746478873 0.1813380281690141 
0 0.3686179577464789 0.31778169014084506 0.08230633802816902 0.1742957746478873 
0 0.2733274647887324 0.30839201877934275 0.10123239436619719 0.16960093896713616 
0 0.2147887323943662 0.7491197183098591 0.1522887323943662 0.1273474178403756 
0 0.6998239436619719 0.579225352112676 0.11267605633802817 0.1619718309859155 
0 0.42561619718309857 0.7297535211267606 0.1153169014084507 0.09213615023474178 
0 0.5875880281690141 0.5492957746478874 0.11267605633802817 0.16549295774647887 
0 0.1679137323943662 0.48826291079812206 0.08494718309859155 0.08568075117370892 
0 0.11025528169014084 0.31778169014084506 0.08142605633802817 0.15669014084507044 
0 0.5297095070422535 0.8794014084507042 0.10783450704225352 0.05457746478873239 
0 0.20004401408450703 0.0886150234741784 0.10695422535211267 0.16549295774647887 
0 0.4652288732394366 0.3201291079812207 0.10035211267605634 0.16960093896713616 
0 0.9465228873239436 0.1153169014084507 0.09903169014084508 0.16842723004694835 
0 0.8325264084507042 0.7491197183098591 0.10695422535211267 0.06514084507042253 
0 0.5336707746478874 0.8233568075117371 0.10871478873239436 0.06103286384976526 
0 0.42561619718309857 0.8072183098591549 0.09330985915492958 0.040492957746478875 
0 0.20466549295774647 0.8386150234741784 0.1505281690140845 0.0539906103286385 
0 0.9328785211267606 0.7546948356807511 0.10431338028169014 0.06924882629107981 
0 0.530149647887324 0.7417840375586855 0.10431338028169014 0.1068075117370892 
0 0.32548415492957744 0.13262910798122066 0.10695422535211267 0.09507042253521127 
0 0.47403169014084506 0.5404929577464789 0.10651408450704225 0.1596244131455399 
0 0.637544014084507 0.852112676056338 0.08142605633802817 0.11737089201877934 
0 0.9601672535211268 0.8248239436619719 0.07966549295774648 0.08274647887323944 
0 0.034991197183098594 0.3119131455399061 0.06910211267605634 0.15082159624413147 
0 0.9570862676056338 0.5883215962441315 0.06734154929577464 0.13204225352112675 
0 0.42869718309859156 0.8647300469483568 0.09507042253521127 0.04518779342723005 
0 0.44014084507042256 0.09330985915492958 0.11707746478873239 0.16549295774647887 
0 0.856294014084507 0.8386150234741784 0.11223591549295775 0.0892018779342723 
0 0.07020246478873239 0.744131455399061 0.13512323943661972 0.1431924882629108 
0 0.07394366197183098 0.48327464788732394 0.0880281690140845 0.11913145539906103 
0 0.8144806338028169 0.3532863849765258 0.1034330985915493 0.15845070422535212 
0 0.5611795774647887 0.09330985915492958 0.1329225352112676 0.17370892018779344 
0 0.6952024647887324 0.3283450704225352 0.10695422535211267 0.17312206572769953 
0 0.7341549295774648 0.8629694835680751 0.1056338028169014 0.11091549295774648 
0 0.9084507042253521 0.35357981220657275 0.08714788732394366 0.11795774647887323 
0 0.8226232394366197 0.11883802816901408 0.1382042253521127 0.16960093896713616 
0 0.700044014084507 0.11473004694835681 0.1430457746478873 0.1813380281690141 
0 0.3686179577464789 0.31778169014084506 0.08230633802816902 0.1742957746478873 
0 0.2733274647887324 0.30839201877934275 0.10123239436619719 0.16960093896713616 
0 0.2147887323943662 0.7491197183098591 0.1522887323943662 0.1273474178403756 
0 0.6998239436619719 0.579225352112676 0.11267605633802817 0.1619718309859155 
0 0.42561619718309857 0.7297535211267606 0.1153169014084507 0.09213615023474178 
0 0.5875880281690141 0.5492957746478874 0.11267605633802817 0.16549295774647887 
0 0.1679137323943662 0.48826291079812206 0.08494718309859155 0.08568075117370892 
0 0.11025528169014084 0.31778169014084506 0.08142605633802817 0.15669014084507044 
