0 0.1522887323943662 0.04870892018779343 0.08362676056338028 0.09389671361502347 
0 0.24493838028169015 0.8617957746478874 0.1949823943661972 0.06631455399061033 
0 0.4377200704225352 0.8940727699530516 0.16153169014084506 0.13908450704225353 
0 0.7992957746478874 0.9181338028169014 0.14084507042253522 0.10035211267605634 
0 0.23701584507042253 0.9292840375586855 0.1914612676056338 0.06279342723004695 
0 0.05435739436619718 0.89231220657277 0.10783450704225352 0.04870892018779343 
0 0.06866197183098592 0.051056338028169015 0.08362676056338028 0.09389671361502347 
0 0.24339788732394366 0.04724178403755869 0.08362676056338028 0.09330985915492958 
0 0.4315580985915493 0.2690727699530516 0.09463028169014084 0.08392018779342723 
0 0.43705985915492956 0.047828638497652586 0.11267605633802817 0.09448356807511737 
0 0.5545774647887324 0.047828638497652586 0.11267605633802817 0.09448356807511737 
0 0.6861795774647887 0.047828638497652586 0.11267605633802817 0.09448356807511737 
0 0.8074383802816901 0.05252347417840376 0.12015845070422536 0.10035211267605634 
0 0.9399207746478874 0.05134976525821596 0.12015845070422536 0.10035211267605634 
0 0.7992957746478874 0.2367957746478873 0.11443661971830986 0.19190140845070422 
0 0.21148767605633803 0.43339201877934275 0.08142605633802817 0.16255868544600938 
0 0.09044894366197183 0.6123826291079812 0.08582746478873239 0.1273474178403756 
0 0.058098591549295774 0.8324530516431925 0.10915492957746478 0.06044600938967136 
0 0.32922535211267606 0.04724178403755869 0.08362676056338028 0.09330985915492958 
0 0.0565580985915493 0.4363262910798122 0.0682218309859155 0.14847417840375587 
0 0.08296654929577464 0.7576291079812206 0.16505281690140844 0.0892018779342723 
0 0.702024647887324 0.6552230046948356 0.09330985915492958 0.13438967136150234 
0 0.18111795774647887 0.6115023474178404 0.0761443661971831 0.11384976525821597 
0 0.3849031690140845 0.4369131455399061 0.08934859154929578 0.14964788732394366 
0 0.9240757042253521 0.4738849765258216 0.09375 0.1766431924882629 
0 0.9150528169014085 0.2887323943661972 0.09330985915492958 0.11150234741784038 
0 0.8351672535211268 0.465962441314554 0.09727112676056338 0.16901408450704225 
0 0.3017165492957746 0.4336854460093897 0.09022887323943662 0.17253521126760563 
0 0.5420334507042254 0.22183098591549297 0.10959507042253522 0.1960093896713615 
0 0.47161091549295775 0.443075117370892 0.08934859154929578 0.1467136150234742 
0 0.3386883802816901 0.2323943661971831 0.09551056338028169 0.16314553990610328 
0 0.24713908450704225 0.22417840375586853 0.08934859154929578 0.16784037558685447 
0 0.12940140845070422 0.4310446009389671 0.07834507042253522 0.15316901408450703 
0 0.6536091549295775 0.4518779342723005 0.09330985915492958 0.1467136150234742 
0 0.6084947183098591 0.6555164319248826 0.0840669014084507 0.13145539906103287 
0 0.6254401408450704 0.8829225352112676 0.176056338028169 0.1414319248826291 
0 0.5112235915492958 0.642018779342723 0.08758802816901408 0.11032863849765258 
0 0.16835387323943662 0.22769953051643194 0.07526408450704225 0.16314553990610328 
0 0.5563380281690141 0.4448356807511737 0.09419014084507042 0.1619718309859155 
0 0.40889084507042256 0.6332159624413145 0.1073943661971831 0.12793427230046947 
0 0.1522887323943662 0.04870892018779343 0.08362676056338028 0.09389671361502347 
0 0.24493838028169015 0.8617957746478874 0.1949823943661972 0.06631455399061033 
0 0.4377200704225352 0.8940727699530516 0.16153169014084506 0.13908450704225353 
0 0.7992957746478874 0.9181338028169014 0.14084507042253522 0.10035211267605634 
0 0.23701584507042253 0.9292840375586855 0.1914612676056338 0.06279342723004695 
0 0.05435739436619718 0.89231220657277 0.10783450704225352 0.04870892018779343 
0 0.06866197183098592 0.051056338028169015 0.08362676056338028 0.09389671361502347 
0 0.24339788732394366 0.04724178403755869 0.08362676056338028 0.09330985915492958 
0 0.4315580985915493 0.2690727699530516 0.09463028169014084 0.08392018779342723 
0 0.43705985915492956 0.047828638497652586 0.11267605633802817 0.09448356807511737 
0 0.5545774647887324 0.047828638497652586 0.11267605633802817 0.09448356807511737 
0 0.6861795774647887 0.047828638497652586 0.11267605633802817 0.09448356807511737 
0 0.8074383802816901 0.05252347417840376 0.12015845070422536 0.10035211267605634 
0 0.9399207746478874 0.05134976525821596 0.12015845070422536 0.10035211267605634 
0 0.7992957746478874 0.2367957746478873 0.11443661971830986 0.19190140845070422 
0 0.21148767605633803 0.43339201877934275 0.08142605633802817 0.16255868544600938 
0 0.09044894366197183 0.6123826291079812 0.08582746478873239 0.1273474178403756 
0 0.058098591549295774 0.8324530516431925 0.10915492957746478 0.06044600938967136 
0 0.32922535211267606 0.04724178403755869 0.08362676056338028 0.09330985915492958 
0 0.0565580985915493 0.4363262910798122 0.0682218309859155 0.14847417840375587 
0 0.08296654929577464 0.7576291079812206 0.16505281690140844 0.0892018779342723 
0 0.702024647887324 0.6552230046948356 0.09330985915492958 0.13438967136150234 
0 0.18111795774647887 0.6115023474178404 0.0761443661971831 0.11384976525821597 
0 0.3849031690140845 0.4369131455399061 0.08934859154929578 0.14964788732394366 
0 0.9240757042253521 0.4738849765258216 0.09375 0.1766431924882629 
0 0.9150528169014085 0.2887323943661972 0.09330985915492958 0.11150234741784038 
0 0.8351672535211268 0.465962441314554 0.09727112676056338 0.16901408450704225 
0 0.3017165492957746 0.4336854460093897 0.09022887323943662 0.17253521126760563 
0 0.5420334507042254 0.22183098591549297 0.10959507042253522 0.1960093896713615 
0 0.47161091549295775 0.443075117370892 0.08934859154929578 0.1467136150234742 
0 0.3386883802816901 0.2323943661971831 0.09551056338028169 0.16314553990610328 
0 0.24713908450704225 0.22417840375586853 0.08934859154929578 0.16784037558685447 
0 0.12940140845070422 0.4310446009389671 0.07834507042253522 0.15316901408450703 
0 0.6536091549295775 0.4518779342723005 0.09330985915492958 0.1467136150234742 
0 0.6084947183098591 0.6555164319248826 0.0840669014084507 0.13145539906103287 
0 0.6254401408450704 0.8829225352112676 0.176056338028169 0.1414319248826291 
0 0.5112235915492958 0.642018779342723 0.08758802816901408 0.11032863849765258 
0 0.16835387323943662 0.22769953051643194 0.07526408450704225 0.16314553990610328 
0 0.5563380281690141 0.4448356807511737 0.09419014084507042 0.1619718309859155 
0 0.40889084507042256 0.6332159624413145 0.1073943661971831 0.12793427230046947 
0 0.1522887323943662 0.04870892018779343 0.08362676056338028 0.09389671361502347 
0 0.24493838028169015 0.8617957746478874 0.1949823943661972 0.06631455399061033 
0 0.4377200704225352 0.8940727699530516 0.16153169014084506 0.13908450704225353 
0 0.7992957746478874 0.9181338028169014 0.14084507042253522 0.10035211267605634 
0 0.23701584507042253 0.9292840375586855 0.1914612676056338 0.06279342723004695 
0 0.05435739436619718 0.89231220657277 0.10783450704225352 0.04870892018779343 
0 0.06866197183098592 0.051056338028169015 0.08362676056338028 0.09389671361502347 
0 0.24339788732394366 0.04724178403755869 0.08362676056338028 0.09330985915492958 
0 0.4315580985915493 0.2690727699530516 0.09463028169014084 0.08392018779342723 
0 0.43705985915492956 0.047828638497652586 0.11267605633802817 0.09448356807511737 
0 0.5545774647887324 0.047828638497652586 0.11267605633802817 0.09448356807511737 
0 0.6861795774647887 0.047828638497652586 0.11267605633802817 0.09448356807511737 
0 0.8074383802816901 0.05252347417840376 0.12015845070422536 0.10035211267605634 
0 0.9399207746478874 0.05134976525821596 0.12015845070422536 0.10035211267605634 
0 0.7992957746478874 0.2367957746478873 0.11443661971830986 0.19190140845070422 
0 0.21148767605633803 0.43339201877934275 0.08142605633802817 0.16255868544600938 
0 0.09044894366197183 0.6123826291079812 0.08582746478873239 0.1273474178403756 
0 0.058098591549295774 0.8324530516431925 0.10915492957746478 0.06044600938967136 
0 0.32922535211267606 0.04724178403755869 0.08362676056338028 0.09330985915492958 
0 0.0565580985915493 0.4363262910798122 0.0682218309859155 0.14847417840375587 
0 0.08296654929577464 0.7576291079812206 0.16505281690140844 0.0892018779342723 
0 0.702024647887324 0.6552230046948356 0.09330985915492958 0.13438967136150234 
0 0.18111795774647887 0.6115023474178404 0.0761443661971831 0.11384976525821597 
0 0.3849031690140845 0.4369131455399061 0.08934859154929578 0.14964788732394366 
0 0.9240757042253521 0.4738849765258216 0.09375 0.1766431924882629 
0 0.9150528169014085 0.2887323943661972 0.09330985915492958 0.11150234741784038 
0 0.8351672535211268 0.465962441314554 0.09727112676056338 0.16901408450704225 
0 0.3017165492957746 0.4336854460093897 0.09022887323943662 0.17253521126760563 
0 0.5420334507042254 0.22183098591549297 0.10959507042253522 0.1960093896713615 
0 0.47161091549295775 0.443075117370892 0.08934859154929578 0.1467136150234742 
0 0.3386883802816901 0.2323943661971831 0.09551056338028169 0.16314553990610328 
0 0.24713908450704225 0.22417840375586853 0.08934859154929578 0.16784037558685447 
0 0.12940140845070422 0.4310446009389671 0.07834507042253522 0.15316901408450703 
0 0.6536091549295775 0.4518779342723005 0.09330985915492958 0.1467136150234742 
0 0.6084947183098591 0.6555164319248826 0.0840669014084507 0.13145539906103287 
0 0.6254401408450704 0.8829225352112676 0.176056338028169 0.1414319248826291 
0 0.5112235915492958 0.642018779342723 0.08758802816901408 0.11032863849765258 
0 0.16835387323943662 0.22769953051643194 0.07526408450704225 0.16314553990610328 
0 0.5563380281690141 0.4448356807511737 0.09419014084507042 0.1619718309859155 
0 0.40889084507042256 0.6332159624413145 0.1073943661971831 0.12793427230046947 
