0 0.12566021126760563 0.08568075117370892 0.05941901408450704 0.0715962441314554 
0 0.12786091549295775 0.1728286384976526 0.05501760563380282 0.09096244131455399 
0 0.07680457746478873 0.1742957746478873 0.05413732394366197 0.07629107981220658 
0 0.026848591549295774 0.17370892018779344 0.04841549295774648 0.07511737089201878 
0 0.045554577464788734 0.9178403755868545 0.08142605633802817 0.1267605633802817 
0 0.47733274647887325 0.9413145539906104 0.09375 0.11737089201877934 
0 0.5763644366197183 0.9460093896713615 0.08934859154929578 0.107981220657277 
0 0.3765404929577465 0.9328051643192489 0.10783450704225352 0.13204225352112675 
0 0.8085387323943662 0.16637323943661972 0.07130281690140845 0.06279342723004695 
0 0.809419014084507 0.10446009389671361 0.07834507042253522 0.056338028169014086 
0 0.31117957746478875 0.06660798122065728 0.05193661971830986 0.08039906103286384 
0 0.6769366197183099 0.9404342723004695 0.09242957746478873 0.11678403755868545 
0 0.3122799295774648 0.15463615023474178 0.05149647887323944 0.08626760563380281 
0 0.053036971830985914 0.3248239436619718 0.0682218309859155 0.14847417840375587 
0 0.25440140845070425 0.16255868544600938 0.05721830985915493 0.07629107981220658 
0 0.4630281690140845 0.15316901408450703 0.056338028169014086 0.09272300469483569 
0 0.5297095070422535 0.06602112676056338 0.05501760563380282 0.09096244131455399 
0 0.5279489436619719 0.1511150234741784 0.06470070422535211 0.08509389671361503 
0 0.5944102112676056 0.05721830985915493 0.07702464788732394 0.09096244131455399 
0 0.5928697183098591 0.1552230046948357 0.06073943661971831 0.09683098591549295 
0 0.6643926056338029 0.15023474178403756 0.04709507042253521 0.08333333333333333 
0 0.7350352112676056 0.1657863849765258 0.06690140845070422 0.04636150234741784 
0 0.39766725352112675 0.5903755868544601 0.08142605633802817 0.08333333333333333 
0 0.7612235915492958 0.5601525821596244 0.10255281690140845 0.19072769953051644 
0 0.13512323943661972 0.9234154929577465 0.07570422535211267 0.125 
0 0.9680897887323944 0.7629107981220657 0.06382042253521127 0.1443661971830986 
0 0.8844630281690141 0.7734741784037559 0.09375 0.1572769953051643 
0 0.2051056338028169 0.16549295774647887 0.04841549295774648 0.08215962441314555 
0 0.9830545774647887 0.30927230046948356 0.04973591549295775 0.09624413145539906 
0 0.5136443661971831 0.5478286384976526 0.10651408450704225 0.18016431924882628 
0 0.07548415492957747 0.09066901408450705 0.047975352112676055 0.07687793427230047 
0 0.7284330985915493 0.11120892018779342 0.06426056338028169 0.061619718309859156 
0 0.9566461267605634 0.5915492957746479 0.07526408450704225 0.1431924882629108 
0 0.13424295774647887 0.3245305164319249 0.0818661971830986 0.1572769953051643 
0 0.3091989436619718 0.5349178403755869 0.08846830985915492 0.16842723004694835 
0 0.8732394366197183 0.5921361502347418 0.0897887323943662 0.12089201877934272 
0 0.2731073943661972 0.7321009389671361 0.0743838028169014 0.11913145539906103 
0 0.25682218309859156 0.08626760563380281 0.06558098591549295 0.07629107981220658 
0 0.4685299295774648 0.06778169014084508 0.06294014084507042 0.09565727699530517 
0 0.6613116197183099 0.06338028169014084 0.07086267605633803 0.09272300469483569 
0 0.20422535211267606 0.08450704225352113 0.051056338028169015 0.07746478873239436 
0 0.4438820422535211 0.7432511737089202 0.07966549295774648 0.15551643192488263 
0 0.5204665492957746 0.7579225352112676 0.07790492957746478 0.15434272300469484 
0 0.21808978873239437 0.5419600938967136 0.08846830985915492 0.17194835680751175 
0 0.886443661971831 0.3315727699530516 0.07394366197183098 0.11150234741784038 
0 0.31338028169014087 0.32188967136150237 0.08714788732394366 0.16607981220657278 
0 0.621919014084507 0.7661384976525821 0.0880281690140845 0.15434272300469484 
0 0.1775968309859155 0.7414906103286385 0.07878521126760564 0.13673708920187794 
0 0.13908450704225353 0.528462441314554 0.06602112676056338 0.13438967136150234 
0 0.3576144366197183 0.732981220657277 0.08054577464788733 0.142018779342723 
0 0.643705985915493 0.3268779342723005 0.10607394366197183 0.17018779342723006 
0 0.7951144366197183 0.7696596244131455 0.09815140845070422 0.15669014084507044 
0 0.40999119718309857 0.3107394366197183 0.09375 0.15551643192488263 
0 0.3767605633802817 0.15258215962441316 0.05897887323943662 0.08450704225352113 
0 0.5211267605633803 0.32130281690140844 0.09595070422535211 0.16725352112676056 
0 0.22733274647887325 0.32247652582159625 0.08494718309859155 0.15551643192488263 
0 0.09485035211267606 0.7376760563380281 0.0682218309859155 0.13262910798122066 
0 0.758362676056338 0.31690140845070425 0.12147887323943662 0.18779342723004694 
0 0.12566021126760563 0.08568075117370892 0.05941901408450704 0.0715962441314554 
0 0.12786091549295775 0.1728286384976526 0.05501760563380282 0.09096244131455399 
0 0.07680457746478873 0.1742957746478873 0.05413732394366197 0.07629107981220658 
0 0.026848591549295774 0.17370892018779344 0.04841549295774648 0.07511737089201878 
0 0.045554577464788734 0.9178403755868545 0.08142605633802817 0.1267605633802817 
0 0.47733274647887325 0.9413145539906104 0.09375 0.11737089201877934 
0 0.5763644366197183 0.9460093896713615 0.08934859154929578 0.107981220657277 
0 0.3765404929577465 0.9328051643192489 0.10783450704225352 0.13204225352112675 
0 0.8085387323943662 0.16637323943661972 0.07130281690140845 0.06279342723004695 
0 0.809419014084507 0.10446009389671361 0.07834507042253522 0.056338028169014086 
0 0.31117957746478875 0.06660798122065728 0.05193661971830986 0.08039906103286384 
0 0.6769366197183099 0.9404342723004695 0.09242957746478873 0.11678403755868545 
0 0.3122799295774648 0.15463615023474178 0.05149647887323944 0.08626760563380281 
0 0.053036971830985914 0.3248239436619718 0.0682218309859155 0.14847417840375587 
0 0.25440140845070425 0.16255868544600938 0.05721830985915493 0.07629107981220658 
0 0.4630281690140845 0.15316901408450703 0.056338028169014086 0.09272300469483569 
0 0.5297095070422535 0.06602112676056338 0.05501760563380282 0.09096244131455399 
0 0.5279489436619719 0.1511150234741784 0.06470070422535211 0.08509389671361503 
0 0.5944102112676056 0.05721830985915493 0.07702464788732394 0.09096244131455399 
0 0.5928697183098591 0.1552230046948357 0.06073943661971831 0.09683098591549295 
0 0.6643926056338029 0.15023474178403756 0.04709507042253521 0.08333333333333333 
0 0.7350352112676056 0.1657863849765258 0.06690140845070422 0.04636150234741784 
0 0.39766725352112675 0.5903755868544601 0.08142605633802817 0.08333333333333333 
0 0.7612235915492958 0.5601525821596244 0.10255281690140845 0.19072769953051644 
0 0.13512323943661972 0.9234154929577465 0.07570422535211267 0.125 
0 0.9680897887323944 0.7629107981220657 0.06382042253521127 0.1443661971830986 
0 0.8844630281690141 0.7734741784037559 0.09375 0.1572769953051643 
0 0.2051056338028169 0.16549295774647887 0.04841549295774648 0.08215962441314555 
0 0.9830545774647887 0.30927230046948356 0.04973591549295775 0.09624413145539906 
0 0.5136443661971831 0.5478286384976526 0.10651408450704225 0.18016431924882628 
0 0.07548415492957747 0.09066901408450705 0.047975352112676055 0.07687793427230047 
0 0.7284330985915493 0.11120892018779342 0.06426056338028169 0.061619718309859156 
0 0.9566461267605634 0.5915492957746479 0.07526408450704225 0.1431924882629108 
0 0.13424295774647887 0.3245305164319249 0.0818661971830986 0.1572769953051643 
0 0.3091989436619718 0.5349178403755869 0.08846830985915492 0.16842723004694835 
0 0.8732394366197183 0.5921361502347418 0.0897887323943662 0.12089201877934272 
0 0.2731073943661972 0.7321009389671361 0.0743838028169014 0.11913145539906103 
0 0.25682218309859156 0.08626760563380281 0.06558098591549295 0.07629107981220658 
0 0.4685299295774648 0.06778169014084508 0.06294014084507042 0.09565727699530517 
0 0.6613116197183099 0.06338028169014084 0.07086267605633803 0.09272300469483569 
0 0.20422535211267606 0.08450704225352113 0.051056338028169015 0.07746478873239436 
0 0.4438820422535211 0.7432511737089202 0.07966549295774648 0.15551643192488263 
0 0.5204665492957746 0.7579225352112676 0.07790492957746478 0.15434272300469484 
0 0.21808978873239437 0.5419600938967136 0.08846830985915492 0.17194835680751175 
0 0.886443661971831 0.3315727699530516 0.07394366197183098 0.11150234741784038 
0 0.31338028169014087 0.32188967136150237 0.08714788732394366 0.16607981220657278 
0 0.621919014084507 0.7661384976525821 0.0880281690140845 0.15434272300469484 
0 0.1775968309859155 0.7414906103286385 0.07878521126760564 0.13673708920187794 
0 0.13908450704225353 0.528462441314554 0.06602112676056338 0.13438967136150234 
0 0.3576144366197183 0.732981220657277 0.08054577464788733 0.142018779342723 
0 0.643705985915493 0.3268779342723005 0.10607394366197183 0.17018779342723006 
0 0.7951144366197183 0.7696596244131455 0.09815140845070422 0.15669014084507044 
0 0.40999119718309857 0.3107394366197183 0.09375 0.15551643192488263 
0 0.3767605633802817 0.15258215962441316 0.05897887323943662 0.08450704225352113 
0 0.5211267605633803 0.32130281690140844 0.09595070422535211 0.16725352112676056 
0 0.22733274647887325 0.32247652582159625 0.08494718309859155 0.15551643192488263 
0 0.09485035211267606 0.7376760563380281 0.0682218309859155 0.13262910798122066 
0 0.758362676056338 0.31690140845070425 0.12147887323943662 0.18779342723004694 
0 0.12566021126760563 0.08568075117370892 0.05941901408450704 0.0715962441314554 
0 0.12786091549295775 0.1728286384976526 0.05501760563380282 0.09096244131455399 
0 0.07680457746478873 0.1742957746478873 0.05413732394366197 0.07629107981220658 
0 0.026848591549295774 0.17370892018779344 0.04841549295774648 0.07511737089201878 
0 0.045554577464788734 0.9178403755868545 0.08142605633802817 0.1267605633802817 
0 0.47733274647887325 0.9413145539906104 0.09375 0.11737089201877934 
0 0.5763644366197183 0.9460093896713615 0.08934859154929578 0.107981220657277 
0 0.3765404929577465 0.9328051643192489 0.10783450704225352 0.13204225352112675 
0 0.8085387323943662 0.16637323943661972 0.07130281690140845 0.06279342723004695 
0 0.809419014084507 0.10446009389671361 0.07834507042253522 0.056338028169014086 
0 0.31117957746478875 0.06660798122065728 0.05193661971830986 0.08039906103286384 
0 0.6769366197183099 0.9404342723004695 0.09242957746478873 0.11678403755868545 
0 0.3122799295774648 0.15463615023474178 0.05149647887323944 0.08626760563380281 
0 0.053036971830985914 0.3248239436619718 0.0682218309859155 0.14847417840375587 
0 0.25440140845070425 0.16255868544600938 0.05721830985915493 0.07629107981220658 
0 0.4630281690140845 0.15316901408450703 0.056338028169014086 0.09272300469483569 
0 0.5297095070422535 0.06602112676056338 0.05501760563380282 0.09096244131455399 
0 0.5279489436619719 0.1511150234741784 0.06470070422535211 0.08509389671361503 
0 0.5944102112676056 0.05721830985915493 0.07702464788732394 0.09096244131455399 
0 0.5928697183098591 0.1552230046948357 0.06073943661971831 0.09683098591549295 
0 0.6643926056338029 0.15023474178403756 0.04709507042253521 0.08333333333333333 
0 0.7350352112676056 0.1657863849765258 0.06690140845070422 0.04636150234741784 
0 0.39766725352112675 0.5903755868544601 0.08142605633802817 0.08333333333333333 
0 0.7612235915492958 0.5601525821596244 0.10255281690140845 0.19072769953051644 
0 0.13512323943661972 0.9234154929577465 0.07570422535211267 0.125 
0 0.9680897887323944 0.7629107981220657 0.06382042253521127 0.1443661971830986 
0 0.8844630281690141 0.7734741784037559 0.09375 0.1572769953051643 
0 0.2051056338028169 0.16549295774647887 0.04841549295774648 0.08215962441314555 
0 0.9830545774647887 0.30927230046948356 0.04973591549295775 0.09624413145539906 
0 0.5136443661971831 0.5478286384976526 0.10651408450704225 0.18016431924882628 
0 0.07548415492957747 0.09066901408450705 0.047975352112676055 0.07687793427230047 
0 0.7284330985915493 0.11120892018779342 0.06426056338028169 0.061619718309859156 
0 0.9566461267605634 0.5915492957746479 0.07526408450704225 0.1431924882629108 
0 0.13424295774647887 0.3245305164319249 0.0818661971830986 0.1572769953051643 
0 0.3091989436619718 0.5349178403755869 0.08846830985915492 0.16842723004694835 
0 0.8732394366197183 0.5921361502347418 0.0897887323943662 0.12089201877934272 
0 0.2731073943661972 0.7321009389671361 0.0743838028169014 0.11913145539906103 
0 0.25682218309859156 0.08626760563380281 0.06558098591549295 0.07629107981220658 
0 0.4685299295774648 0.06778169014084508 0.06294014084507042 0.09565727699530517 
0 0.6613116197183099 0.06338028169014084 0.07086267605633803 0.09272300469483569 
0 0.20422535211267606 0.08450704225352113 0.051056338028169015 0.07746478873239436 
0 0.4438820422535211 0.7432511737089202 0.07966549295774648 0.15551643192488263 
0 0.5204665492957746 0.7579225352112676 0.07790492957746478 0.15434272300469484 
0 0.21808978873239437 0.5419600938967136 0.08846830985915492 0.17194835680751175 
0 0.886443661971831 0.3315727699530516 0.07394366197183098 0.11150234741784038 
0 0.31338028169014087 0.32188967136150237 0.08714788732394366 0.16607981220657278 
0 0.621919014084507 0.7661384976525821 0.0880281690140845 0.15434272300469484 
0 0.1775968309859155 0.7414906103286385 0.07878521126760564 0.13673708920187794 
0 0.13908450704225353 0.528462441314554 0.06602112676056338 0.13438967136150234 
0 0.3576144366197183 0.732981220657277 0.08054577464788733 0.142018779342723 
0 0.643705985915493 0.3268779342723005 0.10607394366197183 0.17018779342723006 
0 0.7951144366197183 0.7696596244131455 0.09815140845070422 0.15669014084507044 
0 0.40999119718309857 0.3107394366197183 0.09375 0.15551643192488263 
0 0.3767605633802817 0.15258215962441316 0.05897887323943662 0.08450704225352113 
0 0.5211267605633803 0.32130281690140844 0.09595070422535211 0.16725352112676056 
0 0.22733274647887325 0.32247652582159625 0.08494718309859155 0.15551643192488263 
0 0.09485035211267606 0.7376760563380281 0.0682218309859155 0.13262910798122066 
0 0.758362676056338 0.31690140845070425 0.12147887323943662 0.18779342723004694 
