0 0.8921654929577465 0.31778169014084506 0.10651408450704225 0.07453051643192488 
0 0.15096830985915494 0.39231220657276994 0.061619718309859156 0.09213615023474178 
0 0.9639084507042254 0.5980046948356808 0.06866197183098592 0.18544600938967137 
0 0.13952464788732394 0.8705985915492958 0.11091549295774648 0.2153755868544601 
0 0.26100352112676056 0.869424882629108 0.09507042253521127 0.20598591549295775 
0 0.05985915492957746 0.4046361502347418 0.06602112676056338 0.09096244131455399 
0 0.21434859154929578 0.30721830985915494 0.058098591549295774 0.08626760563380281 
0 0.8569542253521126 0.886443661971831 0.1505281690140845 0.22711267605633803 
0 0.35629401408450706 0.3829225352112676 0.07350352112676056 0.10269953051643192 
0 0.5484154929577465 0.3826291079812207 0.061619718309859156 0.0880281690140845 
0 0.707306338028169 0.3755868544600939 0.07130281690140845 0.09389671361502347 
0 0.6919014084507042 0.5880281690140845 0.13556338028169015 0.19953051643192488 
0 0.5217869718309859 0.8849765258215962 0.144806338028169 0.2300469483568075 
0 0.04445422535211268 0.8676643192488263 0.07482394366197183 0.18016431924882628 
0 0.7882922535211268 0.39231220657276994 0.08098591549295775 0.06279342723004695 
0 0.21544894366197184 0.3996478873239437 0.06294014084507042 0.09272300469483569 
0 0.7889524647887324 0.3221830985915493 0.07790492957746478 0.07746478873239436 
0 0.37786091549295775 0.9424882629107981 0.11663732394366197 0.1068075117370892 
0 0.15294894366197184 0.30985915492957744 0.06470070422535211 0.07863849765258216 
0 0.5371919014084507 0.591255868544601 0.12984154929577466 0.22593896713615025 
0 0.3963468309859155 0.596244131455399 0.1324823943661972 0.20657276995305165 
0 0.0625 0.3075117370892019 0.06954225352112677 0.09154929577464789 
0 0.6307218309859155 0.38086854460093894 0.06426056338028169 0.08685446009389672 
0 0.47007042253521125 0.3855633802816901 0.06602112676056338 0.09389671361502347 
0 0.28389084507042256 0.3911384976525822 0.07570422535211267 0.09448356807511737 
0 0.6283010563380281 0.2811032863849765 0.06734154929577464 0.09507042253521127 
0 0.2852112676056338 0.29694835680751175 0.07042253521126761 0.09507042253521127 
0 0.8923855633802817 0.38879107981220656 0.09286971830985916 0.06396713615023474 
0 0.4720510563380282 0.289612676056338 0.0664612676056338 0.10152582159624413 
0 0.27420774647887325 0.6029929577464789 0.10387323943661972 0.17312206572769953 
0 0.7119278169014085 0.2790492957746479 0.07526408450704225 0.09565727699530517 
0 0.04951584507042254 0.6068075117370892 0.0840669014084507 0.18309859154929578 
0 0.5477552816901409 0.2831572769953052 0.06470070422535211 0.10504694835680752 
0 0.8466109154929577 0.6059272300469484 0.14744718309859156 0.1789906103286385 
0 0.1586707746478873 0.6065140845070423 0.11487676056338028 0.17781690140845072 
0 0.8921654929577465 0.31778169014084506 0.10651408450704225 0.07453051643192488 
0 0.15096830985915494 0.39231220657276994 0.061619718309859156 0.09213615023474178 
0 0.9639084507042254 0.5980046948356808 0.06866197183098592 0.18544600938967137 
0 0.13952464788732394 0.8705985915492958 0.11091549295774648 0.2153755868544601 
0 0.26100352112676056 0.869424882629108 0.09507042253521127 0.20598591549295775 
0 0.05985915492957746 0.4046361502347418 0.06602112676056338 0.09096244131455399 
0 0.21434859154929578 0.30721830985915494 0.058098591549295774 0.08626760563380281 
0 0.8569542253521126 0.886443661971831 0.1505281690140845 0.22711267605633803 
0 0.35629401408450706 0.3829225352112676 0.07350352112676056 0.10269953051643192 
0 0.5484154929577465 0.3826291079812207 0.061619718309859156 0.0880281690140845 
0 0.707306338028169 0.3755868544600939 0.07130281690140845 0.09389671361502347 
0 0.6919014084507042 0.5880281690140845 0.13556338028169015 0.19953051643192488 
0 0.5217869718309859 0.8849765258215962 0.144806338028169 0.2300469483568075 
0 0.04445422535211268 0.8676643192488263 0.07482394366197183 0.18016431924882628 
0 0.7882922535211268 0.39231220657276994 0.08098591549295775 0.06279342723004695 
0 0.21544894366197184 0.3996478873239437 0.06294014084507042 0.09272300469483569 
0 0.7889524647887324 0.3221830985915493 0.07790492957746478 0.07746478873239436 
0 0.37786091549295775 0.9424882629107981 0.11663732394366197 0.1068075117370892 
0 0.15294894366197184 0.30985915492957744 0.06470070422535211 0.07863849765258216 
0 0.5371919014084507 0.591255868544601 0.12984154929577466 0.22593896713615025 
0 0.3963468309859155 0.596244131455399 0.1324823943661972 0.20657276995305165 
0 0.0625 0.3075117370892019 0.06954225352112677 0.09154929577464789 
0 0.6307218309859155 0.38086854460093894 0.06426056338028169 0.08685446009389672 
0 0.47007042253521125 0.3855633802816901 0.06602112676056338 0.09389671361502347 
0 0.28389084507042256 0.3911384976525822 0.07570422535211267 0.09448356807511737 
0 0.6283010563380281 0.2811032863849765 0.06734154929577464 0.09507042253521127 
0 0.2852112676056338 0.29694835680751175 0.07042253521126761 0.09507042253521127 
0 0.8923855633802817 0.38879107981220656 0.09286971830985916 0.06396713615023474 
0 0.4720510563380282 0.289612676056338 0.0664612676056338 0.10152582159624413 
0 0.27420774647887325 0.6029929577464789 0.10387323943661972 0.17312206572769953 
0 0.7119278169014085 0.2790492957746479 0.07526408450704225 0.09565727699530517 
0 0.04951584507042254 0.6068075117370892 0.0840669014084507 0.18309859154929578 
0 0.5477552816901409 0.2831572769953052 0.06470070422535211 0.10504694835680752 
0 0.8466109154929577 0.6059272300469484 0.14744718309859156 0.1789906103286385 
0 0.1586707746478873 0.6065140845070423 0.11487676056338028 0.17781690140845072 
0 0.8921654929577465 0.31778169014084506 0.10651408450704225 0.07453051643192488 
0 0.15096830985915494 0.39231220657276994 0.061619718309859156 0.09213615023474178 
0 0.9639084507042254 0.5980046948356808 0.06866197183098592 0.18544600938967137 
0 0.13952464788732394 0.8705985915492958 0.11091549295774648 0.2153755868544601 
0 0.26100352112676056 0.869424882629108 0.09507042253521127 0.20598591549295775 
0 0.05985915492957746 0.4046361502347418 0.06602112676056338 0.09096244131455399 
0 0.21434859154929578 0.30721830985915494 0.058098591549295774 0.08626760563380281 
0 0.8569542253521126 0.886443661971831 0.1505281690140845 0.22711267605633803 
0 0.35629401408450706 0.3829225352112676 0.07350352112676056 0.10269953051643192 
0 0.5484154929577465 0.3826291079812207 0.061619718309859156 0.0880281690140845 
0 0.707306338028169 0.3755868544600939 0.07130281690140845 0.09389671361502347 
0 0.6919014084507042 0.5880281690140845 0.13556338028169015 0.19953051643192488 
0 0.5217869718309859 0.8849765258215962 0.144806338028169 0.2300469483568075 
0 0.04445422535211268 0.8676643192488263 0.07482394366197183 0.18016431924882628 
0 0.7882922535211268 0.39231220657276994 0.08098591549295775 0.06279342723004695 
0 0.21544894366197184 0.3996478873239437 0.06294014084507042 0.09272300469483569 
0 0.7889524647887324 0.3221830985915493 0.07790492957746478 0.07746478873239436 
0 0.37786091549295775 0.9424882629107981 0.11663732394366197 0.1068075117370892 
0 0.15294894366197184 0.30985915492957744 0.06470070422535211 0.07863849765258216 
0 0.5371919014084507 0.591255868544601 0.12984154929577466 0.22593896713615025 
0 0.3963468309859155 0.596244131455399 0.1324823943661972 0.20657276995305165 
0 0.0625 0.3075117370892019 0.06954225352112677 0.09154929577464789 
0 0.6307218309859155 0.38086854460093894 0.06426056338028169 0.08685446009389672 
0 0.47007042253521125 0.3855633802816901 0.06602112676056338 0.09389671361502347 
0 0.28389084507042256 0.3911384976525822 0.07570422535211267 0.09448356807511737 
0 0.6283010563380281 0.2811032863849765 0.06734154929577464 0.09507042253521127 
0 0.2852112676056338 0.29694835680751175 0.07042253521126761 0.09507042253521127 
0 0.8923855633802817 0.38879107981220656 0.09286971830985916 0.06396713615023474 
0 0.4720510563380282 0.289612676056338 0.0664612676056338 0.10152582159624413 
0 0.27420774647887325 0.6029929577464789 0.10387323943661972 0.17312206572769953 
0 0.7119278169014085 0.2790492957746479 0.07526408450704225 0.09565727699530517 
0 0.04951584507042254 0.6068075117370892 0.0840669014084507 0.18309859154929578 
0 0.5477552816901409 0.2831572769953052 0.06470070422535211 0.10504694835680752 
0 0.8466109154929577 0.6059272300469484 0.14744718309859156 0.1789906103286385 
0 0.1586707746478873 0.6065140845070423 0.11487676056338028 0.17781690140845072 
