0 0.8362676056338029 0.9386737089201878 0.07570422535211267 0.12030516431924883 
0 0.34264964788732394 0.9463028169014085 0.08758802816901408 0.10035211267605634 
0 0.9691901408450704 0.9416079812206573 0.058098591549295774 0.11443661971830986 
0 0.53125 0.9509976525821596 0.09154929577464789 0.09800469483568075 
0 0.90625 0.9401408450704225 0.06338028169014084 0.11384976525821597 
0 0.11619718309859155 0.9389671361502347 0.11179577464788733 0.11737089201877934 
0 0.6175176056338029 0.9509976525821596 0.07482394366197183 0.09800469483568075 
0 0.261443661971831 0.9454225352112676 0.08626760563380281 0.1068075117370892 
0 0.3628961267605634 0.07247652582159625 0.06910211267605634 0.11326291079812206 
0 0.029269366197183098 0.9342723004694836 0.05765845070422535 0.11971830985915492 
0 0.7603433098591549 0.9474765258215962 0.0664612676056338 0.10504694835680752 
0 0.12037852112676056 0.06455399061032864 0.08142605633802817 0.1056338028169014 
0 0.191681338028169 0.07746478873239436 0.0682218309859155 0.12323943661971831 
0 0.8835827464788732 0.7482394366197183 0.058538732394366196 0.16549295774647887 
0 0.9445422535211268 0.5120305164319249 0.11003521126760564 0.17312206572769953 
0 0.1274207746478873 0.7362089201877934 0.08230633802816902 0.13204225352112675 
0 0.04423415492957746 0.07306338028169014 0.06470070422535211 0.11443661971830986 
0 0.44058098591549294 0.9436619718309859 0.08538732394366197 0.10328638497652583 
0 0.0900088028169014 0.30428403755868544 0.09991197183098592 0.13908450704225353 
0 0.6910211267605634 0.9454225352112676 0.06866197183098592 0.1068075117370892 
0 0.2845510563380282 0.08303990610328639 0.07878521126760564 0.10387323943661972 
0 0.5400528169014085 0.2869718309859155 0.09419014084507042 0.14553990610328638 
0 0.9636883802816901 0.7344483568075117 0.07790492957746478 0.11443661971830986 
0 0.6287411971830986 0.7617370892018779 0.06205985915492958 0.15140845070422534 
0 0.8047975352112676 0.7511737089201878 0.06734154929577464 0.1619718309859155 
0 0.542693661971831 0.7552816901408451 0.05985915492957746 0.142018779342723 
0 0.1780369718309859 0.5214201877934272 0.1131161971830986 0.18016431924882628 
0 0.5215669014084507 0.5067488262910798 0.0801056338028169 0.1977699530516432 
0 0.6005721830985915 0.5140845070422535 0.08494718309859155 0.18309859154929578 
0 0.7112676056338029 0.7532276995305164 0.07130281690140845 0.1426056338028169 
0 0.07526408450704225 0.5261150234741784 0.09242957746478873 0.18720657276995306 
0 0.44784330985915494 0.07306338028169014 0.10431338028169014 0.12030516431924883 
0 0.24295774647887325 0.7541079812206573 0.13996478873239437 0.15845070422535212 
0 0.4546654929577465 0.7690727699530516 0.08450704225352113 0.10856807511737089 
0 0.31712147887323944 0.2904929577464789 0.1034330985915493 0.15258215962441316 
0 0.4359595070422535 0.5205399061032864 0.09463028169014084 0.18192488262910797 
0 0.4454225352112676 0.2720070422535211 0.0977112676056338 0.16607981220657278 
0 0.8362676056338029 0.9386737089201878 0.07570422535211267 0.12030516431924883 
0 0.34264964788732394 0.9463028169014085 0.08758802816901408 0.10035211267605634 
0 0.9691901408450704 0.9416079812206573 0.058098591549295774 0.11443661971830986 
0 0.53125 0.9509976525821596 0.09154929577464789 0.09800469483568075 
0 0.90625 0.9401408450704225 0.06338028169014084 0.11384976525821597 
0 0.11619718309859155 0.9389671361502347 0.11179577464788733 0.11737089201877934 
0 0.6175176056338029 0.9509976525821596 0.07482394366197183 0.09800469483568075 
0 0.261443661971831 0.9454225352112676 0.08626760563380281 0.1068075117370892 
0 0.3628961267605634 0.07247652582159625 0.06910211267605634 0.11326291079812206 
0 0.029269366197183098 0.9342723004694836 0.05765845070422535 0.11971830985915492 
0 0.7603433098591549 0.9474765258215962 0.0664612676056338 0.10504694835680752 
0 0.12037852112676056 0.06455399061032864 0.08142605633802817 0.1056338028169014 
0 0.191681338028169 0.07746478873239436 0.0682218309859155 0.12323943661971831 
0 0.8835827464788732 0.7482394366197183 0.058538732394366196 0.16549295774647887 
0 0.9445422535211268 0.5120305164319249 0.11003521126760564 0.17312206572769953 
0 0.1274207746478873 0.7362089201877934 0.08230633802816902 0.13204225352112675 
0 0.04423415492957746 0.07306338028169014 0.06470070422535211 0.11443661971830986 
0 0.44058098591549294 0.9436619718309859 0.08538732394366197 0.10328638497652583 
0 0.0900088028169014 0.30428403755868544 0.09991197183098592 0.13908450704225353 
0 0.6910211267605634 0.9454225352112676 0.06866197183098592 0.1068075117370892 
0 0.2845510563380282 0.08303990610328639 0.07878521126760564 0.10387323943661972 
0 0.5400528169014085 0.2869718309859155 0.09419014084507042 0.14553990610328638 
0 0.9636883802816901 0.7344483568075117 0.07790492957746478 0.11443661971830986 
0 0.6287411971830986 0.7617370892018779 0.06205985915492958 0.15140845070422534 
0 0.8047975352112676 0.7511737089201878 0.06734154929577464 0.1619718309859155 
0 0.542693661971831 0.7552816901408451 0.05985915492957746 0.142018779342723 
0 0.1780369718309859 0.5214201877934272 0.1131161971830986 0.18016431924882628 
0 0.5215669014084507 0.5067488262910798 0.0801056338028169 0.1977699530516432 
0 0.6005721830985915 0.5140845070422535 0.08494718309859155 0.18309859154929578 
0 0.7112676056338029 0.7532276995305164 0.07130281690140845 0.1426056338028169 
0 0.07526408450704225 0.5261150234741784 0.09242957746478873 0.18720657276995306 
0 0.44784330985915494 0.07306338028169014 0.10431338028169014 0.12030516431924883 
0 0.24295774647887325 0.7541079812206573 0.13996478873239437 0.15845070422535212 
0 0.4546654929577465 0.7690727699530516 0.08450704225352113 0.10856807511737089 
0 0.31712147887323944 0.2904929577464789 0.1034330985915493 0.15258215962441316 
0 0.4359595070422535 0.5205399061032864 0.09463028169014084 0.18192488262910797 
0 0.4454225352112676 0.2720070422535211 0.0977112676056338 0.16607981220657278 
0 0.8362676056338029 0.9386737089201878 0.07570422535211267 0.12030516431924883 
0 0.34264964788732394 0.9463028169014085 0.08758802816901408 0.10035211267605634 
0 0.9691901408450704 0.9416079812206573 0.058098591549295774 0.11443661971830986 
0 0.53125 0.9509976525821596 0.09154929577464789 0.09800469483568075 
0 0.90625 0.9401408450704225 0.06338028169014084 0.11384976525821597 
0 0.11619718309859155 0.9389671361502347 0.11179577464788733 0.11737089201877934 
0 0.6175176056338029 0.9509976525821596 0.07482394366197183 0.09800469483568075 
0 0.261443661971831 0.9454225352112676 0.08626760563380281 0.1068075117370892 
0 0.3628961267605634 0.07247652582159625 0.06910211267605634 0.11326291079812206 
0 0.029269366197183098 0.9342723004694836 0.05765845070422535 0.11971830985915492 
0 0.7603433098591549 0.9474765258215962 0.0664612676056338 0.10504694835680752 
0 0.12037852112676056 0.06455399061032864 0.08142605633802817 0.1056338028169014 
0 0.191681338028169 0.07746478873239436 0.0682218309859155 0.12323943661971831 
0 0.8835827464788732 0.7482394366197183 0.058538732394366196 0.16549295774647887 
0 0.9445422535211268 0.5120305164319249 0.11003521126760564 0.17312206572769953 
0 0.1274207746478873 0.7362089201877934 0.08230633802816902 0.13204225352112675 
0 0.04423415492957746 0.07306338028169014 0.06470070422535211 0.11443661971830986 
0 0.44058098591549294 0.9436619718309859 0.08538732394366197 0.10328638497652583 
0 0.0900088028169014 0.30428403755868544 0.09991197183098592 0.13908450704225353 
0 0.6910211267605634 0.9454225352112676 0.06866197183098592 0.1068075117370892 
0 0.2845510563380282 0.08303990610328639 0.07878521126760564 0.10387323943661972 
0 0.5400528169014085 0.2869718309859155 0.09419014084507042 0.14553990610328638 
0 0.9636883802816901 0.7344483568075117 0.07790492957746478 0.11443661971830986 
0 0.6287411971830986 0.7617370892018779 0.06205985915492958 0.15140845070422534 
0 0.8047975352112676 0.7511737089201878 0.06734154929577464 0.1619718309859155 
0 0.542693661971831 0.7552816901408451 0.05985915492957746 0.142018779342723 
0 0.1780369718309859 0.5214201877934272 0.1131161971830986 0.18016431924882628 
0 0.5215669014084507 0.5067488262910798 0.0801056338028169 0.1977699530516432 
0 0.6005721830985915 0.5140845070422535 0.08494718309859155 0.18309859154929578 
0 0.7112676056338029 0.7532276995305164 0.07130281690140845 0.1426056338028169 
0 0.07526408450704225 0.5261150234741784 0.09242957746478873 0.18720657276995306 
0 0.44784330985915494 0.07306338028169014 0.10431338028169014 0.12030516431924883 
0 0.24295774647887325 0.7541079812206573 0.13996478873239437 0.15845070422535212 
0 0.4546654929577465 0.7690727699530516 0.08450704225352113 0.10856807511737089 
0 0.31712147887323944 0.2904929577464789 0.1034330985915493 0.15258215962441316 
0 0.4359595070422535 0.5205399061032864 0.09463028169014084 0.18192488262910797 
0 0.4454225352112676 0.2720070422535211 0.0977112676056338 0.16607981220657278 
