0 0.8934859154929577 0.9187206572769953 0.19982394366197184 0.09565727699530517 
0 0.22931338028169015 0.6672535211267606 0.09507042253521127 0.12323943661971831 
0 0.04533450704225352 0.2711267605633803 0.08626760563380281 0.11737089201877934 
0 0.08560739436619719 0.48327464788732394 0.09110915492957747 0.13908450704225353 
0 0.9663292253521126 0.22124413145539906 0.06734154929577464 0.15845070422535212 
0 0.8743397887323944 0.8550469483568075 0.1500880281690141 0.025821596244131457 
0 0.23305457746478872 0.920481220657277 0.1624119718309859 0.02523474178403756 
0 0.9735915492957746 0.4369131455399061 0.05193661971830986 0.17312206572769953 
0 0.24691901408450703 0.26555164319248825 0.08362676056338028 0.11443661971830986 
0 0.19718309859154928 0.4847417840375587 0.07482394366197183 0.13028169014084506 
0 0.8998679577464789 0.443075117370892 0.10255281690140845 0.15258215962441316 
0 0.048195422535211266 0.6951291079812206 0.07350352112676056 0.07922535211267606 
0 0.6538292253521126 0.9413145539906104 0.27508802816901406 0.08215962441314555 
0 0.6494278169014085 0.8814553990610329 0.269806338028169 0.05868544600938967 
0 0.23899647887323944 0.892018779342723 0.15933098591549297 0.029342723004694836 
0 0.2167693661971831 0.965962441314554 0.17825704225352113 0.0528169014084507 
0 0.2640845070422535 0.858274647887324 0.12411971830985916 0.041666666666666664 
0 0.6327024647887324 0.6681338028169014 0.10167253521126761 0.15082159624413147 
0 0.13006161971830985 0.6669600938967136 0.08142605633802817 0.13673708920187794 
0 0.3857834507042254 0.45422535211267606 0.09198943661971831 0.1572769953051643 
0 0.5840669014084507 0.4809272300469484 0.11355633802816902 0.12852112676056338 
0 0.6980633802816901 0.4680164319248826 0.10123239436619719 0.14612676056338028 
0 0.6415052816901409 0.8210093896713615 0.2522007042253521 0.05985915492957746 
0 0.7964348591549296 0.4480633802816901 0.09815140845070422 0.15082159624413147 
0 0.2876320422535211 0.4738849765258216 0.09198943661971831 0.159037558685446 
0 0.745818661971831 0.6607981220657277 0.1131161971830986 0.14553990610328638 
0 0.4548855633802817 0.2335680751173709 0.10079225352112677 0.15140845070422534 
0 0.48481514084507044 0.44747652582159625 0.08318661971830986 0.1613849765258216 
0 0.14898767605633803 0.2535211267605634 0.09198943661971831 0.1467136150234742 
0 0.8827024647887324 0.2062793427230047 0.09903169014084508 0.19190140845070422 
0 0.3452904929577465 0.22652582159624413 0.09375 0.16549295774647887 
0 0.7832306338028169 0.22564553990610328 0.1113556338028169 0.15551643192488263 
0 0.5702024647887324 0.2197769953051643 0.10783450704225352 0.19072769953051644 
0 0.33340669014084506 0.6651995305164319 0.09639084507042253 0.1426056338028169 
0 0.8934859154929577 0.9187206572769953 0.19982394366197184 0.09565727699530517 
0 0.22931338028169015 0.6672535211267606 0.09507042253521127 0.12323943661971831 
0 0.04533450704225352 0.2711267605633803 0.08626760563380281 0.11737089201877934 
0 0.08560739436619719 0.48327464788732394 0.09110915492957747 0.13908450704225353 
0 0.9663292253521126 0.22124413145539906 0.06734154929577464 0.15845070422535212 
0 0.8743397887323944 0.8550469483568075 0.1500880281690141 0.025821596244131457 
0 0.23305457746478872 0.920481220657277 0.1624119718309859 0.02523474178403756 
0 0.9735915492957746 0.4369131455399061 0.05193661971830986 0.17312206572769953 
0 0.24691901408450703 0.26555164319248825 0.08362676056338028 0.11443661971830986 
0 0.19718309859154928 0.4847417840375587 0.07482394366197183 0.13028169014084506 
0 0.8998679577464789 0.443075117370892 0.10255281690140845 0.15258215962441316 
0 0.048195422535211266 0.6951291079812206 0.07350352112676056 0.07922535211267606 
0 0.6538292253521126 0.9413145539906104 0.27508802816901406 0.08215962441314555 
0 0.6494278169014085 0.8814553990610329 0.269806338028169 0.05868544600938967 
0 0.23899647887323944 0.892018779342723 0.15933098591549297 0.029342723004694836 
0 0.2167693661971831 0.965962441314554 0.17825704225352113 0.0528169014084507 
0 0.2640845070422535 0.858274647887324 0.12411971830985916 0.041666666666666664 
0 0.6327024647887324 0.6681338028169014 0.10167253521126761 0.15082159624413147 
0 0.13006161971830985 0.6669600938967136 0.08142605633802817 0.13673708920187794 
0 0.3857834507042254 0.45422535211267606 0.09198943661971831 0.1572769953051643 
0 0.5840669014084507 0.4809272300469484 0.11355633802816902 0.12852112676056338 
0 0.6980633802816901 0.4680164319248826 0.10123239436619719 0.14612676056338028 
0 0.6415052816901409 0.8210093896713615 0.2522007042253521 0.05985915492957746 
0 0.7964348591549296 0.4480633802816901 0.09815140845070422 0.15082159624413147 
0 0.2876320422535211 0.4738849765258216 0.09198943661971831 0.159037558685446 
0 0.745818661971831 0.6607981220657277 0.1131161971830986 0.14553990610328638 
0 0.4548855633802817 0.2335680751173709 0.10079225352112677 0.15140845070422534 
0 0.48481514084507044 0.44747652582159625 0.08318661971830986 0.1613849765258216 
0 0.14898767605633803 0.2535211267605634 0.09198943661971831 0.1467136150234742 
0 0.8827024647887324 0.2062793427230047 0.09903169014084508 0.19190140845070422 
0 0.3452904929577465 0.22652582159624413 0.09375 0.16549295774647887 
0 0.7832306338028169 0.22564553990610328 0.1113556338028169 0.15551643192488263 
0 0.5702024647887324 0.2197769953051643 0.10783450704225352 0.19072769953051644 
0 0.33340669014084506 0.6651995305164319 0.09639084507042253 0.1426056338028169 
0 0.8934859154929577 0.9187206572769953 0.19982394366197184 0.09565727699530517 
0 0.22931338028169015 0.6672535211267606 0.09507042253521127 0.12323943661971831 
0 0.04533450704225352 0.2711267605633803 0.08626760563380281 0.11737089201877934 
0 0.08560739436619719 0.48327464788732394 0.09110915492957747 0.13908450704225353 
0 0.9663292253521126 0.22124413145539906 0.06734154929577464 0.15845070422535212 
0 0.8743397887323944 0.8550469483568075 0.1500880281690141 0.025821596244131457 
0 0.23305457746478872 0.920481220657277 0.1624119718309859 0.02523474178403756 
0 0.9735915492957746 0.4369131455399061 0.05193661971830986 0.17312206572769953 
0 0.24691901408450703 0.26555164319248825 0.08362676056338028 0.11443661971830986 
0 0.19718309859154928 0.4847417840375587 0.07482394366197183 0.13028169014084506 
0 0.8998679577464789 0.443075117370892 0.10255281690140845 0.15258215962441316 
0 0.048195422535211266 0.6951291079812206 0.07350352112676056 0.07922535211267606 
0 0.6538292253521126 0.9413145539906104 0.27508802816901406 0.08215962441314555 
0 0.6494278169014085 0.8814553990610329 0.269806338028169 0.05868544600938967 
0 0.23899647887323944 0.892018779342723 0.15933098591549297 0.029342723004694836 
0 0.2167693661971831 0.965962441314554 0.17825704225352113 0.0528169014084507 
0 0.2640845070422535 0.858274647887324 0.12411971830985916 0.041666666666666664 
0 0.6327024647887324 0.6681338028169014 0.10167253521126761 0.15082159624413147 
0 0.13006161971830985 0.6669600938967136 0.08142605633802817 0.13673708920187794 
0 0.3857834507042254 0.45422535211267606 0.09198943661971831 0.1572769953051643 
0 0.5840669014084507 0.4809272300469484 0.11355633802816902 0.12852112676056338 
0 0.6980633802816901 0.4680164319248826 0.10123239436619719 0.14612676056338028 
0 0.6415052816901409 0.8210093896713615 0.2522007042253521 0.05985915492957746 
0 0.7964348591549296 0.4480633802816901 0.09815140845070422 0.15082159624413147 
0 0.2876320422535211 0.4738849765258216 0.09198943661971831 0.159037558685446 
0 0.745818661971831 0.6607981220657277 0.1131161971830986 0.14553990610328638 
0 0.4548855633802817 0.2335680751173709 0.10079225352112677 0.15140845070422534 
0 0.48481514084507044 0.44747652582159625 0.08318661971830986 0.1613849765258216 
0 0.14898767605633803 0.2535211267605634 0.09198943661971831 0.1467136150234742 
0 0.8827024647887324 0.2062793427230047 0.09903169014084508 0.19190140845070422 
0 0.3452904929577465 0.22652582159624413 0.09375 0.16549295774647887 
0 0.7832306338028169 0.22564553990610328 0.1113556338028169 0.15551643192488263 
0 0.5702024647887324 0.2197769953051643 0.10783450704225352 0.19072769953051644 
0 0.33340669014084506 0.6651995305164319 0.09639084507042253 0.1426056338028169 
