0 0.6934419014084507 0.0892018779342723 0.09903169014084508 0.1643192488262911 
0 0.8331866197183099 0.48826291079812206 0.09683098591549295 0.09976525821596244 
0 0.7337147887323944 0.5038145539906104 0.09595070422535211 0.1273474178403756 
0 0.03895246478873239 0.323943661971831 0.0682218309859155 0.14084507042253522 
0 0.31294014084507044 0.318075117370892 0.07922535211267606 0.15258215962441316 
0 0.8730193661971831 0.07922535211267606 0.1034330985915493 0.15258215962441316 
0 0.9636883802816901 0.0880281690140845 0.07174295774647887 0.17018779342723006 
0 0.27596830985915494 0.09653755868544601 0.11091549295774648 0.16725352112676056 
0 0.7546214788732394 0.647593896713615 0.21346830985915494 0.03931924882629108 
0 0.06205985915492958 0.08215962441314555 0.11883802816901408 0.1467136150234742 
0 0.36399647887323944 0.7723004694835681 0.15845070422535212 0.02464788732394366 
0 0.3648767605633803 0.7414906103286385 0.16285211267605634 0.027582159624413145 
0 0.3692781690140845 0.7068661971830986 0.15845070422535212 0.03227699530516432 
0 0.7689260563380281 0.7435446009389671 0.22007042253521128 0.07629107981220658 
0 0.7660651408450704 0.6910211267605634 0.20818661971830985 0.03814553990610329 
0 0.7607834507042254 0.8163145539906104 0.25132042253521125 0.051643192488262914 
0 0.16703345070422534 0.09301643192488263 0.09375 0.15669014084507044 
0 0.3571742957746479 0.8227699530516432 0.17649647887323944 0.06807511737089202 
0 0.06734154929577464 0.539906103286385 0.07922535211267606 0.12323943661971831 
0 0.5939700704225352 0.0982981220657277 0.10871478873239436 0.1437793427230047 
0 0.9421214788732394 0.7247652582159625 0.10783450704225352 0.15845070422535212 
0 0.44850352112676056 0.5269953051643192 0.11179577464788733 0.15492957746478872 
0 0.4168133802816901 0.3160211267605634 0.1153169014084507 0.18368544600938966 
0 0.7893926056338029 0.2966549295774648 0.09022887323943662 0.19307511737089203 
0 0.9623679577464789 0.289906103286385 0.07526408450704225 0.16784037558685447 
0 0.484375 0.08626760563380281 0.09375 0.15023474178403756 
0 0.8785211267605634 0.29958920187793425 0.08362676056338028 0.1637323943661972 
0 0.6925616197183099 0.2943075117370892 0.10079225352112677 0.1742957746478873 
0 0.6001320422535211 0.30076291079812206 0.09639084507042253 0.20481220657276994 
0 0.5138644366197183 0.29694835680751175 0.09991197183098592 0.15375586854460094 
0 0.12037852112676056 0.3268779342723005 0.1034330985915493 0.17018779342723006 
0 0.1423855633802817 0.5440140845070423 0.08318661971830986 0.11150234741784038 
0 0.33758802816901406 0.516725352112676 0.08714788732394366 0.11678403755868545 
0 0.383362676056338 0.11942488262910798 0.08098591549295775 0.1073943661971831 
0 0.2420774647887324 0.5357981220657277 0.09330985915492958 0.12206572769953052 
0 0.22711267605633803 0.31954225352112675 0.1073943661971831 0.16490610328638497 
0 0.6934419014084507 0.0892018779342723 0.09903169014084508 0.1643192488262911 
0 0.8331866197183099 0.48826291079812206 0.09683098591549295 0.09976525821596244 
0 0.7337147887323944 0.5038145539906104 0.09595070422535211 0.1273474178403756 
0 0.03895246478873239 0.323943661971831 0.0682218309859155 0.14084507042253522 
0 0.31294014084507044 0.318075117370892 0.07922535211267606 0.15258215962441316 
0 0.8730193661971831 0.07922535211267606 0.1034330985915493 0.15258215962441316 
0 0.9636883802816901 0.0880281690140845 0.07174295774647887 0.17018779342723006 
0 0.27596830985915494 0.09653755868544601 0.11091549295774648 0.16725352112676056 
0 0.7546214788732394 0.647593896713615 0.21346830985915494 0.03931924882629108 
0 0.06205985915492958 0.08215962441314555 0.11883802816901408 0.1467136150234742 
0 0.36399647887323944 0.7723004694835681 0.15845070422535212 0.02464788732394366 
0 0.3648767605633803 0.7414906103286385 0.16285211267605634 0.027582159624413145 
0 0.3692781690140845 0.7068661971830986 0.15845070422535212 0.03227699530516432 
0 0.7689260563380281 0.7435446009389671 0.22007042253521128 0.07629107981220658 
0 0.7660651408450704 0.6910211267605634 0.20818661971830985 0.03814553990610329 
0 0.7607834507042254 0.8163145539906104 0.25132042253521125 0.051643192488262914 
0 0.16703345070422534 0.09301643192488263 0.09375 0.15669014084507044 
0 0.3571742957746479 0.8227699530516432 0.17649647887323944 0.06807511737089202 
0 0.06734154929577464 0.539906103286385 0.07922535211267606 0.12323943661971831 
0 0.5939700704225352 0.0982981220657277 0.10871478873239436 0.1437793427230047 
0 0.9421214788732394 0.7247652582159625 0.10783450704225352 0.15845070422535212 
0 0.44850352112676056 0.5269953051643192 0.11179577464788733 0.15492957746478872 
0 0.4168133802816901 0.3160211267605634 0.1153169014084507 0.18368544600938966 
0 0.7893926056338029 0.2966549295774648 0.09022887323943662 0.19307511737089203 
0 0.9623679577464789 0.289906103286385 0.07526408450704225 0.16784037558685447 
0 0.484375 0.08626760563380281 0.09375 0.15023474178403756 
0 0.8785211267605634 0.29958920187793425 0.08362676056338028 0.1637323943661972 
0 0.6925616197183099 0.2943075117370892 0.10079225352112677 0.1742957746478873 
0 0.6001320422535211 0.30076291079812206 0.09639084507042253 0.20481220657276994 
0 0.5138644366197183 0.29694835680751175 0.09991197183098592 0.15375586854460094 
0 0.12037852112676056 0.3268779342723005 0.1034330985915493 0.17018779342723006 
0 0.1423855633802817 0.5440140845070423 0.08318661971830986 0.11150234741784038 
0 0.33758802816901406 0.516725352112676 0.08714788732394366 0.11678403755868545 
0 0.383362676056338 0.11942488262910798 0.08098591549295775 0.1073943661971831 
0 0.2420774647887324 0.5357981220657277 0.09330985915492958 0.12206572769953052 
0 0.22711267605633803 0.31954225352112675 0.1073943661971831 0.16490610328638497 
0 0.6934419014084507 0.0892018779342723 0.09903169014084508 0.1643192488262911 
0 0.8331866197183099 0.48826291079812206 0.09683098591549295 0.09976525821596244 
0 0.7337147887323944 0.5038145539906104 0.09595070422535211 0.1273474178403756 
0 0.03895246478873239 0.323943661971831 0.0682218309859155 0.14084507042253522 
0 0.31294014084507044 0.318075117370892 0.07922535211267606 0.15258215962441316 
0 0.8730193661971831 0.07922535211267606 0.1034330985915493 0.15258215962441316 
0 0.9636883802816901 0.0880281690140845 0.07174295774647887 0.17018779342723006 
0 0.27596830985915494 0.09653755868544601 0.11091549295774648 0.16725352112676056 
0 0.7546214788732394 0.647593896713615 0.21346830985915494 0.03931924882629108 
0 0.06205985915492958 0.08215962441314555 0.11883802816901408 0.1467136150234742 
0 0.36399647887323944 0.7723004694835681 0.15845070422535212 0.02464788732394366 
0 0.3648767605633803 0.7414906103286385 0.16285211267605634 0.027582159624413145 
0 0.3692781690140845 0.7068661971830986 0.15845070422535212 0.03227699530516432 
0 0.7689260563380281 0.7435446009389671 0.22007042253521128 0.07629107981220658 
0 0.7660651408450704 0.6910211267605634 0.20818661971830985 0.03814553990610329 
0 0.7607834507042254 0.8163145539906104 0.25132042253521125 0.051643192488262914 
0 0.16703345070422534 0.09301643192488263 0.09375 0.15669014084507044 
0 0.3571742957746479 0.8227699530516432 0.17649647887323944 0.06807511737089202 
0 0.06734154929577464 0.539906103286385 0.07922535211267606 0.12323943661971831 
0 0.5939700704225352 0.0982981220657277 0.10871478873239436 0.1437793427230047 
0 0.9421214788732394 0.7247652582159625 0.10783450704225352 0.15845070422535212 
0 0.44850352112676056 0.5269953051643192 0.11179577464788733 0.15492957746478872 
0 0.4168133802816901 0.3160211267605634 0.1153169014084507 0.18368544600938966 
0 0.7893926056338029 0.2966549295774648 0.09022887323943662 0.19307511737089203 
0 0.9623679577464789 0.289906103286385 0.07526408450704225 0.16784037558685447 
0 0.484375 0.08626760563380281 0.09375 0.15023474178403756 
0 0.8785211267605634 0.29958920187793425 0.08362676056338028 0.1637323943661972 
0 0.6925616197183099 0.2943075117370892 0.10079225352112677 0.1742957746478873 
0 0.6001320422535211 0.30076291079812206 0.09639084507042253 0.20481220657276994 
0 0.5138644366197183 0.29694835680751175 0.09991197183098592 0.15375586854460094 
0 0.12037852112676056 0.3268779342723005 0.1034330985915493 0.17018779342723006 
0 0.1423855633802817 0.5440140845070423 0.08318661971830986 0.11150234741784038 
0 0.33758802816901406 0.516725352112676 0.08714788732394366 0.11678403755868545 
0 0.383362676056338 0.11942488262910798 0.08098591549295775 0.1073943661971831 
0 0.2420774647887324 0.5357981220657277 0.09330985915492958 0.12206572769953052 
0 0.22711267605633803 0.31954225352112675 0.1073943661971831 0.16490610328638497 
