0 0.18727992957746478 0.8034037558685446 0.10607394366197183 0.17136150234741784 
0 0.6564700704225352 0.823650234741784 0.09198943661971831 0.15669014084507044 
0 0.28499119718309857 0.8092723004694836 0.10607394366197183 0.17136150234741784 
0 0.47249119718309857 0.8356807511737089 0.09198943661971831 0.15023474178403756 
0 0.9643485915492958 0.18544600938967137 0.043133802816901406 0.06807511737089202 
0 0.5693221830985915 0.818368544600939 0.09903169014084508 0.1238262910798122 
0 0.8945862676056338 0.10416666666666667 0.05149647887323944 0.08626760563380281 
0 0.2654049295774648 0.21273474178403756 0.06954225352112677 0.04518779342723005 
0 0.05193661971830986 0.14289906103286384 0.07042253521126761 0.05457746478873239 
0 0.7522007042253521 0.8057511737089202 0.10035211267605634 0.14553990610328638 
0 0.18243838028169015 0.19865023474178403 0.0761443661971831 0.06044600938967136 
0 0.24405809859154928 0.340962441314554 0.09991197183098592 0.14553990610328638 
0 0.2634242957746479 0.1414319248826291 0.08142605633802817 0.057511737089201875 
0 0.4267165492957746 0.07775821596244131 0.0761443661971831 0.04401408450704225 
0 0.519806338028169 0.13849765258215962 0.07042253521126761 0.045774647887323945 
0 0.8474911971830986 0.18544600938967137 0.05501760563380282 0.09507042253521127 
0 0.9058098591549296 0.1795774647887324 0.04841549295774648 0.08333333333333333 
0 0.9669894366197183 0.09154929577464789 0.04929577464788732 0.06924882629107981 
0 0.0565580985915493 0.35357981220657275 0.09022887323943662 0.10856807511737089 
0 0.7420774647887324 0.5897887323943662 0.0880281690140845 0.176056338028169 
0 0.347931338028169 0.5924295774647887 0.09022887323943662 0.18485915492957747 
0 0.055897887323943664 0.5894953051643192 0.09595070422535211 0.17312206572769953 
0 0.6654929577464789 0.10211267605633803 0.0721830985915493 0.07629107981220658 
0 0.07724471830985916 0.8098591549295775 0.11223591549295775 0.15845070422535212 
0 0.7548415492957746 0.10064553990610328 0.05897887323943662 0.07805164319248827 
0 0.926056338028169 0.5842136150234741 0.10475352112676056 0.14847417840375587 
0 0.754181338028169 0.18163145539906103 0.06734154929577464 0.06396713615023474 
0 0.05435739436619718 0.20803990610328638 0.06998239436619719 0.05457746478873239 
0 0.6681338028169014 0.34800469483568075 0.09507042253521127 0.1807511737089202 
0 0.15779049295774647 0.3664906103286385 0.08494718309859155 0.11208920187793427 
0 0.7742077464788732 0.3515258215962441 0.10299295774647887 0.19131455399061034 
0 0.8595950704225352 0.35475352112676056 0.0994718309859155 0.1789906103286385 
0 0.566681338028169 0.3453638497652582 0.11047535211267606 0.16607981220657278 
0 0.461487676056338 0.3529929577464789 0.10519366197183098 0.14730046948356806 
0 0.9383802816901409 0.8001760563380281 0.11091549295774648 0.15082159624413147 
0 0.6494278169014085 0.5933098591549296 0.11047535211267606 0.16901408450704225 
0 0.37588028169014087 0.8072183098591549 0.07834507042253522 0.13086854460093897 
0 0.9491637323943662 0.3617957746478873 0.10167253521126761 0.18838028169014084 
0 0.5528169014084507 0.5991784037558685 0.11443661971830986 0.1983568075117371 
0 0.4326584507042254 0.2068661971830986 0.07130281690140845 0.052230046948356805 
0 0.6712147887323944 0.18309859154929578 0.07570422535211267 0.06690140845070422 
0 0.4326584507042254 0.1414319248826291 0.06426056338028169 0.06455399061032864 
0 0.5116637323943662 0.2007042253521127 0.06294014084507042 0.062206572769953054 
0 0.5941901408450704 0.18339201877934272 0.061619718309859156 0.0710093896713615 
0 0.2605633802816901 0.5880281690140845 0.0977112676056338 0.176056338028169 
0 0.17781690140845072 0.14231220657276994 0.06690140845070422 0.06631455399061033 
0 0.15316901408450703 0.5704225352112676 0.10387323943661972 0.18192488262910797 
0 0.45004401408450706 0.6211854460093896 0.07790492957746478 0.12852112676056338 
0 0.8444102112676056 0.806924882629108 0.07878521126760564 0.1467136150234742 
0 0.18727992957746478 0.8034037558685446 0.10607394366197183 0.17136150234741784 
0 0.6564700704225352 0.823650234741784 0.09198943661971831 0.15669014084507044 
0 0.28499119718309857 0.8092723004694836 0.10607394366197183 0.17136150234741784 
0 0.47249119718309857 0.8356807511737089 0.09198943661971831 0.15023474178403756 
0 0.9643485915492958 0.18544600938967137 0.043133802816901406 0.06807511737089202 
0 0.5693221830985915 0.818368544600939 0.09903169014084508 0.1238262910798122 
0 0.8945862676056338 0.10416666666666667 0.05149647887323944 0.08626760563380281 
0 0.2654049295774648 0.21273474178403756 0.06954225352112677 0.04518779342723005 
0 0.05193661971830986 0.14289906103286384 0.07042253521126761 0.05457746478873239 
0 0.7522007042253521 0.8057511737089202 0.10035211267605634 0.14553990610328638 
0 0.18243838028169015 0.19865023474178403 0.0761443661971831 0.06044600938967136 
0 0.24405809859154928 0.340962441314554 0.09991197183098592 0.14553990610328638 
0 0.2634242957746479 0.1414319248826291 0.08142605633802817 0.057511737089201875 
0 0.4267165492957746 0.07775821596244131 0.0761443661971831 0.04401408450704225 
0 0.519806338028169 0.13849765258215962 0.07042253521126761 0.045774647887323945 
0 0.8474911971830986 0.18544600938967137 0.05501760563380282 0.09507042253521127 
0 0.9058098591549296 0.1795774647887324 0.04841549295774648 0.08333333333333333 
0 0.9669894366197183 0.09154929577464789 0.04929577464788732 0.06924882629107981 
0 0.0565580985915493 0.35357981220657275 0.09022887323943662 0.10856807511737089 
0 0.7420774647887324 0.5897887323943662 0.0880281690140845 0.176056338028169 
0 0.347931338028169 0.5924295774647887 0.09022887323943662 0.18485915492957747 
0 0.055897887323943664 0.5894953051643192 0.09595070422535211 0.17312206572769953 
0 0.6654929577464789 0.10211267605633803 0.0721830985915493 0.07629107981220658 
0 0.07724471830985916 0.8098591549295775 0.11223591549295775 0.15845070422535212 
0 0.7548415492957746 0.10064553990610328 0.05897887323943662 0.07805164319248827 
0 0.926056338028169 0.5842136150234741 0.10475352112676056 0.14847417840375587 
0 0.754181338028169 0.18163145539906103 0.06734154929577464 0.06396713615023474 
0 0.05435739436619718 0.20803990610328638 0.06998239436619719 0.05457746478873239 
0 0.6681338028169014 0.34800469483568075 0.09507042253521127 0.1807511737089202 
0 0.15779049295774647 0.3664906103286385 0.08494718309859155 0.11208920187793427 
0 0.7742077464788732 0.3515258215962441 0.10299295774647887 0.19131455399061034 
0 0.8595950704225352 0.35475352112676056 0.0994718309859155 0.1789906103286385 
0 0.566681338028169 0.3453638497652582 0.11047535211267606 0.16607981220657278 
0 0.461487676056338 0.3529929577464789 0.10519366197183098 0.14730046948356806 
0 0.9383802816901409 0.8001760563380281 0.11091549295774648 0.15082159624413147 
0 0.6494278169014085 0.5933098591549296 0.11047535211267606 0.16901408450704225 
0 0.37588028169014087 0.8072183098591549 0.07834507042253522 0.13086854460093897 
0 0.9491637323943662 0.3617957746478873 0.10167253521126761 0.18838028169014084 
0 0.5528169014084507 0.5991784037558685 0.11443661971830986 0.1983568075117371 
0 0.4326584507042254 0.2068661971830986 0.07130281690140845 0.052230046948356805 
0 0.6712147887323944 0.18309859154929578 0.07570422535211267 0.06690140845070422 
0 0.4326584507042254 0.1414319248826291 0.06426056338028169 0.06455399061032864 
0 0.5116637323943662 0.2007042253521127 0.06294014084507042 0.062206572769953054 
0 0.5941901408450704 0.18339201877934272 0.061619718309859156 0.0710093896713615 
0 0.2605633802816901 0.5880281690140845 0.0977112676056338 0.176056338028169 
0 0.17781690140845072 0.14231220657276994 0.06690140845070422 0.06631455399061033 
0 0.15316901408450703 0.5704225352112676 0.10387323943661972 0.18192488262910797 
0 0.45004401408450706 0.6211854460093896 0.07790492957746478 0.12852112676056338 
0 0.8444102112676056 0.806924882629108 0.07878521126760564 0.1467136150234742 
0 0.18727992957746478 0.8034037558685446 0.10607394366197183 0.17136150234741784 
0 0.6564700704225352 0.823650234741784 0.09198943661971831 0.15669014084507044 
0 0.28499119718309857 0.8092723004694836 0.10607394366197183 0.17136150234741784 
0 0.47249119718309857 0.8356807511737089 0.09198943661971831 0.15023474178403756 
0 0.9643485915492958 0.18544600938967137 0.043133802816901406 0.06807511737089202 
0 0.5693221830985915 0.818368544600939 0.09903169014084508 0.1238262910798122 
0 0.8945862676056338 0.10416666666666667 0.05149647887323944 0.08626760563380281 
0 0.2654049295774648 0.21273474178403756 0.06954225352112677 0.04518779342723005 
0 0.05193661971830986 0.14289906103286384 0.07042253521126761 0.05457746478873239 
0 0.7522007042253521 0.8057511737089202 0.10035211267605634 0.14553990610328638 
0 0.18243838028169015 0.19865023474178403 0.0761443661971831 0.06044600938967136 
0 0.24405809859154928 0.340962441314554 0.09991197183098592 0.14553990610328638 
0 0.2634242957746479 0.1414319248826291 0.08142605633802817 0.057511737089201875 
0 0.4267165492957746 0.07775821596244131 0.0761443661971831 0.04401408450704225 
0 0.519806338028169 0.13849765258215962 0.07042253521126761 0.045774647887323945 
0 0.8474911971830986 0.18544600938967137 0.05501760563380282 0.09507042253521127 
0 0.9058098591549296 0.1795774647887324 0.04841549295774648 0.08333333333333333 
0 0.9669894366197183 0.09154929577464789 0.04929577464788732 0.06924882629107981 
0 0.0565580985915493 0.35357981220657275 0.09022887323943662 0.10856807511737089 
0 0.7420774647887324 0.5897887323943662 0.0880281690140845 0.176056338028169 
0 0.347931338028169 0.5924295774647887 0.09022887323943662 0.18485915492957747 
0 0.055897887323943664 0.5894953051643192 0.09595070422535211 0.17312206572769953 
0 0.6654929577464789 0.10211267605633803 0.0721830985915493 0.07629107981220658 
0 0.07724471830985916 0.8098591549295775 0.11223591549295775 0.15845070422535212 
0 0.7548415492957746 0.10064553990610328 0.05897887323943662 0.07805164319248827 
0 0.926056338028169 0.5842136150234741 0.10475352112676056 0.14847417840375587 
0 0.754181338028169 0.18163145539906103 0.06734154929577464 0.06396713615023474 
0 0.05435739436619718 0.20803990610328638 0.06998239436619719 0.05457746478873239 
0 0.6681338028169014 0.34800469483568075 0.09507042253521127 0.1807511737089202 
0 0.15779049295774647 0.3664906103286385 0.08494718309859155 0.11208920187793427 
0 0.7742077464788732 0.3515258215962441 0.10299295774647887 0.19131455399061034 
0 0.8595950704225352 0.35475352112676056 0.0994718309859155 0.1789906103286385 
0 0.566681338028169 0.3453638497652582 0.11047535211267606 0.16607981220657278 
0 0.461487676056338 0.3529929577464789 0.10519366197183098 0.14730046948356806 
0 0.9383802816901409 0.8001760563380281 0.11091549295774648 0.15082159624413147 
0 0.6494278169014085 0.5933098591549296 0.11047535211267606 0.16901408450704225 
0 0.37588028169014087 0.8072183098591549 0.07834507042253522 0.13086854460093897 
0 0.9491637323943662 0.3617957746478873 0.10167253521126761 0.18838028169014084 
0 0.5528169014084507 0.5991784037558685 0.11443661971830986 0.1983568075117371 
0 0.4326584507042254 0.2068661971830986 0.07130281690140845 0.052230046948356805 
0 0.6712147887323944 0.18309859154929578 0.07570422535211267 0.06690140845070422 
0 0.4326584507042254 0.1414319248826291 0.06426056338028169 0.06455399061032864 
0 0.5116637323943662 0.2007042253521127 0.06294014084507042 0.062206572769953054 
0 0.5941901408450704 0.18339201877934272 0.061619718309859156 0.0710093896713615 
0 0.2605633802816901 0.5880281690140845 0.0977112676056338 0.176056338028169 
0 0.17781690140845072 0.14231220657276994 0.06690140845070422 0.06631455399061033 
0 0.15316901408450703 0.5704225352112676 0.10387323943661972 0.18192488262910797 
0 0.45004401408450706 0.6211854460093896 0.07790492957746478 0.12852112676056338 
0 0.8444102112676056 0.806924882629108 0.07878521126760564 0.1467136150234742 
