0 0.02244718309859155 0.20305164319248825 0.03961267605633803 0.05985915492957746 
0 0.07724471830985916 0.8858568075117371 0.09286971830985916 0.17077464788732394 
0 0.46610915492957744 0.9055164319248826 0.09419014084507042 0.16666666666666666 
0 0.3670774647887324 0.8964201877934272 0.08714788732394366 0.15551643192488263 
0 0.27090669014084506 0.9008215962441315 0.09463028169014084 0.16666666666666666 
0 0.23899647887323944 0.19131455399061034 0.06602112676056338 0.05868544600938967 
0 0.8111795774647887 0.4137323943661972 0.11443661971830986 0.17253521126760563 
0 0.0838468309859155 0.20422535211267606 0.05765845070422535 0.05516431924882629 
0 0.3246038732394366 0.26291079812206575 0.0840669014084507 0.06690140845070422 
0 0.023987676056338027 0.26467136150234744 0.04533450704225352 0.05985915492957746 
0 0.17451584507042253 0.8993544600938967 0.08494718309859155 0.15199530516431925 
0 0.08736795774647887 0.14730046948356806 0.05941901408450704 0.0539906103286385 
0 0.5699823943661971 0.9151995305164319 0.1073943661971831 0.16960093896713616 
0 0.4878961267605634 0.12529342723004694 0.08582746478873239 0.06866197183098592 
0 0.9799735915492958 0.1340962441314554 0.04005281690140845 0.04870892018779343 
0 0.9768926056338029 0.1965962441314554 0.03829225352112676 0.06455399061032864 
0 0.9746919014084507 0.2640845070422535 0.03829225352112676 0.046948356807511735 
0 0.894806338028169 0.2705399061032864 0.04841549295774648 0.05985915492957746 
0 0.36619718309859156 0.4838615023474178 0.08714788732394366 0.08509389671361503 
0 0.05215669014084507 0.4216549295774648 0.09463028169014084 0.16607981220657278 
0 0.784330985915493 0.9125586854460094 0.08714788732394366 0.17018779342723006 
0 0.875 0.9096244131455399 0.08362676056338028 0.15845070422535212 
0 0.96875 0.9151995305164319 0.0528169014084507 0.16960093896713616 
0 0.6756161971830986 0.6731220657276995 0.11707746478873239 0.18779342723004694 
0 0.9619278169014085 0.6848591549295775 0.07174295774647887 0.1467136150234742 
0 0.39920774647887325 0.1317488262910798 0.08274647887323944 0.05575117370892019 
0 0.24779929577464788 0.2623239436619718 0.061619718309859156 0.062206572769953054 
0 0.15889084507042253 0.19865023474178403 0.06338028169014084 0.06631455399061033 
0 0.7764084507042254 0.6698943661971831 0.09419014084507042 0.18603286384976525 
0 0.4597271126760563 0.6719483568075117 0.09991197183098592 0.19014084507042253 
0 0.2557218309859155 0.6728286384976526 0.0897887323943662 0.13556338028169015 
0 0.6960827464788732 0.41725352112676056 0.11575704225352113 0.18309859154929578 
0 0.15404929577464788 0.6525821596244131 0.10211267605633803 0.19718309859154928 
0 0.1661531690140845 0.4301643192488263 0.09991197183098592 0.16314553990610328 
0 0.5825264084507042 0.43896713615023475 0.10783450704225352 0.16314553990610328 
0 0.8752200704225352 0.6569835680751174 0.09639084507042253 0.18251173708920188 
0 0.5677816901408451 0.6769366197183099 0.10827464788732394 0.20715962441314553 
0 0.6872799295774648 0.9055164319248826 0.10079225352112677 0.16666666666666666 
0 0.4735915492957746 0.4198943661971831 0.12323943661971831 0.20129107981220656 
0 0.4918573943661972 0.19307511737089203 0.08230633802816902 0.0715962441314554 
0 0.40316901408450706 0.19278169014084506 0.08098591549295775 0.06631455399061033 
0 0.2691461267605634 0.4339788732394366 0.10519366197183098 0.1766431924882629 
0 0.5869278169014085 0.26467136150234744 0.07790492957746478 0.04812206572769953 
0 0.737455985915493 0.19043427230046947 0.07966549295774648 0.0710093896713615 
0 0.40911091549295775 0.2590962441314554 0.0761443661971831 0.06279342723004695 
0 0.49383802816901406 0.25938967136150237 0.07746478873239436 0.0528169014084507 
0 0.3576144366197183 0.6716549295774648 0.11047535211267606 0.18838028169014084 
0 0.08516725352112677 0.2640845070422535 0.05941901408450704 0.05868544600938967 
0 0.06426056338028169 0.6596244131455399 0.07482394366197183 0.1795774647887324 
0 0.8241637323943662 0.25440140845070425 0.07350352112676056 0.05457746478873239 
0 0.5829665492957746 0.19395539906103287 0.08230633802816902 0.0710093896713615 
0 0.8217429577464789 0.1857394366197183 0.0721830985915493 0.0710093896713615 
0 0.7321742957746479 0.255575117370892 0.06998239436619719 0.05457746478873239 
0 0.15977112676056338 0.2652582159624413 0.05545774647887324 0.05046948356807512 
0 0.02244718309859155 0.20305164319248825 0.03961267605633803 0.05985915492957746 
0 0.07724471830985916 0.8858568075117371 0.09286971830985916 0.17077464788732394 
0 0.46610915492957744 0.9055164319248826 0.09419014084507042 0.16666666666666666 
0 0.3670774647887324 0.8964201877934272 0.08714788732394366 0.15551643192488263 
0 0.27090669014084506 0.9008215962441315 0.09463028169014084 0.16666666666666666 
0 0.23899647887323944 0.19131455399061034 0.06602112676056338 0.05868544600938967 
0 0.8111795774647887 0.4137323943661972 0.11443661971830986 0.17253521126760563 
0 0.0838468309859155 0.20422535211267606 0.05765845070422535 0.05516431924882629 
0 0.3246038732394366 0.26291079812206575 0.0840669014084507 0.06690140845070422 
0 0.023987676056338027 0.26467136150234744 0.04533450704225352 0.05985915492957746 
0 0.17451584507042253 0.8993544600938967 0.08494718309859155 0.15199530516431925 
0 0.08736795774647887 0.14730046948356806 0.05941901408450704 0.0539906103286385 
0 0.5699823943661971 0.9151995305164319 0.1073943661971831 0.16960093896713616 
0 0.4878961267605634 0.12529342723004694 0.08582746478873239 0.06866197183098592 
0 0.9799735915492958 0.1340962441314554 0.04005281690140845 0.04870892018779343 
0 0.9768926056338029 0.1965962441314554 0.03829225352112676 0.06455399061032864 
0 0.9746919014084507 0.2640845070422535 0.03829225352112676 0.046948356807511735 
0 0.894806338028169 0.2705399061032864 0.04841549295774648 0.05985915492957746 
0 0.36619718309859156 0.4838615023474178 0.08714788732394366 0.08509389671361503 
0 0.05215669014084507 0.4216549295774648 0.09463028169014084 0.16607981220657278 
0 0.784330985915493 0.9125586854460094 0.08714788732394366 0.17018779342723006 
0 0.875 0.9096244131455399 0.08362676056338028 0.15845070422535212 
0 0.96875 0.9151995305164319 0.0528169014084507 0.16960093896713616 
0 0.6756161971830986 0.6731220657276995 0.11707746478873239 0.18779342723004694 
0 0.9619278169014085 0.6848591549295775 0.07174295774647887 0.1467136150234742 
0 0.39920774647887325 0.1317488262910798 0.08274647887323944 0.05575117370892019 
0 0.24779929577464788 0.2623239436619718 0.061619718309859156 0.062206572769953054 
0 0.15889084507042253 0.19865023474178403 0.06338028169014084 0.06631455399061033 
0 0.7764084507042254 0.6698943661971831 0.09419014084507042 0.18603286384976525 
0 0.4597271126760563 0.6719483568075117 0.09991197183098592 0.19014084507042253 
0 0.2557218309859155 0.6728286384976526 0.0897887323943662 0.13556338028169015 
0 0.6960827464788732 0.41725352112676056 0.11575704225352113 0.18309859154929578 
0 0.15404929577464788 0.6525821596244131 0.10211267605633803 0.19718309859154928 
0 0.1661531690140845 0.4301643192488263 0.09991197183098592 0.16314553990610328 
0 0.5825264084507042 0.43896713615023475 0.10783450704225352 0.16314553990610328 
0 0.8752200704225352 0.6569835680751174 0.09639084507042253 0.18251173708920188 
0 0.5677816901408451 0.6769366197183099 0.10827464788732394 0.20715962441314553 
0 0.6872799295774648 0.9055164319248826 0.10079225352112677 0.16666666666666666 
0 0.4735915492957746 0.4198943661971831 0.12323943661971831 0.20129107981220656 
0 0.4918573943661972 0.19307511737089203 0.08230633802816902 0.0715962441314554 
0 0.40316901408450706 0.19278169014084506 0.08098591549295775 0.06631455399061033 
0 0.2691461267605634 0.4339788732394366 0.10519366197183098 0.1766431924882629 
0 0.5869278169014085 0.26467136150234744 0.07790492957746478 0.04812206572769953 
0 0.737455985915493 0.19043427230046947 0.07966549295774648 0.0710093896713615 
0 0.40911091549295775 0.2590962441314554 0.0761443661971831 0.06279342723004695 
0 0.49383802816901406 0.25938967136150237 0.07746478873239436 0.0528169014084507 
0 0.3576144366197183 0.6716549295774648 0.11047535211267606 0.18838028169014084 
0 0.08516725352112677 0.2640845070422535 0.05941901408450704 0.05868544600938967 
0 0.06426056338028169 0.6596244131455399 0.07482394366197183 0.1795774647887324 
0 0.8241637323943662 0.25440140845070425 0.07350352112676056 0.05457746478873239 
0 0.5829665492957746 0.19395539906103287 0.08230633802816902 0.0710093896713615 
0 0.8217429577464789 0.1857394366197183 0.0721830985915493 0.0710093896713615 
0 0.7321742957746479 0.255575117370892 0.06998239436619719 0.05457746478873239 
0 0.15977112676056338 0.2652582159624413 0.05545774647887324 0.05046948356807512 
0 0.02244718309859155 0.20305164319248825 0.03961267605633803 0.05985915492957746 
0 0.07724471830985916 0.8858568075117371 0.09286971830985916 0.17077464788732394 
0 0.46610915492957744 0.9055164319248826 0.09419014084507042 0.16666666666666666 
0 0.3670774647887324 0.8964201877934272 0.08714788732394366 0.15551643192488263 
0 0.27090669014084506 0.9008215962441315 0.09463028169014084 0.16666666666666666 
0 0.23899647887323944 0.19131455399061034 0.06602112676056338 0.05868544600938967 
0 0.8111795774647887 0.4137323943661972 0.11443661971830986 0.17253521126760563 
0 0.0838468309859155 0.20422535211267606 0.05765845070422535 0.05516431924882629 
0 0.3246038732394366 0.26291079812206575 0.0840669014084507 0.06690140845070422 
0 0.023987676056338027 0.26467136150234744 0.04533450704225352 0.05985915492957746 
0 0.17451584507042253 0.8993544600938967 0.08494718309859155 0.15199530516431925 
0 0.08736795774647887 0.14730046948356806 0.05941901408450704 0.0539906103286385 
0 0.5699823943661971 0.9151995305164319 0.1073943661971831 0.16960093896713616 
0 0.4878961267605634 0.12529342723004694 0.08582746478873239 0.06866197183098592 
0 0.9799735915492958 0.1340962441314554 0.04005281690140845 0.04870892018779343 
0 0.9768926056338029 0.1965962441314554 0.03829225352112676 0.06455399061032864 
0 0.9746919014084507 0.2640845070422535 0.03829225352112676 0.046948356807511735 
0 0.894806338028169 0.2705399061032864 0.04841549295774648 0.05985915492957746 
0 0.36619718309859156 0.4838615023474178 0.08714788732394366 0.08509389671361503 
0 0.05215669014084507 0.4216549295774648 0.09463028169014084 0.16607981220657278 
0 0.784330985915493 0.9125586854460094 0.08714788732394366 0.17018779342723006 
0 0.875 0.9096244131455399 0.08362676056338028 0.15845070422535212 
0 0.96875 0.9151995305164319 0.0528169014084507 0.16960093896713616 
0 0.6756161971830986 0.6731220657276995 0.11707746478873239 0.18779342723004694 
0 0.9619278169014085 0.6848591549295775 0.07174295774647887 0.1467136150234742 
0 0.39920774647887325 0.1317488262910798 0.08274647887323944 0.05575117370892019 
0 0.24779929577464788 0.2623239436619718 0.061619718309859156 0.062206572769953054 
0 0.15889084507042253 0.19865023474178403 0.06338028169014084 0.06631455399061033 
0 0.7764084507042254 0.6698943661971831 0.09419014084507042 0.18603286384976525 
0 0.4597271126760563 0.6719483568075117 0.09991197183098592 0.19014084507042253 
0 0.2557218309859155 0.6728286384976526 0.0897887323943662 0.13556338028169015 
0 0.6960827464788732 0.41725352112676056 0.11575704225352113 0.18309859154929578 
0 0.15404929577464788 0.6525821596244131 0.10211267605633803 0.19718309859154928 
0 0.1661531690140845 0.4301643192488263 0.09991197183098592 0.16314553990610328 
0 0.5825264084507042 0.43896713615023475 0.10783450704225352 0.16314553990610328 
0 0.8752200704225352 0.6569835680751174 0.09639084507042253 0.18251173708920188 
0 0.5677816901408451 0.6769366197183099 0.10827464788732394 0.20715962441314553 
0 0.6872799295774648 0.9055164319248826 0.10079225352112677 0.16666666666666666 
0 0.4735915492957746 0.4198943661971831 0.12323943661971831 0.20129107981220656 
0 0.4918573943661972 0.19307511737089203 0.08230633802816902 0.0715962441314554 
0 0.40316901408450706 0.19278169014084506 0.08098591549295775 0.06631455399061033 
0 0.2691461267605634 0.4339788732394366 0.10519366197183098 0.1766431924882629 
0 0.5869278169014085 0.26467136150234744 0.07790492957746478 0.04812206572769953 
0 0.737455985915493 0.19043427230046947 0.07966549295774648 0.0710093896713615 
0 0.40911091549295775 0.2590962441314554 0.0761443661971831 0.06279342723004695 
0 0.49383802816901406 0.25938967136150237 0.07746478873239436 0.0528169014084507 
0 0.3576144366197183 0.6716549295774648 0.11047535211267606 0.18838028169014084 
0 0.08516725352112677 0.2640845070422535 0.05941901408450704 0.05868544600938967 
0 0.06426056338028169 0.6596244131455399 0.07482394366197183 0.1795774647887324 
0 0.8241637323943662 0.25440140845070425 0.07350352112676056 0.05457746478873239 
0 0.5829665492957746 0.19395539906103287 0.08230633802816902 0.0710093896713615 
0 0.8217429577464789 0.1857394366197183 0.0721830985915493 0.0710093896713615 
0 0.7321742957746479 0.255575117370892 0.06998239436619719 0.05457746478873239 
0 0.15977112676056338 0.2652582159624413 0.05545774647887324 0.05046948356807512 
