0 0.813600352112676 0.6942488262910798 0.08318661971830986 0.11971830985915492 
0 0.1835387323943662 0.8588615023474179 0.13556338028169015 0.07453051643192488 
0 0.3419894366197183 0.9454225352112676 0.16637323943661972 0.1068075117370892 
0 0.347931338028169 0.8488849765258216 0.17649647887323944 0.08039906103286384 
0 0.5314700704225352 0.8656103286384976 0.1324823943661972 0.062206572769953054 
0 0.15713028169014084 0.9507042253521126 0.13556338028169015 0.09859154929577464 
0 0.917693661971831 0.9647887323943662 0.15492957746478872 0.062206572769953054 
0 0.910431338028169 0.8931924882629108 0.16681338028169015 0.05868544600938967 
0 0.4201144366197183 0.67018779342723 0.09551056338028169 0.12910798122065728 
0 0.9124119718309859 0.23826291079812206 0.08362676056338028 0.21009389671361503 
0 0.903169014084507 0.4735915492957746 0.08274647887323944 0.1643192488262911 
0 0.14106514084507044 0.659330985915493 0.07262323943661972 0.11561032863849766 
0 0.23305457746478872 0.6622652582159625 0.09551056338028169 0.13673708920187794 
0 0.05369718309859155 0.8529929577464789 0.10035211267605634 0.0721830985915493 
0 0.035431338028169015 0.9357394366197183 0.0682218309859155 0.08509389671361503 
0 0.5448943661971831 0.9562793427230047 0.16285211267605634 0.07922535211267606 
0 0.18463908450704225 0.23826291079812206 0.09551056338028169 0.1596244131455399 
0 0.8063380281690141 0.2323943661971831 0.10035211267605634 0.2007042253521127 
0 0.8149207746478874 0.4753521126760563 0.10519366197183098 0.15258215962441316 
0 0.03609154929577465 0.4621478873239437 0.0625 0.1437793427230047 
0 0.7209507042253521 0.6795774647887324 0.1056338028169014 0.13380281690140844 
0 0.2830105633802817 0.24295774647887325 0.08362676056338028 0.13849765258215962 
0 0.49625880281690143 0.24413145539906103 0.10431338028169014 0.18896713615023475 
0 0.6032130281690141 0.2323943661971831 0.10607394366197183 0.18896713615023475 
0 0.605193661971831 0.47124413145539906 0.11091549295774648 0.16314553990610328 
0 0.4980193661971831 0.4703638497652582 0.09815140845070422 0.16490610328638497 
0 0.3998679577464789 0.46742957746478875 0.09639084507042253 0.159037558685446 
0 0.7163292253521126 0.4756455399061033 0.10431338028169014 0.18720657276995306 
0 0.09397007042253522 0.24178403755868544 0.08318661971830986 0.15845070422535212 
0 0.214568661971831 0.46625586854460094 0.08670774647887323 0.15316901408450703 
0 0.910431338028169 0.6974765258215962 0.09639084507042253 0.13673708920187794 
0 0.7024647887323944 0.22095070422535212 0.09419014084507042 0.19190140845070422 
0 0.6294014084507042 0.6795774647887324 0.10827464788732394 0.14553990610328638 
0 0.3926056338028169 0.23386150234741784 0.10211267605633803 0.1742957746478873 
0 0.32702464788732394 0.6669600938967136 0.08626760563380281 0.11561032863849766 
0 0.5226672535211268 0.6813380281690141 0.11047535211267606 0.1396713615023474 
0 0.11971830985915492 0.4650821596244131 0.09154929577464789 0.1613849765258216 
0 0.30875880281690143 0.4639084507042254 0.09198943661971831 0.1602112676056338 
0 0.813600352112676 0.6942488262910798 0.08318661971830986 0.11971830985915492 
0 0.1835387323943662 0.8588615023474179 0.13556338028169015 0.07453051643192488 
0 0.3419894366197183 0.9454225352112676 0.16637323943661972 0.1068075117370892 
0 0.347931338028169 0.8488849765258216 0.17649647887323944 0.08039906103286384 
0 0.5314700704225352 0.8656103286384976 0.1324823943661972 0.062206572769953054 
0 0.15713028169014084 0.9507042253521126 0.13556338028169015 0.09859154929577464 
0 0.917693661971831 0.9647887323943662 0.15492957746478872 0.062206572769953054 
0 0.910431338028169 0.8931924882629108 0.16681338028169015 0.05868544600938967 
0 0.4201144366197183 0.67018779342723 0.09551056338028169 0.12910798122065728 
0 0.9124119718309859 0.23826291079812206 0.08362676056338028 0.21009389671361503 
0 0.903169014084507 0.4735915492957746 0.08274647887323944 0.1643192488262911 
0 0.14106514084507044 0.659330985915493 0.07262323943661972 0.11561032863849766 
0 0.23305457746478872 0.6622652582159625 0.09551056338028169 0.13673708920187794 
0 0.05369718309859155 0.8529929577464789 0.10035211267605634 0.0721830985915493 
0 0.035431338028169015 0.9357394366197183 0.0682218309859155 0.08509389671361503 
0 0.5448943661971831 0.9562793427230047 0.16285211267605634 0.07922535211267606 
0 0.18463908450704225 0.23826291079812206 0.09551056338028169 0.1596244131455399 
0 0.8063380281690141 0.2323943661971831 0.10035211267605634 0.2007042253521127 
0 0.8149207746478874 0.4753521126760563 0.10519366197183098 0.15258215962441316 
0 0.03609154929577465 0.4621478873239437 0.0625 0.1437793427230047 
0 0.7209507042253521 0.6795774647887324 0.1056338028169014 0.13380281690140844 
0 0.2830105633802817 0.24295774647887325 0.08362676056338028 0.13849765258215962 
0 0.49625880281690143 0.24413145539906103 0.10431338028169014 0.18896713615023475 
0 0.6032130281690141 0.2323943661971831 0.10607394366197183 0.18896713615023475 
0 0.605193661971831 0.47124413145539906 0.11091549295774648 0.16314553990610328 
0 0.4980193661971831 0.4703638497652582 0.09815140845070422 0.16490610328638497 
0 0.3998679577464789 0.46742957746478875 0.09639084507042253 0.159037558685446 
0 0.7163292253521126 0.4756455399061033 0.10431338028169014 0.18720657276995306 
0 0.09397007042253522 0.24178403755868544 0.08318661971830986 0.15845070422535212 
0 0.214568661971831 0.46625586854460094 0.08670774647887323 0.15316901408450703 
0 0.910431338028169 0.6974765258215962 0.09639084507042253 0.13673708920187794 
0 0.7024647887323944 0.22095070422535212 0.09419014084507042 0.19190140845070422 
0 0.6294014084507042 0.6795774647887324 0.10827464788732394 0.14553990610328638 
0 0.3926056338028169 0.23386150234741784 0.10211267605633803 0.1742957746478873 
0 0.32702464788732394 0.6669600938967136 0.08626760563380281 0.11561032863849766 
0 0.5226672535211268 0.6813380281690141 0.11047535211267606 0.1396713615023474 
0 0.11971830985915492 0.4650821596244131 0.09154929577464789 0.1613849765258216 
0 0.30875880281690143 0.4639084507042254 0.09198943661971831 0.1602112676056338 
0 0.813600352112676 0.6942488262910798 0.08318661971830986 0.11971830985915492 
0 0.1835387323943662 0.8588615023474179 0.13556338028169015 0.07453051643192488 
0 0.3419894366197183 0.9454225352112676 0.16637323943661972 0.1068075117370892 
0 0.347931338028169 0.8488849765258216 0.17649647887323944 0.08039906103286384 
0 0.5314700704225352 0.8656103286384976 0.1324823943661972 0.062206572769953054 
0 0.15713028169014084 0.9507042253521126 0.13556338028169015 0.09859154929577464 
0 0.917693661971831 0.9647887323943662 0.15492957746478872 0.062206572769953054 
0 0.910431338028169 0.8931924882629108 0.16681338028169015 0.05868544600938967 
0 0.4201144366197183 0.67018779342723 0.09551056338028169 0.12910798122065728 
0 0.9124119718309859 0.23826291079812206 0.08362676056338028 0.21009389671361503 
0 0.903169014084507 0.4735915492957746 0.08274647887323944 0.1643192488262911 
0 0.14106514084507044 0.659330985915493 0.07262323943661972 0.11561032863849766 
0 0.23305457746478872 0.6622652582159625 0.09551056338028169 0.13673708920187794 
0 0.05369718309859155 0.8529929577464789 0.10035211267605634 0.0721830985915493 
0 0.035431338028169015 0.9357394366197183 0.0682218309859155 0.08509389671361503 
0 0.5448943661971831 0.9562793427230047 0.16285211267605634 0.07922535211267606 
0 0.18463908450704225 0.23826291079812206 0.09551056338028169 0.1596244131455399 
0 0.8063380281690141 0.2323943661971831 0.10035211267605634 0.2007042253521127 
0 0.8149207746478874 0.4753521126760563 0.10519366197183098 0.15258215962441316 
0 0.03609154929577465 0.4621478873239437 0.0625 0.1437793427230047 
0 0.7209507042253521 0.6795774647887324 0.1056338028169014 0.13380281690140844 
0 0.2830105633802817 0.24295774647887325 0.08362676056338028 0.13849765258215962 
0 0.49625880281690143 0.24413145539906103 0.10431338028169014 0.18896713615023475 
0 0.6032130281690141 0.2323943661971831 0.10607394366197183 0.18896713615023475 
0 0.605193661971831 0.47124413145539906 0.11091549295774648 0.16314553990610328 
0 0.4980193661971831 0.4703638497652582 0.09815140845070422 0.16490610328638497 
0 0.3998679577464789 0.46742957746478875 0.09639084507042253 0.159037558685446 
0 0.7163292253521126 0.4756455399061033 0.10431338028169014 0.18720657276995306 
0 0.09397007042253522 0.24178403755868544 0.08318661971830986 0.15845070422535212 
0 0.214568661971831 0.46625586854460094 0.08670774647887323 0.15316901408450703 
0 0.910431338028169 0.6974765258215962 0.09639084507042253 0.13673708920187794 
0 0.7024647887323944 0.22095070422535212 0.09419014084507042 0.19190140845070422 
0 0.6294014084507042 0.6795774647887324 0.10827464788732394 0.14553990610328638 
0 0.3926056338028169 0.23386150234741784 0.10211267605633803 0.1742957746478873 
0 0.32702464788732394 0.6669600938967136 0.08626760563380281 0.11561032863849766 
0 0.5226672535211268 0.6813380281690141 0.11047535211267606 0.1396713615023474 
0 0.11971830985915492 0.4650821596244131 0.09154929577464789 0.1613849765258216 
0 0.30875880281690143 0.4639084507042254 0.09198943661971831 0.1602112676056338 
