0 0.04159330985915493 0.41431924882629106 0.06910211267605634 0.09507042253521127 
0 0.8842429577464789 0.24471830985915494 0.12059859154929578 0.10328638497652583 
0 0.18067781690140844 0.43221830985915494 0.08582746478873239 0.1273474178403756 
0 0.2733274647887324 0.4354460093896714 0.08362676056338028 0.12323943661971831 
0 0.3668573943661972 0.42018779342723006 0.09022887323943662 0.11854460093896714 
0 0.9482834507042254 0.45774647887323944 0.08934859154929578 0.14084507042253522 
0 0.08670774647887323 0.6167840375586855 0.12411971830985916 0.08333333333333333 
0 0.9236355633802817 0.7291666666666666 0.1430457746478873 0.18485915492957747 
0 0.11751760563380281 0.04019953051643192 0.07570422535211267 0.07805164319248827 
0 0.20994718309859156 0.03961267605633803 0.08450704225352113 0.05575117370892019 
0 0.3173415492957746 0.04812206572769953 0.10123239436619719 0.08215962441314555 
0 0.5363116197183099 0.04401408450704225 0.1034330985915493 0.07629107981220658 
0 0.655149647887324 0.04078638497652582 0.1210387323943662 0.0733568075117371 
0 0.7616637323943662 0.04225352112676056 0.09463028169014084 0.07042253521126761 
0 0.8701584507042254 0.049002347417840375 0.1153169014084507 0.08392018779342723 
0 0.2264524647887324 0.6399647887323944 0.13512323943661972 0.07570422535211267 
0 0.7623239436619719 0.2323943661971831 0.09595070422535211 0.19248826291079812 
0 0.4278169014084507 0.04460093896713615 0.10211267605633803 0.07746478873239436 
0 0.07746478873239436 0.22564553990610328 0.07658450704225352 0.17077464788732394 
0 0.6621919014084507 0.4509976525821596 0.09375 0.1602112676056338 
0 0.06470070422535211 0.7065727699530516 0.12852112676056338 0.09741784037558686 
0 0.3435299295774648 0.22065727699530516 0.08582746478873239 0.16901408450704225 
0 0.46588908450704225 0.4357394366197183 0.11399647887323944 0.12852112676056338 
0 0.5424735915492958 0.22711267605633803 0.10871478873239436 0.15845070422535212 
0 0.6571302816901409 0.21889671361502347 0.12764084507042253 0.17253521126760563 
0 0.5818661971830986 0.7194835680751174 0.19454225352112675 0.08685446009389672 
0 0.25044014084507044 0.2335680751173709 0.08274647887323944 0.15492957746478872 
0 0.4414612676056338 0.22124413145539906 0.09683098591549295 0.176056338028169 
0 0.5702024647887324 0.44072769953051644 0.09727112676056338 0.142018779342723 
0 0.3912852112676056 0.7206572769953051 0.16901408450704225 0.1396713615023474 
0 0.16307218309859156 0.22095070422535212 0.09903169014084508 0.18016431924882628 
0 0.20642605633802816 0.7230046948356808 0.1311619718309859 0.1056338028169014 
0 0.5869278169014085 0.6387910798122066 0.1694542253521127 0.09565727699530517 
0 0.7561619718309859 0.44923708920187794 0.09507042253521127 0.13438967136150234 
0 0.8556338028169014 0.4551056338028169 0.09595070422535211 0.13438967136150234 
0 0.38952464788732394 0.6170774647887324 0.15669014084507044 0.0710093896713615 
0 0.04159330985915493 0.41431924882629106 0.06910211267605634 0.09507042253521127 
0 0.8842429577464789 0.24471830985915494 0.12059859154929578 0.10328638497652583 
0 0.18067781690140844 0.43221830985915494 0.08582746478873239 0.1273474178403756 
0 0.2733274647887324 0.4354460093896714 0.08362676056338028 0.12323943661971831 
0 0.3668573943661972 0.42018779342723006 0.09022887323943662 0.11854460093896714 
0 0.9482834507042254 0.45774647887323944 0.08934859154929578 0.14084507042253522 
0 0.08670774647887323 0.6167840375586855 0.12411971830985916 0.08333333333333333 
0 0.9236355633802817 0.7291666666666666 0.1430457746478873 0.18485915492957747 
0 0.11751760563380281 0.04019953051643192 0.07570422535211267 0.07805164319248827 
0 0.20994718309859156 0.03961267605633803 0.08450704225352113 0.05575117370892019 
0 0.3173415492957746 0.04812206572769953 0.10123239436619719 0.08215962441314555 
0 0.5363116197183099 0.04401408450704225 0.1034330985915493 0.07629107981220658 
0 0.655149647887324 0.04078638497652582 0.1210387323943662 0.0733568075117371 
0 0.7616637323943662 0.04225352112676056 0.09463028169014084 0.07042253521126761 
0 0.8701584507042254 0.049002347417840375 0.1153169014084507 0.08392018779342723 
0 0.2264524647887324 0.6399647887323944 0.13512323943661972 0.07570422535211267 
0 0.7623239436619719 0.2323943661971831 0.09595070422535211 0.19248826291079812 
0 0.4278169014084507 0.04460093896713615 0.10211267605633803 0.07746478873239436 
0 0.07746478873239436 0.22564553990610328 0.07658450704225352 0.17077464788732394 
0 0.6621919014084507 0.4509976525821596 0.09375 0.1602112676056338 
0 0.06470070422535211 0.7065727699530516 0.12852112676056338 0.09741784037558686 
0 0.3435299295774648 0.22065727699530516 0.08582746478873239 0.16901408450704225 
0 0.46588908450704225 0.4357394366197183 0.11399647887323944 0.12852112676056338 
0 0.5424735915492958 0.22711267605633803 0.10871478873239436 0.15845070422535212 
0 0.6571302816901409 0.21889671361502347 0.12764084507042253 0.17253521126760563 
0 0.5818661971830986 0.7194835680751174 0.19454225352112675 0.08685446009389672 
0 0.25044014084507044 0.2335680751173709 0.08274647887323944 0.15492957746478872 
0 0.4414612676056338 0.22124413145539906 0.09683098591549295 0.176056338028169 
0 0.5702024647887324 0.44072769953051644 0.09727112676056338 0.142018779342723 
0 0.3912852112676056 0.7206572769953051 0.16901408450704225 0.1396713615023474 
0 0.16307218309859156 0.22095070422535212 0.09903169014084508 0.18016431924882628 
0 0.20642605633802816 0.7230046948356808 0.1311619718309859 0.1056338028169014 
0 0.5869278169014085 0.6387910798122066 0.1694542253521127 0.09565727699530517 
0 0.7561619718309859 0.44923708920187794 0.09507042253521127 0.13438967136150234 
0 0.8556338028169014 0.4551056338028169 0.09595070422535211 0.13438967136150234 
0 0.38952464788732394 0.6170774647887324 0.15669014084507044 0.0710093896713615 
0 0.04159330985915493 0.41431924882629106 0.06910211267605634 0.09507042253521127 
0 0.8842429577464789 0.24471830985915494 0.12059859154929578 0.10328638497652583 
0 0.18067781690140844 0.43221830985915494 0.08582746478873239 0.1273474178403756 
0 0.2733274647887324 0.4354460093896714 0.08362676056338028 0.12323943661971831 
0 0.3668573943661972 0.42018779342723006 0.09022887323943662 0.11854460093896714 
0 0.9482834507042254 0.45774647887323944 0.08934859154929578 0.14084507042253522 
0 0.08670774647887323 0.6167840375586855 0.12411971830985916 0.08333333333333333 
0 0.9236355633802817 0.7291666666666666 0.1430457746478873 0.18485915492957747 
0 0.11751760563380281 0.04019953051643192 0.07570422535211267 0.07805164319248827 
0 0.20994718309859156 0.03961267605633803 0.08450704225352113 0.05575117370892019 
0 0.3173415492957746 0.04812206572769953 0.10123239436619719 0.08215962441314555 
0 0.5363116197183099 0.04401408450704225 0.1034330985915493 0.07629107981220658 
0 0.655149647887324 0.04078638497652582 0.1210387323943662 0.0733568075117371 
0 0.7616637323943662 0.04225352112676056 0.09463028169014084 0.07042253521126761 
0 0.8701584507042254 0.049002347417840375 0.1153169014084507 0.08392018779342723 
0 0.2264524647887324 0.6399647887323944 0.13512323943661972 0.07570422535211267 
0 0.7623239436619719 0.2323943661971831 0.09595070422535211 0.19248826291079812 
0 0.4278169014084507 0.04460093896713615 0.10211267605633803 0.07746478873239436 
0 0.07746478873239436 0.22564553990610328 0.07658450704225352 0.17077464788732394 
0 0.6621919014084507 0.4509976525821596 0.09375 0.1602112676056338 
0 0.06470070422535211 0.7065727699530516 0.12852112676056338 0.09741784037558686 
0 0.3435299295774648 0.22065727699530516 0.08582746478873239 0.16901408450704225 
0 0.46588908450704225 0.4357394366197183 0.11399647887323944 0.12852112676056338 
0 0.5424735915492958 0.22711267605633803 0.10871478873239436 0.15845070422535212 
0 0.6571302816901409 0.21889671361502347 0.12764084507042253 0.17253521126760563 
0 0.5818661971830986 0.7194835680751174 0.19454225352112675 0.08685446009389672 
0 0.25044014084507044 0.2335680751173709 0.08274647887323944 0.15492957746478872 
0 0.4414612676056338 0.22124413145539906 0.09683098591549295 0.176056338028169 
0 0.5702024647887324 0.44072769953051644 0.09727112676056338 0.142018779342723 
0 0.3912852112676056 0.7206572769953051 0.16901408450704225 0.1396713615023474 
0 0.16307218309859156 0.22095070422535212 0.09903169014084508 0.18016431924882628 
0 0.20642605633802816 0.7230046948356808 0.1311619718309859 0.1056338028169014 
0 0.5869278169014085 0.6387910798122066 0.1694542253521127 0.09565727699530517 
0 0.7561619718309859 0.44923708920187794 0.09507042253521127 0.13438967136150234 
0 0.8556338028169014 0.4551056338028169 0.09595070422535211 0.13438967136150234 
0 0.38952464788732394 0.6170774647887324 0.15669014084507044 0.0710093896713615 
