0 0.09617077464788733 0.4339788732394366 0.07262323943661972 0.07922535211267606 
0 0.3248239436619718 0.4289906103286385 0.09242957746478873 0.13615023474178403 
0 0.6382042253521126 0.4410211267605634 0.11267605633802817 0.13556338028169015 
0 0.9115316901408451 0.7470657276995305 0.14524647887323944 0.12206572769953052 
0 0.8987676056338029 0.642018779342723 0.1487676056338028 0.06338028169014084 
0 0.8503521126760564 0.4198943661971831 0.09154929577464789 0.12265258215962441 
0 0.29973591549295775 0.7863849765258216 0.1681338028169014 0.10211267605633803 
0 0.05919894366197183 0.15757042253521128 0.07790492957746478 0.0897887323943662 
0 0.5121038732394366 0.6379107981220657 0.15625 0.0528169014084507 
0 0.17143485915492956 0.38204225352112675 0.08054577464788733 0.04812206572769953 
0 0.18023767605633803 0.4386737089201878 0.07350352112676056 0.061619718309859156 
0 0.5290492957746479 0.1977699530516432 0.10211267605633803 0.20539906103286384 
0 0.12522007042253522 0.07541079812206573 0.08054577464788733 0.06279342723004695 
0 0.14612676056338028 0.1522887323943662 0.0801056338028169 0.07922535211267606 
0 0.04379401408450704 0.028755868544600938 0.08054577464788733 0.056338028169014086 
0 0.053257042253521125 0.07922535211267606 0.09683098591549295 0.046948356807511735 
0 0.02618838028169014 0.37529342723004694 0.04973591549295775 0.16725352112676056 
0 0.3191021126760563 0.6317488262910798 0.16461267605633803 0.040492957746478875 
0 0.31514084507042256 0.6801643192488263 0.16109154929577466 0.051643192488262914 
0 0.30545774647887325 0.2021713615023474 0.11619718309859155 0.18251173708920188 
0 0.9383802816901409 0.4225352112676056 0.06954225352112677 0.11971830985915492 
0 0.1624119718309859 0.3075117370892019 0.07834507042253522 0.09741784037558686 
0 0.4082306338028169 0.1892605633802817 0.11047535211267606 0.18720657276995306 
0 0.1287411971830986 0.5774647887323944 0.144806338028169 0.0539906103286385 
0 0.5143045774647887 0.7755281690140845 0.15096830985915494 0.08392018779342723 
0 0.7139084507042254 0.7720070422535211 0.13732394366197184 0.0897887323943662 
0 0.7064260563380281 0.6687206572769953 0.1267605633802817 0.07805164319248827 
0 0.09242957746478873 0.3421361502347418 0.08626760563380281 0.08685446009389672 
0 0.6430457746478874 0.20334507042253522 0.1073943661971831 0.20598591549295775 
0 0.873899647887324 0.19190140845070422 0.12367957746478873 0.21713615023474178 
0 0.7506602112676056 0.43163145539906106 0.11487676056338028 0.13086854460093897 
0 0.08934859154929578 0.7752347417840375 0.1505281690140845 0.09507042253521127 
0 0.5158450704225352 0.6792840375586855 0.15404929577464788 0.05927230046948357 
0 0.42869718309859156 0.4363262910798122 0.1073943661971831 0.13086854460093897 
0 0.1131161971830986 0.659330985915493 0.14788732394366197 0.0698356807511737 
0 0.7570422535211268 0.19571596244131456 0.1153169014084507 0.1977699530516432 
0 0.09617077464788733 0.4339788732394366 0.07262323943661972 0.07922535211267606 
0 0.3248239436619718 0.4289906103286385 0.09242957746478873 0.13615023474178403 
0 0.6382042253521126 0.4410211267605634 0.11267605633802817 0.13556338028169015 
0 0.9115316901408451 0.7470657276995305 0.14524647887323944 0.12206572769953052 
0 0.8987676056338029 0.642018779342723 0.1487676056338028 0.06338028169014084 
0 0.8503521126760564 0.4198943661971831 0.09154929577464789 0.12265258215962441 
0 0.29973591549295775 0.7863849765258216 0.1681338028169014 0.10211267605633803 
0 0.05919894366197183 0.15757042253521128 0.07790492957746478 0.0897887323943662 
0 0.5121038732394366 0.6379107981220657 0.15625 0.0528169014084507 
0 0.17143485915492956 0.38204225352112675 0.08054577464788733 0.04812206572769953 
0 0.18023767605633803 0.4386737089201878 0.07350352112676056 0.061619718309859156 
0 0.5290492957746479 0.1977699530516432 0.10211267605633803 0.20539906103286384 
0 0.12522007042253522 0.07541079812206573 0.08054577464788733 0.06279342723004695 
0 0.14612676056338028 0.1522887323943662 0.0801056338028169 0.07922535211267606 
0 0.04379401408450704 0.028755868544600938 0.08054577464788733 0.056338028169014086 
0 0.053257042253521125 0.07922535211267606 0.09683098591549295 0.046948356807511735 
0 0.02618838028169014 0.37529342723004694 0.04973591549295775 0.16725352112676056 
0 0.3191021126760563 0.6317488262910798 0.16461267605633803 0.040492957746478875 
0 0.31514084507042256 0.6801643192488263 0.16109154929577466 0.051643192488262914 
0 0.30545774647887325 0.2021713615023474 0.11619718309859155 0.18251173708920188 
0 0.9383802816901409 0.4225352112676056 0.06954225352112677 0.11971830985915492 
0 0.1624119718309859 0.3075117370892019 0.07834507042253522 0.09741784037558686 
0 0.4082306338028169 0.1892605633802817 0.11047535211267606 0.18720657276995306 
0 0.1287411971830986 0.5774647887323944 0.144806338028169 0.0539906103286385 
0 0.5143045774647887 0.7755281690140845 0.15096830985915494 0.08392018779342723 
0 0.7139084507042254 0.7720070422535211 0.13732394366197184 0.0897887323943662 
0 0.7064260563380281 0.6687206572769953 0.1267605633802817 0.07805164319248827 
0 0.09242957746478873 0.3421361502347418 0.08626760563380281 0.08685446009389672 
0 0.6430457746478874 0.20334507042253522 0.1073943661971831 0.20598591549295775 
0 0.873899647887324 0.19190140845070422 0.12367957746478873 0.21713615023474178 
0 0.7506602112676056 0.43163145539906106 0.11487676056338028 0.13086854460093897 
0 0.08934859154929578 0.7752347417840375 0.1505281690140845 0.09507042253521127 
0 0.5158450704225352 0.6792840375586855 0.15404929577464788 0.05927230046948357 
0 0.42869718309859156 0.4363262910798122 0.1073943661971831 0.13086854460093897 
0 0.1131161971830986 0.659330985915493 0.14788732394366197 0.0698356807511737 
0 0.7570422535211268 0.19571596244131456 0.1153169014084507 0.1977699530516432 
0 0.09617077464788733 0.4339788732394366 0.07262323943661972 0.07922535211267606 
0 0.3248239436619718 0.4289906103286385 0.09242957746478873 0.13615023474178403 
0 0.6382042253521126 0.4410211267605634 0.11267605633802817 0.13556338028169015 
0 0.9115316901408451 0.7470657276995305 0.14524647887323944 0.12206572769953052 
0 0.8987676056338029 0.642018779342723 0.1487676056338028 0.06338028169014084 
0 0.8503521126760564 0.4198943661971831 0.09154929577464789 0.12265258215962441 
0 0.29973591549295775 0.7863849765258216 0.1681338028169014 0.10211267605633803 
0 0.05919894366197183 0.15757042253521128 0.07790492957746478 0.0897887323943662 
0 0.5121038732394366 0.6379107981220657 0.15625 0.0528169014084507 
0 0.17143485915492956 0.38204225352112675 0.08054577464788733 0.04812206572769953 
0 0.18023767605633803 0.4386737089201878 0.07350352112676056 0.061619718309859156 
0 0.5290492957746479 0.1977699530516432 0.10211267605633803 0.20539906103286384 
0 0.12522007042253522 0.07541079812206573 0.08054577464788733 0.06279342723004695 
0 0.14612676056338028 0.1522887323943662 0.0801056338028169 0.07922535211267606 
0 0.04379401408450704 0.028755868544600938 0.08054577464788733 0.056338028169014086 
0 0.053257042253521125 0.07922535211267606 0.09683098591549295 0.046948356807511735 
0 0.02618838028169014 0.37529342723004694 0.04973591549295775 0.16725352112676056 
0 0.3191021126760563 0.6317488262910798 0.16461267605633803 0.040492957746478875 
0 0.31514084507042256 0.6801643192488263 0.16109154929577466 0.051643192488262914 
0 0.30545774647887325 0.2021713615023474 0.11619718309859155 0.18251173708920188 
0 0.9383802816901409 0.4225352112676056 0.06954225352112677 0.11971830985915492 
0 0.1624119718309859 0.3075117370892019 0.07834507042253522 0.09741784037558686 
0 0.4082306338028169 0.1892605633802817 0.11047535211267606 0.18720657276995306 
0 0.1287411971830986 0.5774647887323944 0.144806338028169 0.0539906103286385 
0 0.5143045774647887 0.7755281690140845 0.15096830985915494 0.08392018779342723 
0 0.7139084507042254 0.7720070422535211 0.13732394366197184 0.0897887323943662 
0 0.7064260563380281 0.6687206572769953 0.1267605633802817 0.07805164319248827 
0 0.09242957746478873 0.3421361502347418 0.08626760563380281 0.08685446009389672 
0 0.6430457746478874 0.20334507042253522 0.1073943661971831 0.20598591549295775 
0 0.873899647887324 0.19190140845070422 0.12367957746478873 0.21713615023474178 
0 0.7506602112676056 0.43163145539906106 0.11487676056338028 0.13086854460093897 
0 0.08934859154929578 0.7752347417840375 0.1505281690140845 0.09507042253521127 
0 0.5158450704225352 0.6792840375586855 0.15404929577464788 0.05927230046948357 
0 0.42869718309859156 0.4363262910798122 0.1073943661971831 0.13086854460093897 
0 0.1131161971830986 0.659330985915493 0.14788732394366197 0.0698356807511737 
0 0.7570422535211268 0.19571596244131456 0.1153169014084507 0.1977699530516432 
