0 0.14326584507042253 0.22505868544600938 0.05941901408450704 0.031103286384976527 
0 0.14502640845070422 0.17370892018779344 0.06470070422535211 0.0539906103286385 
0 0.07394366197183098 0.32922535211267606 0.061619718309859156 0.045774647887323945 
0 0.07306338028169014 0.2831572769953052 0.05721830985915493 0.04401408450704225 
0 0.07350352112676056 0.23092723004694835 0.06690140845070422 0.03345070422535211 
0 0.07636443661971831 0.1766431924882629 0.07262323943661972 0.03990610328638498 
0 0.017825704225352113 0.3306924882629108 0.028609154929577465 0.04284037558685446 
0 0.5319102112676056 0.9354460093896714 0.09198943661971831 0.11502347417840375 
0 0.020026408450704226 0.2323943661971831 0.037411971830985914 0.036384976525821594 
0 0.8631161971830986 0.9363262910798122 0.11619718309859155 0.1273474178403756 
0 0.1661531690140845 0.89231220657277 0.05765845070422535 0.06279342723004695 
0 0.09595070422535211 0.8832159624413145 0.06514084507042253 0.06572769953051644 
0 0.3180017605633803 0.9333920187793427 0.11047535211267606 0.13321596244131456 
0 0.13622359154929578 0.2778755868544601 0.05413732394366197 0.04284037558685446 
0 0.018485915492957746 0.2755281690140845 0.03433098591549296 0.04401408450704225 
0 0.13402288732394366 0.3257042253521127 0.0409330985915493 0.04107981220657277 
0 0.43287852112676056 0.1742957746478873 0.0682218309859155 0.0880281690140845 
0 0.043133802816901406 0.4841549295774648 0.07922535211267606 0.06455399061032864 
0 0.9592869718309859 0.25440140845070425 0.06910211267605634 0.06279342723004695 
0 0.639524647887324 0.9380868544600939 0.11443661971830986 0.1238262910798122 
0 0.9577464788732394 0.19336854460093897 0.06602112676056338 0.04401408450704225 
0 0.6032130281690141 0.11883802816901408 0.07262323943661972 0.04401408450704225 
0 0.6892605633802817 0.12177230046948356 0.07922535211267606 0.06748826291079812 
0 0.3628961267605634 0.2579225352112676 0.06734154929577464 0.07922535211267606 
0 0.034991197183098594 0.4113849765258216 0.06294014084507042 0.036384976525821594 
0 0.16923415492957747 0.8192488262910798 0.058538732394366196 0.06338028169014084 
0 0.029049295774647887 0.8192488262910798 0.04841549295774648 0.06338028169014084 
0 0.029049295774647887 0.7546948356807511 0.0528169014084507 0.0539906103286385 
0 0.09485035211267606 0.818368544600939 0.08142605633802817 0.05575117370892019 
0 0.12015845070422536 0.4216549295774648 0.07922535211267606 0.051056338028169015 
0 0.045994718309859156 0.6167840375586855 0.0761443661971831 0.06338028169014084 
0 0.043133802816901406 0.5469483568075117 0.07482394366197183 0.06455399061032864 
0 0.027288732394366196 0.8829225352112676 0.0448943661971831 0.05575117370892019 
0 0.7526408450704225 0.9360328638497653 0.11003521126760564 0.12793427230046947 
0 0.12235915492957747 0.5531103286384976 0.08362676056338028 0.061619718309859156 
0 0.863556338028169 0.7115610328638498 0.1153169014084507 0.15786384976525822 
0 0.6507482394366197 0.43720657276995306 0.11399647887323944 0.20187793427230047 
0 0.534330985915493 0.43779342723004694 0.11619718309859155 0.2007042253521127 
0 0.9579665492957746 0.47975352112676056 0.06558098591549295 0.10974178403755869 
0 0.8642165492957746 0.443075117370892 0.09463028169014084 0.18779342723004694 
0 0.6423855633802817 0.7024647887323944 0.12632042253521128 0.22300469483568075 
0 0.7544014084507042 0.6998239436619719 0.1073943661971831 0.20833333333333334 
0 0.5112235915492958 0.19072769953051644 0.0761443661971831 0.06807511737089202 
0 0.7603433098591549 0.44278169014084506 0.10607394366197183 0.18485915492957747 
0 0.2990757042253521 0.44454225352112675 0.11575704225352113 0.2142018779342723 
0 0.4324383802816901 0.2564553990610329 0.07086267605633803 0.07629107981220658 
0 0.42099471830985913 0.9328051643192489 0.1113556338028169 0.13438967136150234 
0 0.41241197183098594 0.6960093896713615 0.1153169014084507 0.19483568075117372 
0 0.8714788732394366 0.18603286384976525 0.07042253521126761 0.07863849765258216 
0 0.29643485915492956 0.6916079812206573 0.12279929577464789 0.20129107981220656 
0 0.5242077464788732 0.7039319248826291 0.11443661971830986 0.20833333333333334 
0 0.4170334507042254 0.43427230046948356 0.1131161971830986 0.21713615023474178 
0 0.6908010563380281 0.19278169014084506 0.08230633802816902 0.06044600938967136 
0 0.6091549295774648 0.18955399061032863 0.0897887323943662 0.08450704225352113 
0 0.9579665492957746 0.698650234741784 0.0743838028169014 0.1813380281690141 
0 0.8802816901408451 0.2661384976525822 0.07130281690140845 0.04753521126760563 
0 0.7830105633802817 0.2590962441314554 0.07130281690140845 0.04401408450704225 
0 0.7821302816901409 0.176056338028169 0.06866197183098592 0.0880281690140845 
0 0.3600352112676056 0.17165492957746478 0.07042253521126761 0.07922535211267606 
0 0.12610035211267606 0.4859154929577465 0.0743838028169014 0.06690140845070422 
0 0.5134242957746479 0.11619718309859155 0.06558098591549295 0.062206572769953054 
0 0.023987676056338027 0.18163145539906103 0.04709507042253521 0.04753521126760563 
0 0.09507042253521127 0.7511737089201878 0.07658450704225352 0.07863849765258216 
0 0.2984154929577465 0.25410798122065725 0.04841549295774648 0.056338028169014086 
0 0.5147447183098591 0.26085680751173707 0.07790492957746478 0.052230046948356805 
0 0.12786091549295775 0.6205985915492958 0.07526408450704225 0.06748826291079812 
0 0.6941021126760564 0.255575117370892 0.0801056338028169 0.06396713615023474 
0 0.6087147887323944 0.25528169014084506 0.09507042253521127 0.05868544600938967 
0 0.14326584507042253 0.22505868544600938 0.05941901408450704 0.031103286384976527 
0 0.14502640845070422 0.17370892018779344 0.06470070422535211 0.0539906103286385 
0 0.07394366197183098 0.32922535211267606 0.061619718309859156 0.045774647887323945 
0 0.07306338028169014 0.2831572769953052 0.05721830985915493 0.04401408450704225 
0 0.07350352112676056 0.23092723004694835 0.06690140845070422 0.03345070422535211 
0 0.07636443661971831 0.1766431924882629 0.07262323943661972 0.03990610328638498 
0 0.017825704225352113 0.3306924882629108 0.028609154929577465 0.04284037558685446 
0 0.5319102112676056 0.9354460093896714 0.09198943661971831 0.11502347417840375 
0 0.020026408450704226 0.2323943661971831 0.037411971830985914 0.036384976525821594 
0 0.8631161971830986 0.9363262910798122 0.11619718309859155 0.1273474178403756 
0 0.1661531690140845 0.89231220657277 0.05765845070422535 0.06279342723004695 
0 0.09595070422535211 0.8832159624413145 0.06514084507042253 0.06572769953051644 
0 0.3180017605633803 0.9333920187793427 0.11047535211267606 0.13321596244131456 
0 0.13622359154929578 0.2778755868544601 0.05413732394366197 0.04284037558685446 
0 0.018485915492957746 0.2755281690140845 0.03433098591549296 0.04401408450704225 
0 0.13402288732394366 0.3257042253521127 0.0409330985915493 0.04107981220657277 
0 0.43287852112676056 0.1742957746478873 0.0682218309859155 0.0880281690140845 
0 0.043133802816901406 0.4841549295774648 0.07922535211267606 0.06455399061032864 
0 0.9592869718309859 0.25440140845070425 0.06910211267605634 0.06279342723004695 
0 0.639524647887324 0.9380868544600939 0.11443661971830986 0.1238262910798122 
0 0.9577464788732394 0.19336854460093897 0.06602112676056338 0.04401408450704225 
0 0.6032130281690141 0.11883802816901408 0.07262323943661972 0.04401408450704225 
0 0.6892605633802817 0.12177230046948356 0.07922535211267606 0.06748826291079812 
0 0.3628961267605634 0.2579225352112676 0.06734154929577464 0.07922535211267606 
0 0.034991197183098594 0.4113849765258216 0.06294014084507042 0.036384976525821594 
0 0.16923415492957747 0.8192488262910798 0.058538732394366196 0.06338028169014084 
0 0.029049295774647887 0.8192488262910798 0.04841549295774648 0.06338028169014084 
0 0.029049295774647887 0.7546948356807511 0.0528169014084507 0.0539906103286385 
0 0.09485035211267606 0.818368544600939 0.08142605633802817 0.05575117370892019 
0 0.12015845070422536 0.4216549295774648 0.07922535211267606 0.051056338028169015 
0 0.045994718309859156 0.6167840375586855 0.0761443661971831 0.06338028169014084 
0 0.043133802816901406 0.5469483568075117 0.07482394366197183 0.06455399061032864 
0 0.027288732394366196 0.8829225352112676 0.0448943661971831 0.05575117370892019 
0 0.7526408450704225 0.9360328638497653 0.11003521126760564 0.12793427230046947 
0 0.12235915492957747 0.5531103286384976 0.08362676056338028 0.061619718309859156 
0 0.863556338028169 0.7115610328638498 0.1153169014084507 0.15786384976525822 
0 0.6507482394366197 0.43720657276995306 0.11399647887323944 0.20187793427230047 
0 0.534330985915493 0.43779342723004694 0.11619718309859155 0.2007042253521127 
0 0.9579665492957746 0.47975352112676056 0.06558098591549295 0.10974178403755869 
0 0.8642165492957746 0.443075117370892 0.09463028169014084 0.18779342723004694 
0 0.6423855633802817 0.7024647887323944 0.12632042253521128 0.22300469483568075 
0 0.7544014084507042 0.6998239436619719 0.1073943661971831 0.20833333333333334 
0 0.5112235915492958 0.19072769953051644 0.0761443661971831 0.06807511737089202 
0 0.7603433098591549 0.44278169014084506 0.10607394366197183 0.18485915492957747 
0 0.2990757042253521 0.44454225352112675 0.11575704225352113 0.2142018779342723 
0 0.4324383802816901 0.2564553990610329 0.07086267605633803 0.07629107981220658 
0 0.42099471830985913 0.9328051643192489 0.1113556338028169 0.13438967136150234 
0 0.41241197183098594 0.6960093896713615 0.1153169014084507 0.19483568075117372 
0 0.8714788732394366 0.18603286384976525 0.07042253521126761 0.07863849765258216 
0 0.29643485915492956 0.6916079812206573 0.12279929577464789 0.20129107981220656 
0 0.5242077464788732 0.7039319248826291 0.11443661971830986 0.20833333333333334 
0 0.4170334507042254 0.43427230046948356 0.1131161971830986 0.21713615023474178 
0 0.6908010563380281 0.19278169014084506 0.08230633802816902 0.06044600938967136 
0 0.6091549295774648 0.18955399061032863 0.0897887323943662 0.08450704225352113 
0 0.9579665492957746 0.698650234741784 0.0743838028169014 0.1813380281690141 
0 0.8802816901408451 0.2661384976525822 0.07130281690140845 0.04753521126760563 
0 0.7830105633802817 0.2590962441314554 0.07130281690140845 0.04401408450704225 
0 0.7821302816901409 0.176056338028169 0.06866197183098592 0.0880281690140845 
0 0.3600352112676056 0.17165492957746478 0.07042253521126761 0.07922535211267606 
0 0.12610035211267606 0.4859154929577465 0.0743838028169014 0.06690140845070422 
0 0.5134242957746479 0.11619718309859155 0.06558098591549295 0.062206572769953054 
0 0.023987676056338027 0.18163145539906103 0.04709507042253521 0.04753521126760563 
0 0.09507042253521127 0.7511737089201878 0.07658450704225352 0.07863849765258216 
0 0.2984154929577465 0.25410798122065725 0.04841549295774648 0.056338028169014086 
0 0.5147447183098591 0.26085680751173707 0.07790492957746478 0.052230046948356805 
0 0.12786091549295775 0.6205985915492958 0.07526408450704225 0.06748826291079812 
0 0.6941021126760564 0.255575117370892 0.0801056338028169 0.06396713615023474 
0 0.6087147887323944 0.25528169014084506 0.09507042253521127 0.05868544600938967 
0 0.14326584507042253 0.22505868544600938 0.05941901408450704 0.031103286384976527 
0 0.14502640845070422 0.17370892018779344 0.06470070422535211 0.0539906103286385 
0 0.07394366197183098 0.32922535211267606 0.061619718309859156 0.045774647887323945 
0 0.07306338028169014 0.2831572769953052 0.05721830985915493 0.04401408450704225 
0 0.07350352112676056 0.23092723004694835 0.06690140845070422 0.03345070422535211 
0 0.07636443661971831 0.1766431924882629 0.07262323943661972 0.03990610328638498 
0 0.017825704225352113 0.3306924882629108 0.028609154929577465 0.04284037558685446 
0 0.5319102112676056 0.9354460093896714 0.09198943661971831 0.11502347417840375 
0 0.020026408450704226 0.2323943661971831 0.037411971830985914 0.036384976525821594 
0 0.8631161971830986 0.9363262910798122 0.11619718309859155 0.1273474178403756 
0 0.1661531690140845 0.89231220657277 0.05765845070422535 0.06279342723004695 
0 0.09595070422535211 0.8832159624413145 0.06514084507042253 0.06572769953051644 
0 0.3180017605633803 0.9333920187793427 0.11047535211267606 0.13321596244131456 
0 0.13622359154929578 0.2778755868544601 0.05413732394366197 0.04284037558685446 
0 0.018485915492957746 0.2755281690140845 0.03433098591549296 0.04401408450704225 
0 0.13402288732394366 0.3257042253521127 0.0409330985915493 0.04107981220657277 
0 0.43287852112676056 0.1742957746478873 0.0682218309859155 0.0880281690140845 
0 0.043133802816901406 0.4841549295774648 0.07922535211267606 0.06455399061032864 
0 0.9592869718309859 0.25440140845070425 0.06910211267605634 0.06279342723004695 
0 0.639524647887324 0.9380868544600939 0.11443661971830986 0.1238262910798122 
0 0.9577464788732394 0.19336854460093897 0.06602112676056338 0.04401408450704225 
0 0.6032130281690141 0.11883802816901408 0.07262323943661972 0.04401408450704225 
0 0.6892605633802817 0.12177230046948356 0.07922535211267606 0.06748826291079812 
0 0.3628961267605634 0.2579225352112676 0.06734154929577464 0.07922535211267606 
0 0.034991197183098594 0.4113849765258216 0.06294014084507042 0.036384976525821594 
0 0.16923415492957747 0.8192488262910798 0.058538732394366196 0.06338028169014084 
0 0.029049295774647887 0.8192488262910798 0.04841549295774648 0.06338028169014084 
0 0.029049295774647887 0.7546948356807511 0.0528169014084507 0.0539906103286385 
0 0.09485035211267606 0.818368544600939 0.08142605633802817 0.05575117370892019 
0 0.12015845070422536 0.4216549295774648 0.07922535211267606 0.051056338028169015 
0 0.045994718309859156 0.6167840375586855 0.0761443661971831 0.06338028169014084 
0 0.043133802816901406 0.5469483568075117 0.07482394366197183 0.06455399061032864 
0 0.027288732394366196 0.8829225352112676 0.0448943661971831 0.05575117370892019 
0 0.7526408450704225 0.9360328638497653 0.11003521126760564 0.12793427230046947 
0 0.12235915492957747 0.5531103286384976 0.08362676056338028 0.061619718309859156 
0 0.863556338028169 0.7115610328638498 0.1153169014084507 0.15786384976525822 
0 0.6507482394366197 0.43720657276995306 0.11399647887323944 0.20187793427230047 
0 0.534330985915493 0.43779342723004694 0.11619718309859155 0.2007042253521127 
0 0.9579665492957746 0.47975352112676056 0.06558098591549295 0.10974178403755869 
0 0.8642165492957746 0.443075117370892 0.09463028169014084 0.18779342723004694 
0 0.6423855633802817 0.7024647887323944 0.12632042253521128 0.22300469483568075 
0 0.7544014084507042 0.6998239436619719 0.1073943661971831 0.20833333333333334 
0 0.5112235915492958 0.19072769953051644 0.0761443661971831 0.06807511737089202 
0 0.7603433098591549 0.44278169014084506 0.10607394366197183 0.18485915492957747 
0 0.2990757042253521 0.44454225352112675 0.11575704225352113 0.2142018779342723 
0 0.4324383802816901 0.2564553990610329 0.07086267605633803 0.07629107981220658 
0 0.42099471830985913 0.9328051643192489 0.1113556338028169 0.13438967136150234 
0 0.41241197183098594 0.6960093896713615 0.1153169014084507 0.19483568075117372 
0 0.8714788732394366 0.18603286384976525 0.07042253521126761 0.07863849765258216 
0 0.29643485915492956 0.6916079812206573 0.12279929577464789 0.20129107981220656 
0 0.5242077464788732 0.7039319248826291 0.11443661971830986 0.20833333333333334 
0 0.4170334507042254 0.43427230046948356 0.1131161971830986 0.21713615023474178 
0 0.6908010563380281 0.19278169014084506 0.08230633802816902 0.06044600938967136 
0 0.6091549295774648 0.18955399061032863 0.0897887323943662 0.08450704225352113 
0 0.9579665492957746 0.698650234741784 0.0743838028169014 0.1813380281690141 
0 0.8802816901408451 0.2661384976525822 0.07130281690140845 0.04753521126760563 
0 0.7830105633802817 0.2590962441314554 0.07130281690140845 0.04401408450704225 
0 0.7821302816901409 0.176056338028169 0.06866197183098592 0.0880281690140845 
0 0.3600352112676056 0.17165492957746478 0.07042253521126761 0.07922535211267606 
0 0.12610035211267606 0.4859154929577465 0.0743838028169014 0.06690140845070422 
0 0.5134242957746479 0.11619718309859155 0.06558098591549295 0.062206572769953054 
0 0.023987676056338027 0.18163145539906103 0.04709507042253521 0.04753521126760563 
0 0.09507042253521127 0.7511737089201878 0.07658450704225352 0.07863849765258216 
0 0.2984154929577465 0.25410798122065725 0.04841549295774648 0.056338028169014086 
0 0.5147447183098591 0.26085680751173707 0.07790492957746478 0.052230046948356805 
0 0.12786091549295775 0.6205985915492958 0.07526408450704225 0.06748826291079812 
0 0.6941021126760564 0.255575117370892 0.0801056338028169 0.06396713615023474 
0 0.6087147887323944 0.25528169014084506 0.09507042253521127 0.05868544600938967 
