0 0.5924295774647887 0.6921948356807511 0.06954225352112677 0.0733568075117371 
0 0.1837588028169014 0.9592136150234741 0.08582746478873239 0.06279342723004695 
0 0.1954225352112676 0.8908450704225352 0.09330985915492958 0.056338028169014086 
0 0.18441901408450703 0.8268779342723005 0.09154929577464789 0.062206572769953054 
0 0.8829225352112676 0.7623239436619719 0.09859154929577464 0.20657276995305165 
0 0.7860915492957746 0.6910211267605634 0.07834507042253522 0.08157276995305164 
0 0.06668133802816902 0.9530516431924883 0.08582746478873239 0.0715962441314554 
0 0.2834507042253521 0.3471244131455399 0.07394366197183098 0.08274647887323944 
0 0.11839788732394366 0.31161971830985913 0.08714788732394366 0.0715962441314554 
0 0.36245598591549294 0.2546948356807512 0.07702464788732394 0.09741784037558686 
0 0.1190580985915493 0.37235915492957744 0.08142605633802817 0.061619718309859156 
0 0.36069542253521125 0.3477112676056338 0.07790492957746478 0.08509389671361503 
0 0.6883802816901409 0.6091549295774648 0.0801056338028169 0.057511737089201875 
0 0.07548415492957747 0.6311619718309859 0.09903169014084508 0.05575117370892019 
0 0.11729753521126761 0.2414906103286385 0.08934859154929578 0.05927230046948357 
0 0.06800176056338028 0.8829225352112676 0.09463028169014084 0.06866197183098592 
0 0.5013204225352113 0.687793427230047 0.0721830985915493 0.07511737089201878 
0 0.4311179577464789 0.858274647887324 0.07878521126760564 0.06748826291079812 
0 0.3067781690140845 0.9278169014084507 0.07570422535211267 0.08685446009389672 
0 0.037852112676056336 0.19718309859154928 0.07042253521126761 0.0539906103286385 
0 0.735475352112676 0.926349765258216 0.07922535211267606 0.09800469483568075 
0 0.5220070422535211 0.9213615023474179 0.0880281690140845 0.07629107981220658 
0 0.5523767605633803 0.23826291079812206 0.07746478873239436 0.04812206572769953 
0 0.31558098591549294 0.8506455399061033 0.08890845070422536 0.06748826291079812 
0 0.6908010563380281 0.45980046948356806 0.09110915492957747 0.08039906103286384 
0 0.5834066901408451 0.45539906103286387 0.09022887323943662 0.06572769953051644 
0 0.5004401408450704 0.4592136150234742 0.07570422535211267 0.06748826291079812 
0 0.7816901408450704 0.6029929577464789 0.0880281690140845 0.0733568075117371 
0 0.36069542253521125 0.1613849765258216 0.07350352112676056 0.0880281690140845 
0 0.20994718309859156 0.3629694835680751 0.08890845070422536 0.056924882629107984 
0 0.2048855633802817 0.3004694835680751 0.07262323943661972 0.06455399061032864 
0 0.21214788732394366 0.2367957746478873 0.07394366197183098 0.06044600938967136 
0 0.2055457746478873 0.17077464788732394 0.09595070422535211 0.057511737089201875 
0 0.11971830985915492 0.1766431924882629 0.08274647887323944 0.05985915492957746 
0 0.03829225352112676 0.37089201877934275 0.06690140845070422 0.05868544600938967 
0 0.03653169014084507 0.3130868544600939 0.07042253521126761 0.04870892018779343 
0 0.03653169014084507 0.25440140845070425 0.06602112676056338 0.05457746478873239 
0 0.42715669014084506 0.9562793427230047 0.08670774647887323 0.07570422535211267 
0 0.7858714788732394 0.5231807511737089 0.09463028169014084 0.08274647887323944 
0 0.6324823943661971 0.9292840375586855 0.08890845070422536 0.07805164319248827 
0 0.07020246478873239 0.5044014084507042 0.09551056338028169 0.0534037558685446 
0 0.6439260563380281 0.18339201877934272 0.06690140845070422 0.052230046948356805 
0 0.4997799295774648 0.6094483568075117 0.06998239436619719 0.07570422535211267 
0 0.5525968309859155 0.2981220657276995 0.08670774647887323 0.056338028169014086 
0 0.6443661971830986 0.35475352112676056 0.07922535211267606 0.04988262910798122 
0 0.4993397887323944 0.5319835680751174 0.06910211267605634 0.0698356807511737 
0 0.43838028169014087 0.34683098591549294 0.07922535211267606 0.09272300469483569 
0 0.586487676056338 0.5349178403755869 0.08054577464788733 0.07453051643192488 
0 0.7409771126760564 0.3588615023474178 0.07526408450704225 0.0534037558685446 
0 0.44190140845070425 0.25322769953051644 0.08274647887323944 0.10035211267605634 
0 0.6949823943661971 0.6963028169014085 0.0818661971830986 0.07687793427230047 
0 0.20026408450704225 0.7056924882629108 0.09595070422535211 0.06748826291079812 
0 0.8941461267605634 0.4950117370892019 0.10695422535211267 0.2482394366197183 
0 0.9009683098591549 0.27875586854460094 0.07658450704225352 0.13145539906103287 
0 0.5279489436619719 0.8430164319248826 0.09551056338028169 0.09213615023474178 
0 0.6360035211267606 0.852112676056338 0.10387323943661972 0.09389671361502347 
0 0.644806338028169 0.30164319248826293 0.06690140845070422 0.04107981220657277 
0 0.19608274647887325 0.5669014084507042 0.09727112676056338 0.062206572769953054 
0 0.40096830985915494 0.4724178403755869 0.07834507042253522 0.05046948356807512 
0 0.5536971830985915 0.1807511737089202 0.08450704225352113 0.05046948356807512 
0 0.7387764084507042 0.29870892018779344 0.08318661971830986 0.062206572769953054 
0 0.7381161971830986 0.2353286384976526 0.08714788732394366 0.04812206572769953 
0 0.6848591549295775 0.5334507042253521 0.08274647887323944 0.07276995305164319 
0 0.4005281690140845 0.5366784037558685 0.07130281690140845 0.06044600938967136 
0 0.20026408450704225 0.6335093896713615 0.09419014084507042 0.04518779342723005 
0 0.4042693661971831 0.6182511737089202 0.07702464788732394 0.06748826291079812 
0 0.30633802816901406 0.6907276995305164 0.07306338028169014 0.05868544600938967 
0 0.2876320422535211 0.25029342723004694 0.06998239436619719 0.09448356807511737 
0 0.40360915492957744 0.7027582159624414 0.07922535211267606 0.05927230046948357 
0 0.07922535211267606 0.7004107981220657 0.0880281690140845 0.05575117370892019 
0 0.30545774647887325 0.6223591549295775 0.07482394366197183 0.06279342723004695 
0 0.6454665492957746 0.23884976525821597 0.07262323943661972 0.05985915492957746 
0 0.3008362676056338 0.4732981220657277 0.07702464788732394 0.04870892018779343 
0 0.5545774647887324 0.3562206572769953 0.07306338028169014 0.0528169014084507 
0 0.43705985915492956 0.15082159624413147 0.07482394366197183 0.10328638497652583 
0 0.5867077464788732 0.6112089201877934 0.07482394366197183 0.0733568075117371 
0 0.07262323943661972 0.5645539906103286 0.09066901408450705 0.06572769953051644 
0 0.7345950704225352 0.17693661971830985 0.07746478873239436 0.04988262910798122 
0 0.30391725352112675 0.5413732394366197 0.0743838028169014 0.05575117370892019 
0 0.5924295774647887 0.6921948356807511 0.06954225352112677 0.0733568075117371 
0 0.1837588028169014 0.9592136150234741 0.08582746478873239 0.06279342723004695 
0 0.1954225352112676 0.8908450704225352 0.09330985915492958 0.056338028169014086 
0 0.18441901408450703 0.8268779342723005 0.09154929577464789 0.062206572769953054 
0 0.8829225352112676 0.7623239436619719 0.09859154929577464 0.20657276995305165 
0 0.7860915492957746 0.6910211267605634 0.07834507042253522 0.08157276995305164 
0 0.06668133802816902 0.9530516431924883 0.08582746478873239 0.0715962441314554 
0 0.2834507042253521 0.3471244131455399 0.07394366197183098 0.08274647887323944 
0 0.11839788732394366 0.31161971830985913 0.08714788732394366 0.0715962441314554 
0 0.36245598591549294 0.2546948356807512 0.07702464788732394 0.09741784037558686 
0 0.1190580985915493 0.37235915492957744 0.08142605633802817 0.061619718309859156 
0 0.36069542253521125 0.3477112676056338 0.07790492957746478 0.08509389671361503 
0 0.6883802816901409 0.6091549295774648 0.0801056338028169 0.057511737089201875 
0 0.07548415492957747 0.6311619718309859 0.09903169014084508 0.05575117370892019 
0 0.11729753521126761 0.2414906103286385 0.08934859154929578 0.05927230046948357 
0 0.06800176056338028 0.8829225352112676 0.09463028169014084 0.06866197183098592 
0 0.5013204225352113 0.687793427230047 0.0721830985915493 0.07511737089201878 
0 0.4311179577464789 0.858274647887324 0.07878521126760564 0.06748826291079812 
0 0.3067781690140845 0.9278169014084507 0.07570422535211267 0.08685446009389672 
0 0.037852112676056336 0.19718309859154928 0.07042253521126761 0.0539906103286385 
0 0.735475352112676 0.926349765258216 0.07922535211267606 0.09800469483568075 
0 0.5220070422535211 0.9213615023474179 0.0880281690140845 0.07629107981220658 
0 0.5523767605633803 0.23826291079812206 0.07746478873239436 0.04812206572769953 
0 0.31558098591549294 0.8506455399061033 0.08890845070422536 0.06748826291079812 
0 0.6908010563380281 0.45980046948356806 0.09110915492957747 0.08039906103286384 
0 0.5834066901408451 0.45539906103286387 0.09022887323943662 0.06572769953051644 
0 0.5004401408450704 0.4592136150234742 0.07570422535211267 0.06748826291079812 
0 0.7816901408450704 0.6029929577464789 0.0880281690140845 0.0733568075117371 
0 0.36069542253521125 0.1613849765258216 0.07350352112676056 0.0880281690140845 
0 0.20994718309859156 0.3629694835680751 0.08890845070422536 0.056924882629107984 
0 0.2048855633802817 0.3004694835680751 0.07262323943661972 0.06455399061032864 
0 0.21214788732394366 0.2367957746478873 0.07394366197183098 0.06044600938967136 
0 0.2055457746478873 0.17077464788732394 0.09595070422535211 0.057511737089201875 
0 0.11971830985915492 0.1766431924882629 0.08274647887323944 0.05985915492957746 
0 0.03829225352112676 0.37089201877934275 0.06690140845070422 0.05868544600938967 
0 0.03653169014084507 0.3130868544600939 0.07042253521126761 0.04870892018779343 
0 0.03653169014084507 0.25440140845070425 0.06602112676056338 0.05457746478873239 
0 0.42715669014084506 0.9562793427230047 0.08670774647887323 0.07570422535211267 
0 0.7858714788732394 0.5231807511737089 0.09463028169014084 0.08274647887323944 
0 0.6324823943661971 0.9292840375586855 0.08890845070422536 0.07805164319248827 
0 0.07020246478873239 0.5044014084507042 0.09551056338028169 0.0534037558685446 
0 0.6439260563380281 0.18339201877934272 0.06690140845070422 0.052230046948356805 
0 0.4997799295774648 0.6094483568075117 0.06998239436619719 0.07570422535211267 
0 0.5525968309859155 0.2981220657276995 0.08670774647887323 0.056338028169014086 
0 0.6443661971830986 0.35475352112676056 0.07922535211267606 0.04988262910798122 
0 0.4993397887323944 0.5319835680751174 0.06910211267605634 0.0698356807511737 
0 0.43838028169014087 0.34683098591549294 0.07922535211267606 0.09272300469483569 
0 0.586487676056338 0.5349178403755869 0.08054577464788733 0.07453051643192488 
0 0.7409771126760564 0.3588615023474178 0.07526408450704225 0.0534037558685446 
0 0.44190140845070425 0.25322769953051644 0.08274647887323944 0.10035211267605634 
0 0.6949823943661971 0.6963028169014085 0.0818661971830986 0.07687793427230047 
0 0.20026408450704225 0.7056924882629108 0.09595070422535211 0.06748826291079812 
0 0.8941461267605634 0.4950117370892019 0.10695422535211267 0.2482394366197183 
0 0.9009683098591549 0.27875586854460094 0.07658450704225352 0.13145539906103287 
0 0.5279489436619719 0.8430164319248826 0.09551056338028169 0.09213615023474178 
0 0.6360035211267606 0.852112676056338 0.10387323943661972 0.09389671361502347 
0 0.644806338028169 0.30164319248826293 0.06690140845070422 0.04107981220657277 
0 0.19608274647887325 0.5669014084507042 0.09727112676056338 0.062206572769953054 
0 0.40096830985915494 0.4724178403755869 0.07834507042253522 0.05046948356807512 
0 0.5536971830985915 0.1807511737089202 0.08450704225352113 0.05046948356807512 
0 0.7387764084507042 0.29870892018779344 0.08318661971830986 0.062206572769953054 
0 0.7381161971830986 0.2353286384976526 0.08714788732394366 0.04812206572769953 
0 0.6848591549295775 0.5334507042253521 0.08274647887323944 0.07276995305164319 
0 0.4005281690140845 0.5366784037558685 0.07130281690140845 0.06044600938967136 
0 0.20026408450704225 0.6335093896713615 0.09419014084507042 0.04518779342723005 
0 0.4042693661971831 0.6182511737089202 0.07702464788732394 0.06748826291079812 
0 0.30633802816901406 0.6907276995305164 0.07306338028169014 0.05868544600938967 
0 0.2876320422535211 0.25029342723004694 0.06998239436619719 0.09448356807511737 
0 0.40360915492957744 0.7027582159624414 0.07922535211267606 0.05927230046948357 
0 0.07922535211267606 0.7004107981220657 0.0880281690140845 0.05575117370892019 
0 0.30545774647887325 0.6223591549295775 0.07482394366197183 0.06279342723004695 
0 0.6454665492957746 0.23884976525821597 0.07262323943661972 0.05985915492957746 
0 0.3008362676056338 0.4732981220657277 0.07702464788732394 0.04870892018779343 
0 0.5545774647887324 0.3562206572769953 0.07306338028169014 0.0528169014084507 
0 0.43705985915492956 0.15082159624413147 0.07482394366197183 0.10328638497652583 
0 0.5867077464788732 0.6112089201877934 0.07482394366197183 0.0733568075117371 
0 0.07262323943661972 0.5645539906103286 0.09066901408450705 0.06572769953051644 
0 0.7345950704225352 0.17693661971830985 0.07746478873239436 0.04988262910798122 
0 0.30391725352112675 0.5413732394366197 0.0743838028169014 0.05575117370892019 
0 0.5924295774647887 0.6921948356807511 0.06954225352112677 0.0733568075117371 
0 0.1837588028169014 0.9592136150234741 0.08582746478873239 0.06279342723004695 
0 0.1954225352112676 0.8908450704225352 0.09330985915492958 0.056338028169014086 
0 0.18441901408450703 0.8268779342723005 0.09154929577464789 0.062206572769953054 
0 0.8829225352112676 0.7623239436619719 0.09859154929577464 0.20657276995305165 
0 0.7860915492957746 0.6910211267605634 0.07834507042253522 0.08157276995305164 
0 0.06668133802816902 0.9530516431924883 0.08582746478873239 0.0715962441314554 
0 0.2834507042253521 0.3471244131455399 0.07394366197183098 0.08274647887323944 
0 0.11839788732394366 0.31161971830985913 0.08714788732394366 0.0715962441314554 
0 0.36245598591549294 0.2546948356807512 0.07702464788732394 0.09741784037558686 
0 0.1190580985915493 0.37235915492957744 0.08142605633802817 0.061619718309859156 
0 0.36069542253521125 0.3477112676056338 0.07790492957746478 0.08509389671361503 
0 0.6883802816901409 0.6091549295774648 0.0801056338028169 0.057511737089201875 
0 0.07548415492957747 0.6311619718309859 0.09903169014084508 0.05575117370892019 
0 0.11729753521126761 0.2414906103286385 0.08934859154929578 0.05927230046948357 
0 0.06800176056338028 0.8829225352112676 0.09463028169014084 0.06866197183098592 
0 0.5013204225352113 0.687793427230047 0.0721830985915493 0.07511737089201878 
0 0.4311179577464789 0.858274647887324 0.07878521126760564 0.06748826291079812 
0 0.3067781690140845 0.9278169014084507 0.07570422535211267 0.08685446009389672 
0 0.037852112676056336 0.19718309859154928 0.07042253521126761 0.0539906103286385 
0 0.735475352112676 0.926349765258216 0.07922535211267606 0.09800469483568075 
0 0.5220070422535211 0.9213615023474179 0.0880281690140845 0.07629107981220658 
0 0.5523767605633803 0.23826291079812206 0.07746478873239436 0.04812206572769953 
0 0.31558098591549294 0.8506455399061033 0.08890845070422536 0.06748826291079812 
0 0.6908010563380281 0.45980046948356806 0.09110915492957747 0.08039906103286384 
0 0.5834066901408451 0.45539906103286387 0.09022887323943662 0.06572769953051644 
0 0.5004401408450704 0.4592136150234742 0.07570422535211267 0.06748826291079812 
0 0.7816901408450704 0.6029929577464789 0.0880281690140845 0.0733568075117371 
0 0.36069542253521125 0.1613849765258216 0.07350352112676056 0.0880281690140845 
0 0.20994718309859156 0.3629694835680751 0.08890845070422536 0.056924882629107984 
0 0.2048855633802817 0.3004694835680751 0.07262323943661972 0.06455399061032864 
0 0.21214788732394366 0.2367957746478873 0.07394366197183098 0.06044600938967136 
0 0.2055457746478873 0.17077464788732394 0.09595070422535211 0.057511737089201875 
0 0.11971830985915492 0.1766431924882629 0.08274647887323944 0.05985915492957746 
0 0.03829225352112676 0.37089201877934275 0.06690140845070422 0.05868544600938967 
0 0.03653169014084507 0.3130868544600939 0.07042253521126761 0.04870892018779343 
0 0.03653169014084507 0.25440140845070425 0.06602112676056338 0.05457746478873239 
0 0.42715669014084506 0.9562793427230047 0.08670774647887323 0.07570422535211267 
0 0.7858714788732394 0.5231807511737089 0.09463028169014084 0.08274647887323944 
0 0.6324823943661971 0.9292840375586855 0.08890845070422536 0.07805164319248827 
0 0.07020246478873239 0.5044014084507042 0.09551056338028169 0.0534037558685446 
0 0.6439260563380281 0.18339201877934272 0.06690140845070422 0.052230046948356805 
0 0.4997799295774648 0.6094483568075117 0.06998239436619719 0.07570422535211267 
0 0.5525968309859155 0.2981220657276995 0.08670774647887323 0.056338028169014086 
0 0.6443661971830986 0.35475352112676056 0.07922535211267606 0.04988262910798122 
0 0.4993397887323944 0.5319835680751174 0.06910211267605634 0.0698356807511737 
0 0.43838028169014087 0.34683098591549294 0.07922535211267606 0.09272300469483569 
0 0.586487676056338 0.5349178403755869 0.08054577464788733 0.07453051643192488 
0 0.7409771126760564 0.3588615023474178 0.07526408450704225 0.0534037558685446 
0 0.44190140845070425 0.25322769953051644 0.08274647887323944 0.10035211267605634 
0 0.6949823943661971 0.6963028169014085 0.0818661971830986 0.07687793427230047 
0 0.20026408450704225 0.7056924882629108 0.09595070422535211 0.06748826291079812 
0 0.8941461267605634 0.4950117370892019 0.10695422535211267 0.2482394366197183 
0 0.9009683098591549 0.27875586854460094 0.07658450704225352 0.13145539906103287 
0 0.5279489436619719 0.8430164319248826 0.09551056338028169 0.09213615023474178 
0 0.6360035211267606 0.852112676056338 0.10387323943661972 0.09389671361502347 
0 0.644806338028169 0.30164319248826293 0.06690140845070422 0.04107981220657277 
0 0.19608274647887325 0.5669014084507042 0.09727112676056338 0.062206572769953054 
0 0.40096830985915494 0.4724178403755869 0.07834507042253522 0.05046948356807512 
0 0.5536971830985915 0.1807511737089202 0.08450704225352113 0.05046948356807512 
0 0.7387764084507042 0.29870892018779344 0.08318661971830986 0.062206572769953054 
0 0.7381161971830986 0.2353286384976526 0.08714788732394366 0.04812206572769953 
0 0.6848591549295775 0.5334507042253521 0.08274647887323944 0.07276995305164319 
0 0.4005281690140845 0.5366784037558685 0.07130281690140845 0.06044600938967136 
0 0.20026408450704225 0.6335093896713615 0.09419014084507042 0.04518779342723005 
0 0.4042693661971831 0.6182511737089202 0.07702464788732394 0.06748826291079812 
0 0.30633802816901406 0.6907276995305164 0.07306338028169014 0.05868544600938967 
0 0.2876320422535211 0.25029342723004694 0.06998239436619719 0.09448356807511737 
0 0.40360915492957744 0.7027582159624414 0.07922535211267606 0.05927230046948357 
0 0.07922535211267606 0.7004107981220657 0.0880281690140845 0.05575117370892019 
0 0.30545774647887325 0.6223591549295775 0.07482394366197183 0.06279342723004695 
0 0.6454665492957746 0.23884976525821597 0.07262323943661972 0.05985915492957746 
0 0.3008362676056338 0.4732981220657277 0.07702464788732394 0.04870892018779343 
0 0.5545774647887324 0.3562206572769953 0.07306338028169014 0.0528169014084507 
0 0.43705985915492956 0.15082159624413147 0.07482394366197183 0.10328638497652583 
0 0.5867077464788732 0.6112089201877934 0.07482394366197183 0.0733568075117371 
0 0.07262323943661972 0.5645539906103286 0.09066901408450705 0.06572769953051644 
0 0.7345950704225352 0.17693661971830985 0.07746478873239436 0.04988262910798122 
0 0.30391725352112675 0.5413732394366197 0.0743838028169014 0.05575117370892019 
