0 0.5884683098591549 0.08039906103286384 0.08714788732394366 0.15610328638497653 
0 0.032350352112676055 0.0892018779342723 0.06382042253521127 0.1643192488262911 
0 0.0724031690140845 0.8893779342723005 0.04973591549295775 0.11678403755868545 
0 0.4119718309859155 0.08714788732394366 0.11003521126760564 0.15434272300469484 
0 0.5178257042253521 0.7247652582159625 0.061179577464788734 0.13145539906103287 
0 0.9478433098591549 0.5466549295774648 0.07262323943661972 0.16255868544600938 
0 0.9117517605633803 0.7121478873239436 0.07878521126760564 0.11326291079812206 
0 0.9597271126760564 0.3163145539906103 0.07702464788732394 0.18192488262910797 
0 0.11069542253521127 0.3301056338028169 0.06734154929577464 0.16490610328638497 
0 0.9082306338028169 0.8802816901408451 0.06558098591549295 0.10211267605633803 
0 0.24361795774647887 0.9081572769953051 0.06382042253521127 0.05575117370892019 
0 0.9643485915492958 0.8758802816901409 0.05017605633802817 0.10504694835680752 
0 0.022887323943661973 0.8788145539906104 0.037852112676056336 0.13086854460093897 
0 0.1274207746478873 0.09154929577464789 0.12015845070422536 0.16549295774647887 
0 0.952024647887324 0.0886150234741784 0.07482394366197183 0.15375586854460094 
0 0.03389084507042254 0.7165492957746479 0.06514084507042253 0.11619718309859155 
0 0.12411971830985916 0.8823356807511737 0.056338028169014086 0.1073943661971831 
0 0.844850352112676 0.8779342723004695 0.06910211267605634 0.09859154929577464 
0 0.1875 0.8955399061032864 0.04841549295774648 0.11854460093896714 
0 0.22601232394366197 0.852406103286385 0.0682218309859155 0.04401408450704225 
0 0.43860035211267606 0.733274647887324 0.09198943661971831 0.10856807511737089 
0 0.308318661971831 0.8949530516431925 0.04005281690140845 0.07042253521126761 
0 0.8835827464788732 0.5410798122065728 0.0664612676056338 0.14084507042253522 
0 0.4308978873239437 0.32511737089201875 0.09154929577464789 0.16901408450704225 
0 0.667693661971831 0.5422535211267606 0.07394366197183098 0.14788732394366197 
0 0.09529049295774648 0.7244718309859155 0.053257042253521125 0.1073943661971831 
0 0.3164612676056338 0.5487089201877934 0.0818661971830986 0.14906103286384975 
0 0.2088468309859155 0.32423708920187794 0.08054577464788733 0.17194835680751175 
0 0.7502200704225352 0.54518779342723 0.06470070422535211 0.13615023474178403 
0 0.4168133802816901 0.5422535211267606 0.0977112676056338 0.15610328638497653 
0 0.8655369718309859 0.3145539906103286 0.0743838028169014 0.16666666666666666 
0 0.2304137323943662 0.5434272300469484 0.09903169014084508 0.14553990610328638 
0 0.5035211267605634 0.54518779342723 0.0801056338028169 0.1596244131455399 
0 0.518705985915493 0.3163145539906103 0.07878521126760564 0.18661971830985916 
0 0.5860475352112676 0.539612676056338 0.07790492957746478 0.14730046948356806 
0 0.7825704225352113 0.3174882629107981 0.06866197183098592 0.15375586854460094 
0 0.8226232394366197 0.5443075117370892 0.06778169014084508 0.13438967136150234 
0 0.6054137323943662 0.3171948356807512 0.0840669014084507 0.18838028169014084 
0 0.3527728873239437 0.7256455399061033 0.05677816901408451 0.10622065727699531 
0 0.08692781690140845 0.5363849765258216 0.09198943661971831 0.1443661971830986 
0 0.7726672535211268 0.7203638497652582 0.05941901408450704 0.11443661971830986 
0 0.29225352112676056 0.727112676056338 0.05545774647887324 0.1068075117370892 
0 0.7090669014084507 0.7203638497652582 0.08362676056338028 0.11443661971830986 
0 0.8382482394366197 0.7147887323943662 0.07790492957746478 0.12206572769953052 
0 0.5033010563380281 0.08568075117370892 0.07702464788732394 0.1596244131455399 
0 0.6949823943661971 0.31778169014084506 0.08098591549295775 0.19307511737089203 
0 0.22953345070422534 0.7235915492957746 0.0488556338028169 0.1068075117370892 
0 0.16549295774647887 0.7188967136150235 0.051056338028169015 0.107981220657277 
0 0.5884683098591549 0.08039906103286384 0.08714788732394366 0.15610328638497653 
0 0.032350352112676055 0.0892018779342723 0.06382042253521127 0.1643192488262911 
0 0.0724031690140845 0.8893779342723005 0.04973591549295775 0.11678403755868545 
0 0.4119718309859155 0.08714788732394366 0.11003521126760564 0.15434272300469484 
0 0.5178257042253521 0.7247652582159625 0.061179577464788734 0.13145539906103287 
0 0.9478433098591549 0.5466549295774648 0.07262323943661972 0.16255868544600938 
0 0.9117517605633803 0.7121478873239436 0.07878521126760564 0.11326291079812206 
0 0.9597271126760564 0.3163145539906103 0.07702464788732394 0.18192488262910797 
0 0.11069542253521127 0.3301056338028169 0.06734154929577464 0.16490610328638497 
0 0.9082306338028169 0.8802816901408451 0.06558098591549295 0.10211267605633803 
0 0.24361795774647887 0.9081572769953051 0.06382042253521127 0.05575117370892019 
0 0.9643485915492958 0.8758802816901409 0.05017605633802817 0.10504694835680752 
0 0.022887323943661973 0.8788145539906104 0.037852112676056336 0.13086854460093897 
0 0.1274207746478873 0.09154929577464789 0.12015845070422536 0.16549295774647887 
0 0.952024647887324 0.0886150234741784 0.07482394366197183 0.15375586854460094 
0 0.03389084507042254 0.7165492957746479 0.06514084507042253 0.11619718309859155 
0 0.12411971830985916 0.8823356807511737 0.056338028169014086 0.1073943661971831 
0 0.844850352112676 0.8779342723004695 0.06910211267605634 0.09859154929577464 
0 0.1875 0.8955399061032864 0.04841549295774648 0.11854460093896714 
0 0.22601232394366197 0.852406103286385 0.0682218309859155 0.04401408450704225 
0 0.43860035211267606 0.733274647887324 0.09198943661971831 0.10856807511737089 
0 0.308318661971831 0.8949530516431925 0.04005281690140845 0.07042253521126761 
0 0.8835827464788732 0.5410798122065728 0.0664612676056338 0.14084507042253522 
0 0.4308978873239437 0.32511737089201875 0.09154929577464789 0.16901408450704225 
0 0.667693661971831 0.5422535211267606 0.07394366197183098 0.14788732394366197 
0 0.09529049295774648 0.7244718309859155 0.053257042253521125 0.1073943661971831 
0 0.3164612676056338 0.5487089201877934 0.0818661971830986 0.14906103286384975 
0 0.2088468309859155 0.32423708920187794 0.08054577464788733 0.17194835680751175 
0 0.7502200704225352 0.54518779342723 0.06470070422535211 0.13615023474178403 
0 0.4168133802816901 0.5422535211267606 0.0977112676056338 0.15610328638497653 
0 0.8655369718309859 0.3145539906103286 0.0743838028169014 0.16666666666666666 
0 0.2304137323943662 0.5434272300469484 0.09903169014084508 0.14553990610328638 
0 0.5035211267605634 0.54518779342723 0.0801056338028169 0.1596244131455399 
0 0.518705985915493 0.3163145539906103 0.07878521126760564 0.18661971830985916 
0 0.5860475352112676 0.539612676056338 0.07790492957746478 0.14730046948356806 
0 0.7825704225352113 0.3174882629107981 0.06866197183098592 0.15375586854460094 
0 0.8226232394366197 0.5443075117370892 0.06778169014084508 0.13438967136150234 
0 0.6054137323943662 0.3171948356807512 0.0840669014084507 0.18838028169014084 
0 0.3527728873239437 0.7256455399061033 0.05677816901408451 0.10622065727699531 
0 0.08692781690140845 0.5363849765258216 0.09198943661971831 0.1443661971830986 
0 0.7726672535211268 0.7203638497652582 0.05941901408450704 0.11443661971830986 
0 0.29225352112676056 0.727112676056338 0.05545774647887324 0.1068075117370892 
0 0.7090669014084507 0.7203638497652582 0.08362676056338028 0.11443661971830986 
0 0.8382482394366197 0.7147887323943662 0.07790492957746478 0.12206572769953052 
0 0.5033010563380281 0.08568075117370892 0.07702464788732394 0.1596244131455399 
0 0.6949823943661971 0.31778169014084506 0.08098591549295775 0.19307511737089203 
0 0.22953345070422534 0.7235915492957746 0.0488556338028169 0.1068075117370892 
0 0.16549295774647887 0.7188967136150235 0.051056338028169015 0.107981220657277 
0 0.5884683098591549 0.08039906103286384 0.08714788732394366 0.15610328638497653 
0 0.032350352112676055 0.0892018779342723 0.06382042253521127 0.1643192488262911 
0 0.0724031690140845 0.8893779342723005 0.04973591549295775 0.11678403755868545 
0 0.4119718309859155 0.08714788732394366 0.11003521126760564 0.15434272300469484 
0 0.5178257042253521 0.7247652582159625 0.061179577464788734 0.13145539906103287 
0 0.9478433098591549 0.5466549295774648 0.07262323943661972 0.16255868544600938 
0 0.9117517605633803 0.7121478873239436 0.07878521126760564 0.11326291079812206 
0 0.9597271126760564 0.3163145539906103 0.07702464788732394 0.18192488262910797 
0 0.11069542253521127 0.3301056338028169 0.06734154929577464 0.16490610328638497 
0 0.9082306338028169 0.8802816901408451 0.06558098591549295 0.10211267605633803 
0 0.24361795774647887 0.9081572769953051 0.06382042253521127 0.05575117370892019 
0 0.9643485915492958 0.8758802816901409 0.05017605633802817 0.10504694835680752 
0 0.022887323943661973 0.8788145539906104 0.037852112676056336 0.13086854460093897 
0 0.1274207746478873 0.09154929577464789 0.12015845070422536 0.16549295774647887 
0 0.952024647887324 0.0886150234741784 0.07482394366197183 0.15375586854460094 
0 0.03389084507042254 0.7165492957746479 0.06514084507042253 0.11619718309859155 
0 0.12411971830985916 0.8823356807511737 0.056338028169014086 0.1073943661971831 
0 0.844850352112676 0.8779342723004695 0.06910211267605634 0.09859154929577464 
0 0.1875 0.8955399061032864 0.04841549295774648 0.11854460093896714 
0 0.22601232394366197 0.852406103286385 0.0682218309859155 0.04401408450704225 
0 0.43860035211267606 0.733274647887324 0.09198943661971831 0.10856807511737089 
0 0.308318661971831 0.8949530516431925 0.04005281690140845 0.07042253521126761 
0 0.8835827464788732 0.5410798122065728 0.0664612676056338 0.14084507042253522 
0 0.4308978873239437 0.32511737089201875 0.09154929577464789 0.16901408450704225 
0 0.667693661971831 0.5422535211267606 0.07394366197183098 0.14788732394366197 
0 0.09529049295774648 0.7244718309859155 0.053257042253521125 0.1073943661971831 
0 0.3164612676056338 0.5487089201877934 0.0818661971830986 0.14906103286384975 
0 0.2088468309859155 0.32423708920187794 0.08054577464788733 0.17194835680751175 
0 0.7502200704225352 0.54518779342723 0.06470070422535211 0.13615023474178403 
0 0.4168133802816901 0.5422535211267606 0.0977112676056338 0.15610328638497653 
0 0.8655369718309859 0.3145539906103286 0.0743838028169014 0.16666666666666666 
0 0.2304137323943662 0.5434272300469484 0.09903169014084508 0.14553990610328638 
0 0.5035211267605634 0.54518779342723 0.0801056338028169 0.1596244131455399 
0 0.518705985915493 0.3163145539906103 0.07878521126760564 0.18661971830985916 
0 0.5860475352112676 0.539612676056338 0.07790492957746478 0.14730046948356806 
0 0.7825704225352113 0.3174882629107981 0.06866197183098592 0.15375586854460094 
0 0.8226232394366197 0.5443075117370892 0.06778169014084508 0.13438967136150234 
0 0.6054137323943662 0.3171948356807512 0.0840669014084507 0.18838028169014084 
0 0.3527728873239437 0.7256455399061033 0.05677816901408451 0.10622065727699531 
0 0.08692781690140845 0.5363849765258216 0.09198943661971831 0.1443661971830986 
0 0.7726672535211268 0.7203638497652582 0.05941901408450704 0.11443661971830986 
0 0.29225352112676056 0.727112676056338 0.05545774647887324 0.1068075117370892 
0 0.7090669014084507 0.7203638497652582 0.08362676056338028 0.11443661971830986 
0 0.8382482394366197 0.7147887323943662 0.07790492957746478 0.12206572769953052 
0 0.5033010563380281 0.08568075117370892 0.07702464788732394 0.1596244131455399 
0 0.6949823943661971 0.31778169014084506 0.08098591549295775 0.19307511737089203 
0 0.22953345070422534 0.7235915492957746 0.0488556338028169 0.1068075117370892 
0 0.16549295774647887 0.7188967136150235 0.051056338028169015 0.107981220657277 
