0 0.5569982394366197 0.8494718309859155 0.1034330985915493 0.061619718309859156 
0 0.11091549295774648 0.8890845070422535 0.0977112676056338 0.046948356807511735 
0 0.44872359154929575 0.8970070422535211 0.09551056338028169 0.04518779342723005 
0 0.4491637323943662 0.8447769953051644 0.1034330985915493 0.061619718309859156 
0 0.3430897887323944 0.8961267605633803 0.09991197183098592 0.046948356807511735 
0 0.21544894366197184 0.9014084507042254 0.1113556338028169 0.045774647887323945 
0 0.20598591549295775 0.8550469483568075 0.1056338028169014 0.04107981220657277 
0 0.10035211267605634 0.846244131455399 0.0880281690140845 0.029342723004694836 
0 0.23217429577464788 0.6088615023474179 0.08494718309859155 0.04518779342723005 
0 0.34110915492957744 0.8477112676056338 0.09242957746478873 0.05927230046948357 
0 0.2106073943661972 0.8145539906103286 0.08934859154929578 0.0528169014084507 
0 0.8127200704225352 0.1153169014084507 0.07526408450704225 0.056924882629107984 
0 0.5567781690140845 0.8022300469483568 0.09595070422535211 0.0715962441314554 
0 0.22337147887323944 0.426056338028169 0.09727112676056338 0.04460093896713615 
0 0.34088908450704225 0.7966549295774648 0.08846830985915492 0.05927230046948357 
0 0.5554577464788732 0.9072769953051644 0.0977112676056338 0.04812206572769953 
0 0.0977112676056338 0.7943075117370892 0.08890845070422536 0.05457746478873239 
0 0.6527288732394366 0.880868544600939 0.07922535211267606 0.08098591549295775 
0 0.9203345070422535 0.34917840375586856 0.0880281690140845 0.20539906103286384 
0 0.7414172535211268 0.8852699530516432 0.08054577464788733 0.06279342723004695 
0 0.876100352112676 0.6255868544600939 0.09903169014084508 0.18896713615023475 
0 0.5248679577464789 0.2775821596244131 0.06558098591549295 0.06572769953051644 
0 0.9273767605633803 0.09683098591549295 0.09595070422535211 0.18779342723004694 
0 0.7055457746478874 0.03667840375586855 0.08362676056338028 0.061619718309859156 
0 0.6100352112676056 0.0357981220657277 0.09683098591549295 0.06572769953051644 
0 0.5151848591549296 0.037852112676056336 0.09463028169014084 0.06748826291079812 
0 0.41505281690140844 0.043720657276995305 0.09242957746478873 0.06748826291079812 
0 0.3199823943661972 0.056338028169014086 0.07570422535211267 0.051643192488262914 
0 0.7453785211267606 0.818368544600939 0.09022887323943662 0.0733568075117371 
0 0.3485915492957746 0.5237676056338029 0.09595070422535211 0.06748826291079812 
0 0.4564260563380282 0.5234741784037559 0.08890845070422536 0.06455399061032864 
0 0.551056338028169 0.5947769953051644 0.08714788732394366 0.07805164319248827 
0 0.5503961267605634 0.5134976525821596 0.08582746478873239 0.07629107981220658 
0 0.6549295774647887 0.5956572769953051 0.07922535211267606 0.07629107981220658 
0 0.7550616197183099 0.5859741784037559 0.09022887323943662 0.07453051643192488 
0 0.7502200704225352 0.5052816901408451 0.0761443661971831 0.08685446009389672 
0 0.9647887323943662 0.869131455399061 0.05369718309859155 0.142018779342723 
0 0.8785211267605634 0.8550469483568075 0.10123239436619719 0.1643192488262911 
0 0.4564260563380282 0.5918427230046949 0.07570422535211267 0.07453051643192488 
0 0.11971830985915492 0.6068075117370892 0.0880281690140845 0.045774647887323945 
0 0.45840669014084506 0.4507042253521127 0.07702464788732394 0.06572769953051644 
0 0.22799295774647887 0.4809272300469484 0.09242957746478873 0.056924882629107984 
0 0.10035211267605634 0.17400234741784038 0.08890845070422536 0.06279342723004695 
0 0.10871478873239436 0.24031690140845072 0.08538732394366197 0.056924882629107984 
0 0.714568661971831 0.198943661971831 0.07790492957746478 0.06807511737089202 
0 0.7154489436619719 0.28843896713615025 0.07262323943661972 0.06866197183098592 
0 0.7121478873239436 0.12089201877934272 0.07834507042253522 0.06690140845070422 
0 0.4297975352112676 0.21038732394366197 0.0761443661971831 0.0733568075117371 
0 0.3331866197183099 0.29313380281690143 0.07042253521126761 0.0721830985915493 
0 0.22711267605633803 0.5487089201877934 0.08626760563380281 0.056338028169014086 
0 0.2304137323943662 0.3051643192488263 0.09110915492957747 0.06924882629107981 
0 0.22535211267605634 0.23562206572769953 0.09683098591549295 0.061619718309859156 
0 0.34749119718309857 0.4518779342723005 0.09991197183098592 0.09389671361502347 
0 0.5539172535211268 0.44571596244131456 0.09022887323943662 0.06748826291079812 
0 0.3492517605633803 0.596244131455399 0.09639084507042253 0.07746478873239436 
0 0.34000880281690143 0.7632042253521126 0.08934859154929578 0.056924882629107984 
0 0.7462588028169014 0.7429577464788732 0.09022887323943662 0.09859154929577464 
0 0.6586707746478874 0.5223004694835681 0.08934859154929578 0.07042253521126761 
0 0.11179577464788733 0.31220657276995306 0.09330985915492958 0.062206572769953054 
0 0.20158450704225353 0.7552816901408451 0.09683098591549295 0.06924882629107981 
0 0.6509683098591549 0.7960680751173709 0.0721830985915493 0.09448356807511737 
0 0.43309859154929575 0.2863849765258216 0.07130281690140845 0.07042253521126761 
0 0.10079225352112677 0.11003521126760564 0.09507042253521127 0.05457746478873239 
0 0.65625 0.4495305164319249 0.07658450704225352 0.07276995305164319 
0 0.1153169014084507 0.4818075117370892 0.0977112676056338 0.051643192488262914 
0 0.44630281690140844 0.7546948356807511 0.09507042253521127 0.1068075117370892 
0 0.22183098591549297 0.16314553990610328 0.09507042253521127 0.04460093896713615 
0 0.6144366197183099 0.2775821596244131 0.0721830985915493 0.06455399061032864 
0 0.8089788732394366 0.19307511737089203 0.06690140845070422 0.05868544600938967 
0 0.3274647887323944 0.14231220657276994 0.08450704225352113 0.05927230046948357 
0 0.5547975352112676 0.7485328638497653 0.09286971830985916 0.08157276995305164 
0 0.09507042253521127 0.7435446009389671 0.07130281690140845 0.07981220657276995 
0 0.4278169014084507 0.12998826291079812 0.07658450704225352 0.05457746478873239 
0 0.5191461267605634 0.20334507042253522 0.06910211267605634 0.06514084507042253 
0 0.6089348591549296 0.12177230046948356 0.08142605633802817 0.0698356807511737 
0 0.32922535211267606 0.21332159624413147 0.06690140845070422 0.06631455399061033 
0 0.8072183098591549 0.2772887323943662 0.06514084507042253 0.0721830985915493 
0 0.6139964788732394 0.20158450704225353 0.07570422535211267 0.06631455399061033 
0 0.11619718309859155 0.5507629107981221 0.0880281690140845 0.05575117370892019 
0 0.518705985915493 0.11971830985915492 0.07262323943661972 0.06455399061032864 
0 0.5569982394366197 0.8494718309859155 0.1034330985915493 0.061619718309859156 
0 0.11091549295774648 0.8890845070422535 0.0977112676056338 0.046948356807511735 
0 0.44872359154929575 0.8970070422535211 0.09551056338028169 0.04518779342723005 
0 0.4491637323943662 0.8447769953051644 0.1034330985915493 0.061619718309859156 
0 0.3430897887323944 0.8961267605633803 0.09991197183098592 0.046948356807511735 
0 0.21544894366197184 0.9014084507042254 0.1113556338028169 0.045774647887323945 
0 0.20598591549295775 0.8550469483568075 0.1056338028169014 0.04107981220657277 
0 0.10035211267605634 0.846244131455399 0.0880281690140845 0.029342723004694836 
0 0.23217429577464788 0.6088615023474179 0.08494718309859155 0.04518779342723005 
0 0.34110915492957744 0.8477112676056338 0.09242957746478873 0.05927230046948357 
0 0.2106073943661972 0.8145539906103286 0.08934859154929578 0.0528169014084507 
0 0.8127200704225352 0.1153169014084507 0.07526408450704225 0.056924882629107984 
0 0.5567781690140845 0.8022300469483568 0.09595070422535211 0.0715962441314554 
0 0.22337147887323944 0.426056338028169 0.09727112676056338 0.04460093896713615 
0 0.34088908450704225 0.7966549295774648 0.08846830985915492 0.05927230046948357 
0 0.5554577464788732 0.9072769953051644 0.0977112676056338 0.04812206572769953 
0 0.0977112676056338 0.7943075117370892 0.08890845070422536 0.05457746478873239 
0 0.6527288732394366 0.880868544600939 0.07922535211267606 0.08098591549295775 
0 0.9203345070422535 0.34917840375586856 0.0880281690140845 0.20539906103286384 
0 0.7414172535211268 0.8852699530516432 0.08054577464788733 0.06279342723004695 
0 0.876100352112676 0.6255868544600939 0.09903169014084508 0.18896713615023475 
0 0.5248679577464789 0.2775821596244131 0.06558098591549295 0.06572769953051644 
0 0.9273767605633803 0.09683098591549295 0.09595070422535211 0.18779342723004694 
0 0.7055457746478874 0.03667840375586855 0.08362676056338028 0.061619718309859156 
0 0.6100352112676056 0.0357981220657277 0.09683098591549295 0.06572769953051644 
0 0.5151848591549296 0.037852112676056336 0.09463028169014084 0.06748826291079812 
0 0.41505281690140844 0.043720657276995305 0.09242957746478873 0.06748826291079812 
0 0.3199823943661972 0.056338028169014086 0.07570422535211267 0.051643192488262914 
0 0.7453785211267606 0.818368544600939 0.09022887323943662 0.0733568075117371 
0 0.3485915492957746 0.5237676056338029 0.09595070422535211 0.06748826291079812 
0 0.4564260563380282 0.5234741784037559 0.08890845070422536 0.06455399061032864 
0 0.551056338028169 0.5947769953051644 0.08714788732394366 0.07805164319248827 
0 0.5503961267605634 0.5134976525821596 0.08582746478873239 0.07629107981220658 
0 0.6549295774647887 0.5956572769953051 0.07922535211267606 0.07629107981220658 
0 0.7550616197183099 0.5859741784037559 0.09022887323943662 0.07453051643192488 
0 0.7502200704225352 0.5052816901408451 0.0761443661971831 0.08685446009389672 
0 0.9647887323943662 0.869131455399061 0.05369718309859155 0.142018779342723 
0 0.8785211267605634 0.8550469483568075 0.10123239436619719 0.1643192488262911 
0 0.4564260563380282 0.5918427230046949 0.07570422535211267 0.07453051643192488 
0 0.11971830985915492 0.6068075117370892 0.0880281690140845 0.045774647887323945 
0 0.45840669014084506 0.4507042253521127 0.07702464788732394 0.06572769953051644 
0 0.22799295774647887 0.4809272300469484 0.09242957746478873 0.056924882629107984 
0 0.10035211267605634 0.17400234741784038 0.08890845070422536 0.06279342723004695 
0 0.10871478873239436 0.24031690140845072 0.08538732394366197 0.056924882629107984 
0 0.714568661971831 0.198943661971831 0.07790492957746478 0.06807511737089202 
0 0.7154489436619719 0.28843896713615025 0.07262323943661972 0.06866197183098592 
0 0.7121478873239436 0.12089201877934272 0.07834507042253522 0.06690140845070422 
0 0.4297975352112676 0.21038732394366197 0.0761443661971831 0.0733568075117371 
0 0.3331866197183099 0.29313380281690143 0.07042253521126761 0.0721830985915493 
0 0.22711267605633803 0.5487089201877934 0.08626760563380281 0.056338028169014086 
0 0.2304137323943662 0.3051643192488263 0.09110915492957747 0.06924882629107981 
0 0.22535211267605634 0.23562206572769953 0.09683098591549295 0.061619718309859156 
0 0.34749119718309857 0.4518779342723005 0.09991197183098592 0.09389671361502347 
0 0.5539172535211268 0.44571596244131456 0.09022887323943662 0.06748826291079812 
0 0.3492517605633803 0.596244131455399 0.09639084507042253 0.07746478873239436 
0 0.34000880281690143 0.7632042253521126 0.08934859154929578 0.056924882629107984 
0 0.7462588028169014 0.7429577464788732 0.09022887323943662 0.09859154929577464 
0 0.6586707746478874 0.5223004694835681 0.08934859154929578 0.07042253521126761 
0 0.11179577464788733 0.31220657276995306 0.09330985915492958 0.062206572769953054 
0 0.20158450704225353 0.7552816901408451 0.09683098591549295 0.06924882629107981 
0 0.6509683098591549 0.7960680751173709 0.0721830985915493 0.09448356807511737 
0 0.43309859154929575 0.2863849765258216 0.07130281690140845 0.07042253521126761 
0 0.10079225352112677 0.11003521126760564 0.09507042253521127 0.05457746478873239 
0 0.65625 0.4495305164319249 0.07658450704225352 0.07276995305164319 
0 0.1153169014084507 0.4818075117370892 0.0977112676056338 0.051643192488262914 
0 0.44630281690140844 0.7546948356807511 0.09507042253521127 0.1068075117370892 
0 0.22183098591549297 0.16314553990610328 0.09507042253521127 0.04460093896713615 
0 0.6144366197183099 0.2775821596244131 0.0721830985915493 0.06455399061032864 
0 0.8089788732394366 0.19307511737089203 0.06690140845070422 0.05868544600938967 
0 0.3274647887323944 0.14231220657276994 0.08450704225352113 0.05927230046948357 
0 0.5547975352112676 0.7485328638497653 0.09286971830985916 0.08157276995305164 
0 0.09507042253521127 0.7435446009389671 0.07130281690140845 0.07981220657276995 
0 0.4278169014084507 0.12998826291079812 0.07658450704225352 0.05457746478873239 
0 0.5191461267605634 0.20334507042253522 0.06910211267605634 0.06514084507042253 
0 0.6089348591549296 0.12177230046948356 0.08142605633802817 0.0698356807511737 
0 0.32922535211267606 0.21332159624413147 0.06690140845070422 0.06631455399061033 
0 0.8072183098591549 0.2772887323943662 0.06514084507042253 0.0721830985915493 
0 0.6139964788732394 0.20158450704225353 0.07570422535211267 0.06631455399061033 
0 0.11619718309859155 0.5507629107981221 0.0880281690140845 0.05575117370892019 
0 0.518705985915493 0.11971830985915492 0.07262323943661972 0.06455399061032864 
0 0.5569982394366197 0.8494718309859155 0.1034330985915493 0.061619718309859156 
0 0.11091549295774648 0.8890845070422535 0.0977112676056338 0.046948356807511735 
0 0.44872359154929575 0.8970070422535211 0.09551056338028169 0.04518779342723005 
0 0.4491637323943662 0.8447769953051644 0.1034330985915493 0.061619718309859156 
0 0.3430897887323944 0.8961267605633803 0.09991197183098592 0.046948356807511735 
0 0.21544894366197184 0.9014084507042254 0.1113556338028169 0.045774647887323945 
0 0.20598591549295775 0.8550469483568075 0.1056338028169014 0.04107981220657277 
0 0.10035211267605634 0.846244131455399 0.0880281690140845 0.029342723004694836 
0 0.23217429577464788 0.6088615023474179 0.08494718309859155 0.04518779342723005 
0 0.34110915492957744 0.8477112676056338 0.09242957746478873 0.05927230046948357 
0 0.2106073943661972 0.8145539906103286 0.08934859154929578 0.0528169014084507 
0 0.8127200704225352 0.1153169014084507 0.07526408450704225 0.056924882629107984 
0 0.5567781690140845 0.8022300469483568 0.09595070422535211 0.0715962441314554 
0 0.22337147887323944 0.426056338028169 0.09727112676056338 0.04460093896713615 
0 0.34088908450704225 0.7966549295774648 0.08846830985915492 0.05927230046948357 
0 0.5554577464788732 0.9072769953051644 0.0977112676056338 0.04812206572769953 
0 0.0977112676056338 0.7943075117370892 0.08890845070422536 0.05457746478873239 
0 0.6527288732394366 0.880868544600939 0.07922535211267606 0.08098591549295775 
0 0.9203345070422535 0.34917840375586856 0.0880281690140845 0.20539906103286384 
0 0.7414172535211268 0.8852699530516432 0.08054577464788733 0.06279342723004695 
0 0.876100352112676 0.6255868544600939 0.09903169014084508 0.18896713615023475 
0 0.5248679577464789 0.2775821596244131 0.06558098591549295 0.06572769953051644 
0 0.9273767605633803 0.09683098591549295 0.09595070422535211 0.18779342723004694 
0 0.7055457746478874 0.03667840375586855 0.08362676056338028 0.061619718309859156 
0 0.6100352112676056 0.0357981220657277 0.09683098591549295 0.06572769953051644 
0 0.5151848591549296 0.037852112676056336 0.09463028169014084 0.06748826291079812 
0 0.41505281690140844 0.043720657276995305 0.09242957746478873 0.06748826291079812 
0 0.3199823943661972 0.056338028169014086 0.07570422535211267 0.051643192488262914 
0 0.7453785211267606 0.818368544600939 0.09022887323943662 0.0733568075117371 
0 0.3485915492957746 0.5237676056338029 0.09595070422535211 0.06748826291079812 
0 0.4564260563380282 0.5234741784037559 0.08890845070422536 0.06455399061032864 
0 0.551056338028169 0.5947769953051644 0.08714788732394366 0.07805164319248827 
0 0.5503961267605634 0.5134976525821596 0.08582746478873239 0.07629107981220658 
0 0.6549295774647887 0.5956572769953051 0.07922535211267606 0.07629107981220658 
0 0.7550616197183099 0.5859741784037559 0.09022887323943662 0.07453051643192488 
0 0.7502200704225352 0.5052816901408451 0.0761443661971831 0.08685446009389672 
0 0.9647887323943662 0.869131455399061 0.05369718309859155 0.142018779342723 
0 0.8785211267605634 0.8550469483568075 0.10123239436619719 0.1643192488262911 
0 0.4564260563380282 0.5918427230046949 0.07570422535211267 0.07453051643192488 
0 0.11971830985915492 0.6068075117370892 0.0880281690140845 0.045774647887323945 
0 0.45840669014084506 0.4507042253521127 0.07702464788732394 0.06572769953051644 
0 0.22799295774647887 0.4809272300469484 0.09242957746478873 0.056924882629107984 
0 0.10035211267605634 0.17400234741784038 0.08890845070422536 0.06279342723004695 
0 0.10871478873239436 0.24031690140845072 0.08538732394366197 0.056924882629107984 
0 0.714568661971831 0.198943661971831 0.07790492957746478 0.06807511737089202 
0 0.7154489436619719 0.28843896713615025 0.07262323943661972 0.06866197183098592 
0 0.7121478873239436 0.12089201877934272 0.07834507042253522 0.06690140845070422 
0 0.4297975352112676 0.21038732394366197 0.0761443661971831 0.0733568075117371 
0 0.3331866197183099 0.29313380281690143 0.07042253521126761 0.0721830985915493 
0 0.22711267605633803 0.5487089201877934 0.08626760563380281 0.056338028169014086 
0 0.2304137323943662 0.3051643192488263 0.09110915492957747 0.06924882629107981 
0 0.22535211267605634 0.23562206572769953 0.09683098591549295 0.061619718309859156 
0 0.34749119718309857 0.4518779342723005 0.09991197183098592 0.09389671361502347 
0 0.5539172535211268 0.44571596244131456 0.09022887323943662 0.06748826291079812 
0 0.3492517605633803 0.596244131455399 0.09639084507042253 0.07746478873239436 
0 0.34000880281690143 0.7632042253521126 0.08934859154929578 0.056924882629107984 
0 0.7462588028169014 0.7429577464788732 0.09022887323943662 0.09859154929577464 
0 0.6586707746478874 0.5223004694835681 0.08934859154929578 0.07042253521126761 
0 0.11179577464788733 0.31220657276995306 0.09330985915492958 0.062206572769953054 
0 0.20158450704225353 0.7552816901408451 0.09683098591549295 0.06924882629107981 
0 0.6509683098591549 0.7960680751173709 0.0721830985915493 0.09448356807511737 
0 0.43309859154929575 0.2863849765258216 0.07130281690140845 0.07042253521126761 
0 0.10079225352112677 0.11003521126760564 0.09507042253521127 0.05457746478873239 
0 0.65625 0.4495305164319249 0.07658450704225352 0.07276995305164319 
0 0.1153169014084507 0.4818075117370892 0.0977112676056338 0.051643192488262914 
0 0.44630281690140844 0.7546948356807511 0.09507042253521127 0.1068075117370892 
0 0.22183098591549297 0.16314553990610328 0.09507042253521127 0.04460093896713615 
0 0.6144366197183099 0.2775821596244131 0.0721830985915493 0.06455399061032864 
0 0.8089788732394366 0.19307511737089203 0.06690140845070422 0.05868544600938967 
0 0.3274647887323944 0.14231220657276994 0.08450704225352113 0.05927230046948357 
0 0.5547975352112676 0.7485328638497653 0.09286971830985916 0.08157276995305164 
0 0.09507042253521127 0.7435446009389671 0.07130281690140845 0.07981220657276995 
0 0.4278169014084507 0.12998826291079812 0.07658450704225352 0.05457746478873239 
0 0.5191461267605634 0.20334507042253522 0.06910211267605634 0.06514084507042253 
0 0.6089348591549296 0.12177230046948356 0.08142605633802817 0.0698356807511737 
0 0.32922535211267606 0.21332159624413147 0.06690140845070422 0.06631455399061033 
0 0.8072183098591549 0.2772887323943662 0.06514084507042253 0.0721830985915493 
0 0.6139964788732394 0.20158450704225353 0.07570422535211267 0.06631455399061033 
0 0.11619718309859155 0.5507629107981221 0.0880281690140845 0.05575117370892019 
0 0.518705985915493 0.11971830985915492 0.07262323943661972 0.06455399061032864 
