0 0.7568221830985915 0.4876760563380282 0.08934859154929578 0.06924882629107981 
0 0.7557218309859155 0.4254694835680751 0.07570422535211267 0.05868544600938967 
0 0.4993397887323944 0.8999413145539906 0.09551056338028169 0.051056338028169015 
0 0.39766725352112675 0.8926056338028169 0.09903169014084508 0.06924882629107981 
0 0.38974471830985913 0.8213028169014085 0.09903169014084508 0.07922535211267606 
0 0.3827024647887324 0.7318075117370892 0.09815140845070422 0.09976525821596244 
0 0.09110915492957747 0.7969483568075117 0.12235915492957747 0.051643192488262914 
0 0.8908450704225352 0.8506455399061033 0.17341549295774647 0.10269953051643192 
0 0.34903169014084506 0.03227699530516432 0.09683098591549295 0.05868544600938967 
0 0.1036531690140845 0.8509389671361502 0.10607394366197183 0.04342723004694836 
0 0.503080985915493 0.8054577464788732 0.11443661971830986 0.1402582159624413 
0 0.6648327464788732 0.8617957746478874 0.1835387323943662 0.10856807511737089 
0 0.6606514084507042 0.4841549295774648 0.0880281690140845 0.0880281690140845 
0 0.2286531690140845 0.8215962441314554 0.1113556338028169 0.07629107981220658 
0 0.5647007042253521 0.403462441314554 0.11003521126760564 0.05575117370892019 
0 0.032350352112676055 0.4084507042253521 0.05941901408450704 0.19483568075117372 
0 0.5625 0.5023474178403756 0.09242957746478873 0.045774647887323945 
0 0.8963468309859155 0.23591549295774647 0.0743838028169014 0.18544600938967137 
0 0.46258802816901406 0.03374413145539906 0.0880281690140845 0.061619718309859156 
0 0.46412852112676056 0.1795774647887324 0.09110915492957747 0.0715962441314554 
0 0.4612676056338028 0.10328638497652583 0.09242957746478873 0.07746478873239436 
0 0.5631602112676056 0.18045774647887325 0.08670774647887323 0.07922535211267606 
0 0.6775968309859155 0.04107981220657277 0.09815140845070422 0.07042253521126761 
0 0.5638204225352113 0.45481220657276994 0.10123239436619719 0.046948356807511735 
0 0.11377640845070422 0.8934859154929577 0.10783450704225352 0.03227699530516432 
0 0.10981514084507042 0.40757042253521125 0.09375 0.02640845070422535 
0 0.2048855633802817 0.4099178403755869 0.09022887323943662 0.04870892018779343 
0 0.21875 0.505868544600939 0.09330985915492958 0.035211267605633804 
0 0.3573943661971831 0.49853286384976525 0.10475352112676056 0.04401408450704225 
0 0.3501320422535211 0.4495305164319249 0.09463028169014084 0.045774647887323945 
0 0.4553257042253521 0.3967136150234742 0.09815140845070422 0.0539906103286385 
0 0.1190580985915493 0.49119718309859156 0.09022887323943662 0.04107981220657277 
0 0.21368838028169015 0.4586267605633803 0.10167253521126761 0.04753521126760563 
0 0.07460387323943662 0.7004107981220657 0.12191901408450705 0.12147887323943662 
0 0.7715669014084507 0.19043427230046947 0.07130281690140845 0.06631455399061033 
0 0.11025528169014084 0.4454225352112676 0.09727112676056338 0.056338028169014086 
0 0.7775088028169014 0.09330985915492958 0.09639084507042253 0.0892018779342723 
0 0.6626320422535211 0.3937793427230047 0.09286971830985916 0.09507042253521127 
0 0.7634242957746479 0.3389084507042254 0.08670774647887323 0.11091549295774648 
0 0.8923855633802817 0.48884976525821594 0.07526408450704225 0.11150234741784038 
0 0.9746919014084507 0.4897300469483568 0.07526408450704225 0.11208920187793427 
0 0.45752640845070425 0.44865023474178406 0.10255281690140845 0.04988262910798122 
0 0.6555897887323944 0.6326291079812206 0.15713028169014084 0.056338028169014086 
0 0.11069542253521127 0.13732394366197184 0.10519366197183098 0.062206572769953054 
0 0.21434859154929578 0.7095070422535211 0.10475352112676056 0.13028169014084506 
0 0.22205105633802816 0.13497652582159625 0.10431338028169014 0.06103286384976526 
0 0.8716989436619719 0.7523474178403756 0.15096830985915494 0.05516431924882629 
0 0.8540933098591549 0.6866197183098591 0.14128521126760563 0.04929577464788732 
0 0.6564700704225352 0.7056924882629108 0.1500880281690141 0.0534037558685446 
0 0.6518485915492958 0.7526408450704225 0.1637323943661972 0.05575117370892019 
0 0.565580985915493 0.1068075117370892 0.08626760563380281 0.0880281690140845 
0 0.20840669014084506 0.3538732394366197 0.09815140845070422 0.062206572769953054 
0 0.2326144366197183 0.19483568075117372 0.11399647887323944 0.056338028169014086 
0 0.3485915492957746 0.10768779342723005 0.0977112676056338 0.07453051643192488 
0 0.5633802816901409 0.34683098591549294 0.09595070422535211 0.07629107981220658 
0 0.10189260563380281 0.3544600938967136 0.08318661971830986 0.06924882629107981 
0 0.4533450704225352 0.3477112676056338 0.08362676056338028 0.07687793427230047 
0 0.21522887323943662 0.0619131455399061 0.11355633802816902 0.0698356807511737 
0 0.3527728873239437 0.4061032863849765 0.09375 0.051643192488262914 
0 0.09881161971830986 0.06719483568075117 0.1113556338028169 0.05927230046948357 
0 0.6742957746478874 0.11003521126760564 0.08714788732394366 0.06631455399061033 
0 0.3494718309859155 0.35768779342723006 0.09507042253521127 0.05575117370892019 
0 0.3529929577464789 0.18632629107981222 0.0977112676056338 0.07570422535211267 
0 0.11795774647887323 0.19923708920187794 0.11003521126760564 0.05927230046948357 
0 0.6793573943661971 0.19395539906103287 0.07702464788732394 0.06748826291079812 
0 0.5068221830985915 0.6546361502347418 0.09022887323943662 0.11561032863849766 
0 0.7568221830985915 0.4876760563380282 0.08934859154929578 0.06924882629107981 
0 0.7557218309859155 0.4254694835680751 0.07570422535211267 0.05868544600938967 
0 0.4993397887323944 0.8999413145539906 0.09551056338028169 0.051056338028169015 
0 0.39766725352112675 0.8926056338028169 0.09903169014084508 0.06924882629107981 
0 0.38974471830985913 0.8213028169014085 0.09903169014084508 0.07922535211267606 
0 0.3827024647887324 0.7318075117370892 0.09815140845070422 0.09976525821596244 
0 0.09110915492957747 0.7969483568075117 0.12235915492957747 0.051643192488262914 
0 0.8908450704225352 0.8506455399061033 0.17341549295774647 0.10269953051643192 
0 0.34903169014084506 0.03227699530516432 0.09683098591549295 0.05868544600938967 
0 0.1036531690140845 0.8509389671361502 0.10607394366197183 0.04342723004694836 
0 0.503080985915493 0.8054577464788732 0.11443661971830986 0.1402582159624413 
0 0.6648327464788732 0.8617957746478874 0.1835387323943662 0.10856807511737089 
0 0.6606514084507042 0.4841549295774648 0.0880281690140845 0.0880281690140845 
0 0.2286531690140845 0.8215962441314554 0.1113556338028169 0.07629107981220658 
0 0.5647007042253521 0.403462441314554 0.11003521126760564 0.05575117370892019 
0 0.032350352112676055 0.4084507042253521 0.05941901408450704 0.19483568075117372 
0 0.5625 0.5023474178403756 0.09242957746478873 0.045774647887323945 
0 0.8963468309859155 0.23591549295774647 0.0743838028169014 0.18544600938967137 
0 0.46258802816901406 0.03374413145539906 0.0880281690140845 0.061619718309859156 
0 0.46412852112676056 0.1795774647887324 0.09110915492957747 0.0715962441314554 
0 0.4612676056338028 0.10328638497652583 0.09242957746478873 0.07746478873239436 
0 0.5631602112676056 0.18045774647887325 0.08670774647887323 0.07922535211267606 
0 0.6775968309859155 0.04107981220657277 0.09815140845070422 0.07042253521126761 
0 0.5638204225352113 0.45481220657276994 0.10123239436619719 0.046948356807511735 
0 0.11377640845070422 0.8934859154929577 0.10783450704225352 0.03227699530516432 
0 0.10981514084507042 0.40757042253521125 0.09375 0.02640845070422535 
0 0.2048855633802817 0.4099178403755869 0.09022887323943662 0.04870892018779343 
0 0.21875 0.505868544600939 0.09330985915492958 0.035211267605633804 
0 0.3573943661971831 0.49853286384976525 0.10475352112676056 0.04401408450704225 
0 0.3501320422535211 0.4495305164319249 0.09463028169014084 0.045774647887323945 
0 0.4553257042253521 0.3967136150234742 0.09815140845070422 0.0539906103286385 
0 0.1190580985915493 0.49119718309859156 0.09022887323943662 0.04107981220657277 
0 0.21368838028169015 0.4586267605633803 0.10167253521126761 0.04753521126760563 
0 0.07460387323943662 0.7004107981220657 0.12191901408450705 0.12147887323943662 
0 0.7715669014084507 0.19043427230046947 0.07130281690140845 0.06631455399061033 
0 0.11025528169014084 0.4454225352112676 0.09727112676056338 0.056338028169014086 
0 0.7775088028169014 0.09330985915492958 0.09639084507042253 0.0892018779342723 
0 0.6626320422535211 0.3937793427230047 0.09286971830985916 0.09507042253521127 
0 0.7634242957746479 0.3389084507042254 0.08670774647887323 0.11091549295774648 
0 0.8923855633802817 0.48884976525821594 0.07526408450704225 0.11150234741784038 
0 0.9746919014084507 0.4897300469483568 0.07526408450704225 0.11208920187793427 
0 0.45752640845070425 0.44865023474178406 0.10255281690140845 0.04988262910798122 
0 0.6555897887323944 0.6326291079812206 0.15713028169014084 0.056338028169014086 
0 0.11069542253521127 0.13732394366197184 0.10519366197183098 0.062206572769953054 
0 0.21434859154929578 0.7095070422535211 0.10475352112676056 0.13028169014084506 
0 0.22205105633802816 0.13497652582159625 0.10431338028169014 0.06103286384976526 
0 0.8716989436619719 0.7523474178403756 0.15096830985915494 0.05516431924882629 
0 0.8540933098591549 0.6866197183098591 0.14128521126760563 0.04929577464788732 
0 0.6564700704225352 0.7056924882629108 0.1500880281690141 0.0534037558685446 
0 0.6518485915492958 0.7526408450704225 0.1637323943661972 0.05575117370892019 
0 0.565580985915493 0.1068075117370892 0.08626760563380281 0.0880281690140845 
0 0.20840669014084506 0.3538732394366197 0.09815140845070422 0.062206572769953054 
0 0.2326144366197183 0.19483568075117372 0.11399647887323944 0.056338028169014086 
0 0.3485915492957746 0.10768779342723005 0.0977112676056338 0.07453051643192488 
0 0.5633802816901409 0.34683098591549294 0.09595070422535211 0.07629107981220658 
0 0.10189260563380281 0.3544600938967136 0.08318661971830986 0.06924882629107981 
0 0.4533450704225352 0.3477112676056338 0.08362676056338028 0.07687793427230047 
0 0.21522887323943662 0.0619131455399061 0.11355633802816902 0.0698356807511737 
0 0.3527728873239437 0.4061032863849765 0.09375 0.051643192488262914 
0 0.09881161971830986 0.06719483568075117 0.1113556338028169 0.05927230046948357 
0 0.6742957746478874 0.11003521126760564 0.08714788732394366 0.06631455399061033 
0 0.3494718309859155 0.35768779342723006 0.09507042253521127 0.05575117370892019 
0 0.3529929577464789 0.18632629107981222 0.0977112676056338 0.07570422535211267 
0 0.11795774647887323 0.19923708920187794 0.11003521126760564 0.05927230046948357 
0 0.6793573943661971 0.19395539906103287 0.07702464788732394 0.06748826291079812 
0 0.5068221830985915 0.6546361502347418 0.09022887323943662 0.11561032863849766 
0 0.7568221830985915 0.4876760563380282 0.08934859154929578 0.06924882629107981 
0 0.7557218309859155 0.4254694835680751 0.07570422535211267 0.05868544600938967 
0 0.4993397887323944 0.8999413145539906 0.09551056338028169 0.051056338028169015 
0 0.39766725352112675 0.8926056338028169 0.09903169014084508 0.06924882629107981 
0 0.38974471830985913 0.8213028169014085 0.09903169014084508 0.07922535211267606 
0 0.3827024647887324 0.7318075117370892 0.09815140845070422 0.09976525821596244 
0 0.09110915492957747 0.7969483568075117 0.12235915492957747 0.051643192488262914 
0 0.8908450704225352 0.8506455399061033 0.17341549295774647 0.10269953051643192 
0 0.34903169014084506 0.03227699530516432 0.09683098591549295 0.05868544600938967 
0 0.1036531690140845 0.8509389671361502 0.10607394366197183 0.04342723004694836 
0 0.503080985915493 0.8054577464788732 0.11443661971830986 0.1402582159624413 
0 0.6648327464788732 0.8617957746478874 0.1835387323943662 0.10856807511737089 
0 0.6606514084507042 0.4841549295774648 0.0880281690140845 0.0880281690140845 
0 0.2286531690140845 0.8215962441314554 0.1113556338028169 0.07629107981220658 
0 0.5647007042253521 0.403462441314554 0.11003521126760564 0.05575117370892019 
0 0.032350352112676055 0.4084507042253521 0.05941901408450704 0.19483568075117372 
0 0.5625 0.5023474178403756 0.09242957746478873 0.045774647887323945 
0 0.8963468309859155 0.23591549295774647 0.0743838028169014 0.18544600938967137 
0 0.46258802816901406 0.03374413145539906 0.0880281690140845 0.061619718309859156 
0 0.46412852112676056 0.1795774647887324 0.09110915492957747 0.0715962441314554 
0 0.4612676056338028 0.10328638497652583 0.09242957746478873 0.07746478873239436 
0 0.5631602112676056 0.18045774647887325 0.08670774647887323 0.07922535211267606 
0 0.6775968309859155 0.04107981220657277 0.09815140845070422 0.07042253521126761 
0 0.5638204225352113 0.45481220657276994 0.10123239436619719 0.046948356807511735 
0 0.11377640845070422 0.8934859154929577 0.10783450704225352 0.03227699530516432 
0 0.10981514084507042 0.40757042253521125 0.09375 0.02640845070422535 
0 0.2048855633802817 0.4099178403755869 0.09022887323943662 0.04870892018779343 
0 0.21875 0.505868544600939 0.09330985915492958 0.035211267605633804 
0 0.3573943661971831 0.49853286384976525 0.10475352112676056 0.04401408450704225 
0 0.3501320422535211 0.4495305164319249 0.09463028169014084 0.045774647887323945 
0 0.4553257042253521 0.3967136150234742 0.09815140845070422 0.0539906103286385 
0 0.1190580985915493 0.49119718309859156 0.09022887323943662 0.04107981220657277 
0 0.21368838028169015 0.4586267605633803 0.10167253521126761 0.04753521126760563 
0 0.07460387323943662 0.7004107981220657 0.12191901408450705 0.12147887323943662 
0 0.7715669014084507 0.19043427230046947 0.07130281690140845 0.06631455399061033 
0 0.11025528169014084 0.4454225352112676 0.09727112676056338 0.056338028169014086 
0 0.7775088028169014 0.09330985915492958 0.09639084507042253 0.0892018779342723 
0 0.6626320422535211 0.3937793427230047 0.09286971830985916 0.09507042253521127 
0 0.7634242957746479 0.3389084507042254 0.08670774647887323 0.11091549295774648 
0 0.8923855633802817 0.48884976525821594 0.07526408450704225 0.11150234741784038 
0 0.9746919014084507 0.4897300469483568 0.07526408450704225 0.11208920187793427 
0 0.45752640845070425 0.44865023474178406 0.10255281690140845 0.04988262910798122 
0 0.6555897887323944 0.6326291079812206 0.15713028169014084 0.056338028169014086 
0 0.11069542253521127 0.13732394366197184 0.10519366197183098 0.062206572769953054 
0 0.21434859154929578 0.7095070422535211 0.10475352112676056 0.13028169014084506 
0 0.22205105633802816 0.13497652582159625 0.10431338028169014 0.06103286384976526 
0 0.8716989436619719 0.7523474178403756 0.15096830985915494 0.05516431924882629 
0 0.8540933098591549 0.6866197183098591 0.14128521126760563 0.04929577464788732 
0 0.6564700704225352 0.7056924882629108 0.1500880281690141 0.0534037558685446 
0 0.6518485915492958 0.7526408450704225 0.1637323943661972 0.05575117370892019 
0 0.565580985915493 0.1068075117370892 0.08626760563380281 0.0880281690140845 
0 0.20840669014084506 0.3538732394366197 0.09815140845070422 0.062206572769953054 
0 0.2326144366197183 0.19483568075117372 0.11399647887323944 0.056338028169014086 
0 0.3485915492957746 0.10768779342723005 0.0977112676056338 0.07453051643192488 
0 0.5633802816901409 0.34683098591549294 0.09595070422535211 0.07629107981220658 
0 0.10189260563380281 0.3544600938967136 0.08318661971830986 0.06924882629107981 
0 0.4533450704225352 0.3477112676056338 0.08362676056338028 0.07687793427230047 
0 0.21522887323943662 0.0619131455399061 0.11355633802816902 0.0698356807511737 
0 0.3527728873239437 0.4061032863849765 0.09375 0.051643192488262914 
0 0.09881161971830986 0.06719483568075117 0.1113556338028169 0.05927230046948357 
0 0.6742957746478874 0.11003521126760564 0.08714788732394366 0.06631455399061033 
0 0.3494718309859155 0.35768779342723006 0.09507042253521127 0.05575117370892019 
0 0.3529929577464789 0.18632629107981222 0.0977112676056338 0.07570422535211267 
0 0.11795774647887323 0.19923708920187794 0.11003521126760564 0.05927230046948357 
0 0.6793573943661971 0.19395539906103287 0.07702464788732394 0.06748826291079812 
0 0.5068221830985915 0.6546361502347418 0.09022887323943662 0.11561032863849766 
