0 0.32548415492957744 0.45686619718309857 0.07790492957746478 0.06044600938967136 
0 0.32702464788732394 0.5164319248826291 0.07042253521126761 0.06455399061032864 
0 0.40360915492957744 0.4706572769953052 0.07130281690140845 0.0528169014084507 
0 0.48723591549295775 0.4721244131455399 0.07130281690140845 0.04401408450704225 
0 0.4828345070422535 0.4240023474178404 0.07130281690140845 0.04988262910798122 
0 0.577024647887324 0.42458920187793425 0.08362676056338028 0.051056338028169015 
0 0.323943661971831 0.3937793427230047 0.07482394366197183 0.06924882629107981 
0 0.5774647887323944 0.4706572769953052 0.07834507042253522 0.04107981220657277 
0 0.39920774647887325 0.5199530516431925 0.07130281690140845 0.051643192488262914 
0 0.25946302816901406 0.5067488262910798 0.055897887323943664 0.056924882629107984 
0 0.09705105633802817 0.4539319248826291 0.06382042253521127 0.051056338028169015 
0 0.24955985915492956 0.38497652582159625 0.07570422535211267 0.06924882629107981 
0 0.18904049295774647 0.5096830985915493 0.0761443661971831 0.04870892018779343 
0 0.1857394366197183 0.45686619718309857 0.07130281690140845 0.051056338028169015 
0 0.167693661971831 0.39906103286384975 0.07482394366197183 0.0528169014084507 
0 0.11421654929577464 0.511150234741784 0.07174295774647887 0.06572769953051644 
0 0.09110915492957747 0.4025821596244131 0.06690140845070422 0.04812206572769953 
0 0.03939260563380282 0.5140845070422535 0.07174295774647887 0.0539906103286385 
0 0.03455105633802817 0.4592136150234742 0.06382042253521127 0.04401408450704225 
0 0.028389084507042254 0.4025821596244131 0.055897887323943664 0.051643192488262914 
0 0.9174735915492958 0.19131455399061034 0.06734154929577464 0.06338028169014084 
0 0.5763644366197183 0.5205399061032864 0.0761443661971831 0.046948356807511735 
0 0.2550616197183099 0.4509976525821596 0.06734154929577464 0.05457746478873239 
0 0.6698943661971831 0.44014084507042256 0.08714788732394366 0.04107981220657277 
0 0.7517605633802817 0.8198356807511737 0.061619718309859156 0.05868544600938967 
0 0.6665933098591549 0.5243544600938967 0.07174295774647887 0.03697183098591549 
0 0.07306338028169014 0.8207159624413145 0.07922535211267606 0.056924882629107984 
0 0.05919894366197183 0.7546948356807511 0.07790492957746478 0.0715962441314554 
0 0.14326584507042253 0.8280516431924883 0.05941901408450704 0.0539906103286385 
0 0.12632042253521128 0.6936619718309859 0.09595070422535211 0.08215962441314555 
0 0.2323943661971831 0.8421361502347418 0.07922535211267606 0.04107981220657277 
0 0.3199823943661972 0.8471244131455399 0.07834507042253522 0.05457746478873239 
0 0.31558098591549294 0.7849178403755869 0.07394366197183098 0.0733568075117371 
0 0.31558098591549294 0.6998239436619719 0.09154929577464789 0.10269953051643192 
0 0.6621919014084507 0.8764671361502347 0.09551056338028169 0.027582159624413145 
0 0.6522887323943662 0.8389084507042254 0.10475352112676056 0.03814553990610329 
0 0.9196742957746479 0.12001173708920188 0.07350352112676056 0.061619718309859156 
0 0.9185739436619719 0.8623826291079812 0.07570422535211267 0.05575117370892019 
0 0.9487235915492958 0.7098004694835681 0.09022887323943662 0.12030516431924883 
0 0.9610475352112676 0.5302230046948356 0.05941901408450704 0.04518779342723005 
0 0.9669894366197183 0.48914319248826293 0.06073943661971831 0.03931924882629108 
0 0.9691901408450704 0.4465962441314554 0.05369718309859155 0.03990610328638498 
0 0.9696302816901409 0.3987676056338028 0.05721830985915493 0.05575117370892019 
0 0.8805017605633803 0.5331572769953051 0.06382042253521127 0.04284037558685446 
0 0.8855633802816901 0.49002347417840375 0.06690140845070422 0.04107981220657277 
0 0.8884242957746479 0.448943661971831 0.07702464788732394 0.046948356807511735 
0 0.7618838028169014 0.5325704225352113 0.07922535211267606 0.03814553990610329 
0 0.7596830985915493 0.48826291079812206 0.08362676056338028 0.04107981220657277 
0 0.7700264084507042 0.44454225352112675 0.09815140845070422 0.04401408450704225 
0 0.6670334507042254 0.48532863849765256 0.08142605633802817 0.04107981220657277 
0 0.7095070422535211 0.26173708920187794 0.08714788732394366 0.057511737089201875 
0 0.48899647887323944 0.5155516431924883 0.07482394366197183 0.04518779342723005 
0 0.47733274647887325 0.18485915492957747 0.0761443661971831 0.07629107981220658 
0 0.6632922535211268 0.7177230046948356 0.09507042253521127 0.09859154929577464 
0 0.6701144366197183 0.3893779342723005 0.07966549295774648 0.056924882629107984 
0 0.7077464788732394 0.20539906103286384 0.0818661971830986 0.057511737089201875 
0 0.5743838028169014 0.08890845070422536 0.08626760563380281 0.0534037558685446 
0 0.4003080985915493 0.2529342723004695 0.07174295774647887 0.06924882629107981 
0 0.773987676056338 0.3958333333333333 0.09639084507042253 0.061619718309859156 
0 0.5831866197183099 0.1528755868544601 0.09066901408450705 0.06631455399061033 
0 0.23107394366197184 0.7767018779342723 0.09066901408450705 0.07453051643192488 
0 0.7090669014084507 0.14407276995305165 0.08714788732394366 0.05457746478873239 
0 0.5497359154929577 0.783744131455399 0.10123239436619719 0.05575117370892019 
0 0.1586707746478873 0.14231220657276994 0.058538732394366196 0.056924882629107984 
0 0.32108274647887325 0.25088028169014087 0.07350352112676056 0.06748826291079812 
0 0.5796654929577465 0.20862676056338028 0.08890845070422536 0.04870892018779343 
0 0.8206426056338029 0.21332159624413147 0.07878521126760564 0.04636150234741784 
0 0.4225352112676056 0.783744131455399 0.10475352112676056 0.05927230046948357 
0 0.579225352112676 0.3609154929577465 0.09242957746478873 0.062206572769953054 
0 0.23503521126760563 0.19043427230046947 0.08098591549295775 0.06748826291079812 
0 0.4863556338028169 0.37177230046948356 0.0801056338028169 0.051056338028169015 
0 0.4826144366197183 0.25440140845070425 0.07878521126760564 0.08039906103286384 
0 0.4242957746478873 0.6919014084507042 0.09595070422535211 0.13615023474178403 
0 0.551056338028169 0.6927816901408451 0.10475352112676056 0.10974178403755869 
0 0.5796654929577465 0.2602699530516432 0.08274647887323944 0.051056338028169015 
0 0.8246038732394366 0.1572769953051643 0.08318661971830986 0.045774647887323945 
0 0.22579225352112675 0.6825117370892019 0.0994718309859155 0.10446009389671361 
0 0.4042693661971831 0.4052230046948357 0.0682218309859155 0.08039906103286384 
0 0.8279049295774648 0.09154929577464789 0.09066901408450705 0.045774647887323945 
0 0.47579225352112675 0.11502347417840375 0.07922535211267606 0.0715962441314554 
0 0.8202024647887324 0.2711267605633803 0.06558098591549295 0.04812206572769953 
0 0.39370598591549294 0.18192488262910797 0.07350352112676056 0.07629107981220658 
0 0.3831426056338028 0.12089201877934272 0.08142605633802817 0.06924882629107981 
0 0.3144806338028169 0.1869131455399061 0.06910211267605634 0.06044600938967136 
0 0.23789612676056338 0.2573356807511737 0.07702464788732394 0.0721830985915493 
0 0.16153169014084506 0.26467136150234744 0.06514084507042253 0.07511737089201878 
0 0.15757042253521128 0.19571596244131456 0.07922535211267606 0.051056338028169015 
0 0.08494718309859155 0.2596830985915493 0.07922535211267606 0.061619718309859156 
0 0.07350352112676056 0.19571596244131456 0.08274647887323944 0.05457746478873239 
0 0.06976232394366197 0.13908450704225353 0.09022887323943662 0.0528169014084507 
0 0.30941901408450706 0.11883802816901408 0.06602112676056338 0.05575117370892019 
0 0.7585827464788732 0.7259389671361502 0.09198943661971831 0.11502347417840375 
0 0.06800176056338028 0.08714788732394366 0.08054577464788733 0.04518779342723005 
0 0.9025088028169014 0.3615023474178404 0.07702464788732394 0.057511737089201875 
0 0.8983274647887324 0.40874413145539906 0.07658450704225352 0.03345070422535211 
0 0.6606514084507042 0.7963615023474179 0.11179577464788733 0.046948356807511735 
0 0.9449823943661971 0.8080985915492958 0.07834507042253522 0.07629107981220658 
0 0.5477552816901409 0.841255868544601 0.09286971830985916 0.04988262910798122 
0 0.1388644366197183 0.7731807511737089 0.07262323943661972 0.08039906103286384 
0 0.04973591549295775 0.6654929577464789 0.08362676056338028 0.10915492957746478 
0 0.4234154929577465 0.8459507042253521 0.07922535211267606 0.05457746478873239 
0 0.9121919014084507 0.261443661971831 0.07526408450704225 0.058098591549295774 
0 0.32548415492957744 0.45686619718309857 0.07790492957746478 0.06044600938967136 
0 0.32702464788732394 0.5164319248826291 0.07042253521126761 0.06455399061032864 
0 0.40360915492957744 0.4706572769953052 0.07130281690140845 0.0528169014084507 
0 0.48723591549295775 0.4721244131455399 0.07130281690140845 0.04401408450704225 
0 0.4828345070422535 0.4240023474178404 0.07130281690140845 0.04988262910798122 
0 0.577024647887324 0.42458920187793425 0.08362676056338028 0.051056338028169015 
0 0.323943661971831 0.3937793427230047 0.07482394366197183 0.06924882629107981 
0 0.5774647887323944 0.4706572769953052 0.07834507042253522 0.04107981220657277 
0 0.39920774647887325 0.5199530516431925 0.07130281690140845 0.051643192488262914 
0 0.25946302816901406 0.5067488262910798 0.055897887323943664 0.056924882629107984 
0 0.09705105633802817 0.4539319248826291 0.06382042253521127 0.051056338028169015 
0 0.24955985915492956 0.38497652582159625 0.07570422535211267 0.06924882629107981 
0 0.18904049295774647 0.5096830985915493 0.0761443661971831 0.04870892018779343 
0 0.1857394366197183 0.45686619718309857 0.07130281690140845 0.051056338028169015 
0 0.167693661971831 0.39906103286384975 0.07482394366197183 0.0528169014084507 
0 0.11421654929577464 0.511150234741784 0.07174295774647887 0.06572769953051644 
0 0.09110915492957747 0.4025821596244131 0.06690140845070422 0.04812206572769953 
0 0.03939260563380282 0.5140845070422535 0.07174295774647887 0.0539906103286385 
0 0.03455105633802817 0.4592136150234742 0.06382042253521127 0.04401408450704225 
0 0.028389084507042254 0.4025821596244131 0.055897887323943664 0.051643192488262914 
0 0.9174735915492958 0.19131455399061034 0.06734154929577464 0.06338028169014084 
0 0.5763644366197183 0.5205399061032864 0.0761443661971831 0.046948356807511735 
0 0.2550616197183099 0.4509976525821596 0.06734154929577464 0.05457746478873239 
0 0.6698943661971831 0.44014084507042256 0.08714788732394366 0.04107981220657277 
0 0.7517605633802817 0.8198356807511737 0.061619718309859156 0.05868544600938967 
0 0.6665933098591549 0.5243544600938967 0.07174295774647887 0.03697183098591549 
0 0.07306338028169014 0.8207159624413145 0.07922535211267606 0.056924882629107984 
0 0.05919894366197183 0.7546948356807511 0.07790492957746478 0.0715962441314554 
0 0.14326584507042253 0.8280516431924883 0.05941901408450704 0.0539906103286385 
0 0.12632042253521128 0.6936619718309859 0.09595070422535211 0.08215962441314555 
0 0.2323943661971831 0.8421361502347418 0.07922535211267606 0.04107981220657277 
0 0.3199823943661972 0.8471244131455399 0.07834507042253522 0.05457746478873239 
0 0.31558098591549294 0.7849178403755869 0.07394366197183098 0.0733568075117371 
0 0.31558098591549294 0.6998239436619719 0.09154929577464789 0.10269953051643192 
0 0.6621919014084507 0.8764671361502347 0.09551056338028169 0.027582159624413145 
0 0.6522887323943662 0.8389084507042254 0.10475352112676056 0.03814553990610329 
0 0.9196742957746479 0.12001173708920188 0.07350352112676056 0.061619718309859156 
0 0.9185739436619719 0.8623826291079812 0.07570422535211267 0.05575117370892019 
0 0.9487235915492958 0.7098004694835681 0.09022887323943662 0.12030516431924883 
0 0.9610475352112676 0.5302230046948356 0.05941901408450704 0.04518779342723005 
0 0.9669894366197183 0.48914319248826293 0.06073943661971831 0.03931924882629108 
0 0.9691901408450704 0.4465962441314554 0.05369718309859155 0.03990610328638498 
0 0.9696302816901409 0.3987676056338028 0.05721830985915493 0.05575117370892019 
0 0.8805017605633803 0.5331572769953051 0.06382042253521127 0.04284037558685446 
0 0.8855633802816901 0.49002347417840375 0.06690140845070422 0.04107981220657277 
0 0.8884242957746479 0.448943661971831 0.07702464788732394 0.046948356807511735 
0 0.7618838028169014 0.5325704225352113 0.07922535211267606 0.03814553990610329 
0 0.7596830985915493 0.48826291079812206 0.08362676056338028 0.04107981220657277 
0 0.7700264084507042 0.44454225352112675 0.09815140845070422 0.04401408450704225 
0 0.6670334507042254 0.48532863849765256 0.08142605633802817 0.04107981220657277 
0 0.7095070422535211 0.26173708920187794 0.08714788732394366 0.057511737089201875 
0 0.48899647887323944 0.5155516431924883 0.07482394366197183 0.04518779342723005 
0 0.47733274647887325 0.18485915492957747 0.0761443661971831 0.07629107981220658 
0 0.6632922535211268 0.7177230046948356 0.09507042253521127 0.09859154929577464 
0 0.6701144366197183 0.3893779342723005 0.07966549295774648 0.056924882629107984 
0 0.7077464788732394 0.20539906103286384 0.0818661971830986 0.057511737089201875 
0 0.5743838028169014 0.08890845070422536 0.08626760563380281 0.0534037558685446 
0 0.4003080985915493 0.2529342723004695 0.07174295774647887 0.06924882629107981 
0 0.773987676056338 0.3958333333333333 0.09639084507042253 0.061619718309859156 
0 0.5831866197183099 0.1528755868544601 0.09066901408450705 0.06631455399061033 
0 0.23107394366197184 0.7767018779342723 0.09066901408450705 0.07453051643192488 
0 0.7090669014084507 0.14407276995305165 0.08714788732394366 0.05457746478873239 
0 0.5497359154929577 0.783744131455399 0.10123239436619719 0.05575117370892019 
0 0.1586707746478873 0.14231220657276994 0.058538732394366196 0.056924882629107984 
0 0.32108274647887325 0.25088028169014087 0.07350352112676056 0.06748826291079812 
0 0.5796654929577465 0.20862676056338028 0.08890845070422536 0.04870892018779343 
0 0.8206426056338029 0.21332159624413147 0.07878521126760564 0.04636150234741784 
0 0.4225352112676056 0.783744131455399 0.10475352112676056 0.05927230046948357 
0 0.579225352112676 0.3609154929577465 0.09242957746478873 0.062206572769953054 
0 0.23503521126760563 0.19043427230046947 0.08098591549295775 0.06748826291079812 
0 0.4863556338028169 0.37177230046948356 0.0801056338028169 0.051056338028169015 
0 0.4826144366197183 0.25440140845070425 0.07878521126760564 0.08039906103286384 
0 0.4242957746478873 0.6919014084507042 0.09595070422535211 0.13615023474178403 
0 0.551056338028169 0.6927816901408451 0.10475352112676056 0.10974178403755869 
0 0.5796654929577465 0.2602699530516432 0.08274647887323944 0.051056338028169015 
0 0.8246038732394366 0.1572769953051643 0.08318661971830986 0.045774647887323945 
0 0.22579225352112675 0.6825117370892019 0.0994718309859155 0.10446009389671361 
0 0.4042693661971831 0.4052230046948357 0.0682218309859155 0.08039906103286384 
0 0.8279049295774648 0.09154929577464789 0.09066901408450705 0.045774647887323945 
0 0.47579225352112675 0.11502347417840375 0.07922535211267606 0.0715962441314554 
0 0.8202024647887324 0.2711267605633803 0.06558098591549295 0.04812206572769953 
0 0.39370598591549294 0.18192488262910797 0.07350352112676056 0.07629107981220658 
0 0.3831426056338028 0.12089201877934272 0.08142605633802817 0.06924882629107981 
0 0.3144806338028169 0.1869131455399061 0.06910211267605634 0.06044600938967136 
0 0.23789612676056338 0.2573356807511737 0.07702464788732394 0.0721830985915493 
0 0.16153169014084506 0.26467136150234744 0.06514084507042253 0.07511737089201878 
0 0.15757042253521128 0.19571596244131456 0.07922535211267606 0.051056338028169015 
0 0.08494718309859155 0.2596830985915493 0.07922535211267606 0.061619718309859156 
0 0.07350352112676056 0.19571596244131456 0.08274647887323944 0.05457746478873239 
0 0.06976232394366197 0.13908450704225353 0.09022887323943662 0.0528169014084507 
0 0.30941901408450706 0.11883802816901408 0.06602112676056338 0.05575117370892019 
0 0.7585827464788732 0.7259389671361502 0.09198943661971831 0.11502347417840375 
0 0.06800176056338028 0.08714788732394366 0.08054577464788733 0.04518779342723005 
0 0.9025088028169014 0.3615023474178404 0.07702464788732394 0.057511737089201875 
0 0.8983274647887324 0.40874413145539906 0.07658450704225352 0.03345070422535211 
0 0.6606514084507042 0.7963615023474179 0.11179577464788733 0.046948356807511735 
0 0.9449823943661971 0.8080985915492958 0.07834507042253522 0.07629107981220658 
0 0.5477552816901409 0.841255868544601 0.09286971830985916 0.04988262910798122 
0 0.1388644366197183 0.7731807511737089 0.07262323943661972 0.08039906103286384 
0 0.04973591549295775 0.6654929577464789 0.08362676056338028 0.10915492957746478 
0 0.4234154929577465 0.8459507042253521 0.07922535211267606 0.05457746478873239 
0 0.9121919014084507 0.261443661971831 0.07526408450704225 0.058098591549295774 
0 0.32548415492957744 0.45686619718309857 0.07790492957746478 0.06044600938967136 
0 0.32702464788732394 0.5164319248826291 0.07042253521126761 0.06455399061032864 
0 0.40360915492957744 0.4706572769953052 0.07130281690140845 0.0528169014084507 
0 0.48723591549295775 0.4721244131455399 0.07130281690140845 0.04401408450704225 
0 0.4828345070422535 0.4240023474178404 0.07130281690140845 0.04988262910798122 
0 0.577024647887324 0.42458920187793425 0.08362676056338028 0.051056338028169015 
0 0.323943661971831 0.3937793427230047 0.07482394366197183 0.06924882629107981 
0 0.5774647887323944 0.4706572769953052 0.07834507042253522 0.04107981220657277 
0 0.39920774647887325 0.5199530516431925 0.07130281690140845 0.051643192488262914 
0 0.25946302816901406 0.5067488262910798 0.055897887323943664 0.056924882629107984 
0 0.09705105633802817 0.4539319248826291 0.06382042253521127 0.051056338028169015 
0 0.24955985915492956 0.38497652582159625 0.07570422535211267 0.06924882629107981 
0 0.18904049295774647 0.5096830985915493 0.0761443661971831 0.04870892018779343 
0 0.1857394366197183 0.45686619718309857 0.07130281690140845 0.051056338028169015 
0 0.167693661971831 0.39906103286384975 0.07482394366197183 0.0528169014084507 
0 0.11421654929577464 0.511150234741784 0.07174295774647887 0.06572769953051644 
0 0.09110915492957747 0.4025821596244131 0.06690140845070422 0.04812206572769953 
0 0.03939260563380282 0.5140845070422535 0.07174295774647887 0.0539906103286385 
0 0.03455105633802817 0.4592136150234742 0.06382042253521127 0.04401408450704225 
0 0.028389084507042254 0.4025821596244131 0.055897887323943664 0.051643192488262914 
0 0.9174735915492958 0.19131455399061034 0.06734154929577464 0.06338028169014084 
0 0.5763644366197183 0.5205399061032864 0.0761443661971831 0.046948356807511735 
0 0.2550616197183099 0.4509976525821596 0.06734154929577464 0.05457746478873239 
0 0.6698943661971831 0.44014084507042256 0.08714788732394366 0.04107981220657277 
0 0.7517605633802817 0.8198356807511737 0.061619718309859156 0.05868544600938967 
0 0.6665933098591549 0.5243544600938967 0.07174295774647887 0.03697183098591549 
0 0.07306338028169014 0.8207159624413145 0.07922535211267606 0.056924882629107984 
0 0.05919894366197183 0.7546948356807511 0.07790492957746478 0.0715962441314554 
0 0.14326584507042253 0.8280516431924883 0.05941901408450704 0.0539906103286385 
0 0.12632042253521128 0.6936619718309859 0.09595070422535211 0.08215962441314555 
0 0.2323943661971831 0.8421361502347418 0.07922535211267606 0.04107981220657277 
0 0.3199823943661972 0.8471244131455399 0.07834507042253522 0.05457746478873239 
0 0.31558098591549294 0.7849178403755869 0.07394366197183098 0.0733568075117371 
0 0.31558098591549294 0.6998239436619719 0.09154929577464789 0.10269953051643192 
0 0.6621919014084507 0.8764671361502347 0.09551056338028169 0.027582159624413145 
0 0.6522887323943662 0.8389084507042254 0.10475352112676056 0.03814553990610329 
0 0.9196742957746479 0.12001173708920188 0.07350352112676056 0.061619718309859156 
0 0.9185739436619719 0.8623826291079812 0.07570422535211267 0.05575117370892019 
0 0.9487235915492958 0.7098004694835681 0.09022887323943662 0.12030516431924883 
0 0.9610475352112676 0.5302230046948356 0.05941901408450704 0.04518779342723005 
0 0.9669894366197183 0.48914319248826293 0.06073943661971831 0.03931924882629108 
0 0.9691901408450704 0.4465962441314554 0.05369718309859155 0.03990610328638498 
0 0.9696302816901409 0.3987676056338028 0.05721830985915493 0.05575117370892019 
0 0.8805017605633803 0.5331572769953051 0.06382042253521127 0.04284037558685446 
0 0.8855633802816901 0.49002347417840375 0.06690140845070422 0.04107981220657277 
0 0.8884242957746479 0.448943661971831 0.07702464788732394 0.046948356807511735 
0 0.7618838028169014 0.5325704225352113 0.07922535211267606 0.03814553990610329 
0 0.7596830985915493 0.48826291079812206 0.08362676056338028 0.04107981220657277 
0 0.7700264084507042 0.44454225352112675 0.09815140845070422 0.04401408450704225 
0 0.6670334507042254 0.48532863849765256 0.08142605633802817 0.04107981220657277 
0 0.7095070422535211 0.26173708920187794 0.08714788732394366 0.057511737089201875 
0 0.48899647887323944 0.5155516431924883 0.07482394366197183 0.04518779342723005 
0 0.47733274647887325 0.18485915492957747 0.0761443661971831 0.07629107981220658 
0 0.6632922535211268 0.7177230046948356 0.09507042253521127 0.09859154929577464 
0 0.6701144366197183 0.3893779342723005 0.07966549295774648 0.056924882629107984 
0 0.7077464788732394 0.20539906103286384 0.0818661971830986 0.057511737089201875 
0 0.5743838028169014 0.08890845070422536 0.08626760563380281 0.0534037558685446 
0 0.4003080985915493 0.2529342723004695 0.07174295774647887 0.06924882629107981 
0 0.773987676056338 0.3958333333333333 0.09639084507042253 0.061619718309859156 
0 0.5831866197183099 0.1528755868544601 0.09066901408450705 0.06631455399061033 
0 0.23107394366197184 0.7767018779342723 0.09066901408450705 0.07453051643192488 
0 0.7090669014084507 0.14407276995305165 0.08714788732394366 0.05457746478873239 
0 0.5497359154929577 0.783744131455399 0.10123239436619719 0.05575117370892019 
0 0.1586707746478873 0.14231220657276994 0.058538732394366196 0.056924882629107984 
0 0.32108274647887325 0.25088028169014087 0.07350352112676056 0.06748826291079812 
0 0.5796654929577465 0.20862676056338028 0.08890845070422536 0.04870892018779343 
0 0.8206426056338029 0.21332159624413147 0.07878521126760564 0.04636150234741784 
0 0.4225352112676056 0.783744131455399 0.10475352112676056 0.05927230046948357 
0 0.579225352112676 0.3609154929577465 0.09242957746478873 0.062206572769953054 
0 0.23503521126760563 0.19043427230046947 0.08098591549295775 0.06748826291079812 
0 0.4863556338028169 0.37177230046948356 0.0801056338028169 0.051056338028169015 
0 0.4826144366197183 0.25440140845070425 0.07878521126760564 0.08039906103286384 
0 0.4242957746478873 0.6919014084507042 0.09595070422535211 0.13615023474178403 
0 0.551056338028169 0.6927816901408451 0.10475352112676056 0.10974178403755869 
0 0.5796654929577465 0.2602699530516432 0.08274647887323944 0.051056338028169015 
0 0.8246038732394366 0.1572769953051643 0.08318661971830986 0.045774647887323945 
0 0.22579225352112675 0.6825117370892019 0.0994718309859155 0.10446009389671361 
0 0.4042693661971831 0.4052230046948357 0.0682218309859155 0.08039906103286384 
0 0.8279049295774648 0.09154929577464789 0.09066901408450705 0.045774647887323945 
0 0.47579225352112675 0.11502347417840375 0.07922535211267606 0.0715962441314554 
0 0.8202024647887324 0.2711267605633803 0.06558098591549295 0.04812206572769953 
0 0.39370598591549294 0.18192488262910797 0.07350352112676056 0.07629107981220658 
0 0.3831426056338028 0.12089201877934272 0.08142605633802817 0.06924882629107981 
0 0.3144806338028169 0.1869131455399061 0.06910211267605634 0.06044600938967136 
0 0.23789612676056338 0.2573356807511737 0.07702464788732394 0.0721830985915493 
0 0.16153169014084506 0.26467136150234744 0.06514084507042253 0.07511737089201878 
0 0.15757042253521128 0.19571596244131456 0.07922535211267606 0.051056338028169015 
0 0.08494718309859155 0.2596830985915493 0.07922535211267606 0.061619718309859156 
0 0.07350352112676056 0.19571596244131456 0.08274647887323944 0.05457746478873239 
0 0.06976232394366197 0.13908450704225353 0.09022887323943662 0.0528169014084507 
0 0.30941901408450706 0.11883802816901408 0.06602112676056338 0.05575117370892019 
0 0.7585827464788732 0.7259389671361502 0.09198943661971831 0.11502347417840375 
0 0.06800176056338028 0.08714788732394366 0.08054577464788733 0.04518779342723005 
0 0.9025088028169014 0.3615023474178404 0.07702464788732394 0.057511737089201875 
0 0.8983274647887324 0.40874413145539906 0.07658450704225352 0.03345070422535211 
0 0.6606514084507042 0.7963615023474179 0.11179577464788733 0.046948356807511735 
0 0.9449823943661971 0.8080985915492958 0.07834507042253522 0.07629107981220658 
0 0.5477552816901409 0.841255868544601 0.09286971830985916 0.04988262910798122 
0 0.1388644366197183 0.7731807511737089 0.07262323943661972 0.08039906103286384 
0 0.04973591549295775 0.6654929577464789 0.08362676056338028 0.10915492957746478 
0 0.4234154929577465 0.8459507042253521 0.07922535211267606 0.05457746478873239 
0 0.9121919014084507 0.261443661971831 0.07526408450704225 0.058098591549295774 
