0 0.7051056338028169 0.5076291079812206 0.09595070422535211 0.0528169014084507 
0 0.40316901408450706 0.5542840375586855 0.06602112676056338 0.06748826291079812 
0 0.7046654929577465 0.5654342723004695 0.09683098591549295 0.051056338028169015 
0 0.7051056338028169 0.6197183098591549 0.09595070422535211 0.04812206572769953 
0 0.5873679577464789 0.6255868544600939 0.08230633802816902 0.0539906103286385 
0 0.4894366197183099 0.4950117370892019 0.08274647887323944 0.06044600938967136 
0 0.4861355633802817 0.6132629107981221 0.06294014084507042 0.06455399061032864 
0 0.1780369718309859 0.5023474178403756 0.06734154929577464 0.057511737089201875 
0 0.3298855633802817 0.4935446009389671 0.06734154929577464 0.0539906103286385 
0 0.2535211267605634 0.5346244131455399 0.07482394366197183 0.10446009389671361 
0 0.17913732394366197 0.624706572769953 0.058098591549295774 0.05575117370892019 
0 0.10145246478873239 0.551349765258216 0.07262323943661972 0.07922535211267606 
0 0.10101232394366197 0.4935446009389671 0.06294014084507042 0.045774647887323945 
0 0.8080985915492958 0.6270539906103286 0.07922535211267606 0.04284037558685446 
0 0.17033450704225353 0.4562793427230047 0.056338028169014086 0.05575117370892019 
0 0.3287852112676056 0.5536971830985915 0.07130281690140845 0.06631455399061033 
0 0.8047975352112676 0.5610328638497653 0.07702464788732394 0.06338028169014084 
0 0.8783010563380281 0.8647300469483568 0.07702464788732394 0.04870892018779343 
0 0.8928257042253521 0.6100352112676056 0.0682218309859155 0.05575117370892019 
0 0.10211267605633803 0.4509976525821596 0.04929577464788732 0.03931924882629108 
0 0.6725352112676056 0.8735328638497653 0.08362676056338028 0.03345070422535211 
0 0.7634242957746479 0.7379694835680751 0.09991197183098592 0.06748826291079812 
0 0.7651848591549296 0.7981220657276995 0.09022887323943662 0.04107981220657277 
0 0.7629841549295775 0.835387323943662 0.09022887323943662 0.03697183098591549 
0 0.7640845070422535 0.869131455399061 0.09242957746478873 0.045774647887323945 
0 0.894806338028169 0.7106807511737089 0.0880281690140845 0.03403755868544601 
0 0.8151408450704225 0.5146713615023474 0.08714788732394366 0.0528169014084507 
0 0.8855633802816901 0.7523474178403756 0.08274647887323944 0.04107981220657277 
0 0.9669894366197183 0.7796361502347418 0.058098591549295774 0.04518779342723005 
0 0.9625880281690141 0.8265845070422535 0.06690140845070422 0.03931924882629108 
0 0.9621478873239436 0.8641431924882629 0.07482394366197183 0.04401408450704225 
0 0.9788732394366197 0.4838615023474178 0.04225352112676056 0.058098591549295774 
0 0.9782130281690141 0.5539906103286385 0.04357394366197183 0.06338028169014084 
0 0.9722711267605634 0.6109154929577465 0.05545774647887324 0.05985915492957746 
0 0.894806338028169 0.4779929577464789 0.07042253521126761 0.06748826291079812 
0 0.9667693661971831 0.7309272300469484 0.0664612676056338 0.056924882629107984 
0 0.03279049295774648 0.4653755868544601 0.06470070422535211 0.051643192488262914 
0 0.6456866197183099 0.09507042253521127 0.07394366197183098 0.035211267605633804 
0 0.03345070422535211 0.5713028169014085 0.06602112676056338 0.04870892018779343 
0 0.7211707746478874 0.03374413145539906 0.06382042253521127 0.03814553990610329 
0 0.6452464788732394 0.03931924882629108 0.05721830985915493 0.0528169014084507 
0 0.5642605633802817 0.09008215962441314 0.07130281690140845 0.05457746478873239 
0 0.5638204225352113 0.0357981220657277 0.07482394366197183 0.04812206572769953 
0 0.4922975352112676 0.043133802816901406 0.07702464788732394 0.051056338028169015 
0 0.4909771126760563 0.09301643192488263 0.07262323943661972 0.04870892018779343 
0 0.42275528169014087 0.04225352112676056 0.0682218309859155 0.0528169014084507 
0 0.7167693661971831 0.07834507042253522 0.06382042253521127 0.056924882629107984 
0 0.41901408450704225 0.09301643192488263 0.06514084507042253 0.051056338028169015 
0 0.2777288732394366 0.033157276995305164 0.07482394366197183 0.06514084507042253 
0 0.19784330985915494 0.031396713615023476 0.07350352112676056 0.056924882629107984 
0 0.12632042253521128 0.03286384976525822 0.08714788732394366 0.05985915492957746 
0 0.12081866197183098 0.10534037558685445 0.07350352112676056 0.0733568075117371 
0 0.0448943661971831 0.03814553990610329 0.08450704225352113 0.07042253521126761 
0 0.6714348591549296 0.8315727699530516 0.08582746478873239 0.04107981220657277 
0 0.048195422535211266 0.10768779342723005 0.07174295774647887 0.06044600938967136 
0 0.3514524647887324 0.049002347417840375 0.0682218309859155 0.03931924882629108 
0 0.03389084507042254 0.5249413145539906 0.058098591549295774 0.04988262910798122 
0 0.7959947183098591 0.0892018779342723 0.0682218309859155 0.0528169014084507 
0 0.8650968309859155 0.0357981220657277 0.0682218309859155 0.04812206572769953 
0 0.03455105633802817 0.6188380281690141 0.0682218309859155 0.03814553990610329 
0 0.07130281690140845 0.18632629107981222 0.06954225352112677 0.04401408450704225 
0 0.15316901408450703 0.1898474178403756 0.06602112676056338 0.05457746478873239 
0 0.23525528169014084 0.18339201877934272 0.08230633802816902 0.03814553990610329 
0 0.23569542253521128 0.3682511737089202 0.08582746478873239 0.061619718309859156 
0 0.30567781690140844 0.30663145539906106 0.06910211267605634 0.04988262910798122 
0 0.3140404929577465 0.3664906103286385 0.07702464788732394 0.05575117370892019 
0 0.7975352112676056 0.029049295774647887 0.06514084507042253 0.04988262910798122 
0 0.3908450704225352 0.3644366197183099 0.07482394366197183 0.0715962441314554 
0 0.45928697183098594 0.17811032863849766 0.07262323943661972 0.06279342723004695 
0 0.464568661971831 0.29694835680751175 0.07262323943661972 0.0539906103286385 
0 0.4669894366197183 0.3615023474178404 0.07042253521126761 0.06924882629107981 
0 0.7425176056338029 0.19278169014084506 0.08890845070422536 0.0721830985915493 
0 0.9738116197183099 0.29313380281690143 0.05237676056338028 0.05575117370892019 
0 0.9806338028169014 0.15845070422535212 0.035211267605633804 0.06455399061032864 
0 0.9335387323943662 0.02464788732394366 0.061619718309859156 0.04107981220657277 
0 0.3882042253521127 0.18045774647887325 0.08274647887323944 0.04401408450704225 
0 0.6650528169014085 0.7893192488262911 0.09242957746478873 0.046948356807511735 
0 0.9425616197183099 0.9671361502347418 0.08142605633802817 0.05868544600938967 
0 0.5836267605633803 0.8661971830985915 0.07922535211267606 0.03990610328638498 
0 0.5809859154929577 0.5184859154929577 0.08890845070422536 0.04518779342723005 
0 0.5785651408450704 0.4686032863849765 0.08934859154929578 0.04988262910798122 
0 0.6428257042253521 0.3048708920187793 0.0743838028169014 0.04401408450704225 
0 0.6432658450704225 0.1960093896713615 0.07790492957746478 0.03990610328638498 
0 0.549955985915493 0.30839201877934275 0.0743838028169014 0.04284037558685446 
0 0.914612676056338 0.2948943661971831 0.05985915492957746 0.058098591549295774 
0 0.6452464788732394 0.255575117370892 0.0721830985915493 0.04636150234741784 
0 0.7398767605633803 0.25029342723004694 0.07922535211267606 0.04401408450704225 
0 0.10783450704225352 0.6161971830985915 0.06778169014084508 0.05868544600938967 
0 0.38754401408450706 0.2414906103286385 0.07526408450704225 0.06866197183098592 
0 0.08098591549295775 0.3682511737089202 0.0721830985915493 0.058098591549295774 
0 0.9346390845070423 0.07775821596244131 0.06558098591549295 0.06396713615023474 
0 0.3890845070422535 0.3019366197183099 0.0721830985915493 0.05927230046948357 
0 0.8371478873239436 0.30809859154929575 0.09330985915492958 0.04107981220657277 
0 0.46170774647887325 0.23562206572769953 0.07658450704225352 0.051056338028169015 
0 0.3545334507042254 0.09272300469483569 0.06029929577464789 0.03755868544600939 
0 0.2788292253521127 0.09507042253521127 0.07878521126760564 0.0528169014084507 
0 0.15558978873239437 0.3095657276995305 0.07262323943661972 0.05575117370892019 
0 0.7394366197183099 0.3034037558685446 0.0818661971830986 0.04460093896713615 
0 0.6720950704225352 0.7438380281690141 0.09330985915492958 0.04401408450704225 
0 0.4878961267605634 0.5536971830985915 0.06998239436619719 0.06279342723004695 
0 0.2592429577464789 0.6176643192488263 0.07570422535211267 0.05575117370892019 
0 0.4084507042253521 0.6129694835680751 0.06866197183098592 0.061619718309859156 
0 0.1837588028169014 0.5592723004694836 0.06998239436619719 0.06924882629107981 
0 0.3338468309859155 0.6276408450704225 0.06998239436619719 0.061619718309859156 
0 0.20180457746478872 0.09477699530516431 0.0743838028169014 0.06866197183098592 
0 0.5807658450704225 0.5704225352112676 0.08494718309859155 0.04107981220657277 
0 0.9150528169014085 0.36238262910798125 0.06514084507042253 0.04988262910798122 
0 0.5528169014084507 0.20363849765258216 0.08362676056338028 0.04460093896713615 
0 0.8338468309859155 0.3585680751173709 0.08934859154929578 0.0539906103286385 
0 0.7411971830985915 0.3653169014084507 0.07130281690140845 0.051056338028169015 
0 0.5506161971830986 0.3644366197183099 0.07658450704225352 0.0539906103286385 
0 0.5508362676056338 0.2576291079812207 0.0840669014084507 0.04812206572769953 
0 0.9172535211267606 0.23591549295774647 0.06338028169014084 0.05046948356807512 
0 0.15536971830985916 0.3670774647887324 0.07306338028169014 0.06044600938967136 
0 0.6432658450704225 0.36619718309859156 0.07526408450704225 0.05046948356807512 
0 0.9170334507042254 0.17018779342723006 0.07702464788732394 0.0528169014084507 
0 0.4038292253521127 0.48532863849765256 0.0664612676056338 0.08568075117370892 
0 0.8950264084507042 0.5504694835680751 0.07262323943661972 0.06103286384976526 
0 0.20224471830985916 0.8529929577464789 0.06470070422535211 0.0721830985915493 
0 0.26936619718309857 0.7414906103286385 0.0801056338028169 0.0721830985915493 
0 0.2733274647887324 0.7987089201877934 0.07482394366197183 0.057511737089201875 
0 0.2753080985915493 0.8485915492957746 0.06382042253521127 0.051643192488262914 
0 0.34088908450704225 0.8089788732394366 0.06734154929577464 0.05457746478873239 
0 0.33692781690140844 0.7532276995305164 0.0682218309859155 0.06631455399061033 
0 0.4069102112676056 0.750293427230047 0.06910211267605634 0.07453051643192488 
0 0.19410211267605634 0.7992957746478874 0.06602112676056338 0.046948356807511735 
0 0.4117517605633803 0.8171948356807511 0.06382042253521127 0.05575117370892019 
0 0.49053697183098594 0.7194835680751174 0.09375 0.06338028169014084 
0 0.4900968309859155 0.7811032863849765 0.09022887323943662 0.051643192488262914 
0 0.49053697183098594 0.8274647887323944 0.08054577464788733 0.046948356807511735 
0 0.5763644366197183 0.7203638497652582 0.08494718309859155 0.05575117370892019 
0 0.5807658450704225 0.7717136150234741 0.07350352112676056 0.04107981220657277 
0 0.5834066901408451 0.8201291079812206 0.07702464788732394 0.04988262910798122 
0 0.8345070422535211 0.24794600938967137 0.0897887323943662 0.05575117370892019 
0 0.4163732394366197 0.8720657276995305 0.07042253521126761 0.057511737089201875 
0 0.18838028169014084 0.7458920187793427 0.06602112676056338 0.06338028169014084 
0 0.49053697183098594 0.8676643192488263 0.08670774647887323 0.04518779342723005 
0 0.11047535211267606 0.7356220657276995 0.07482394366197183 0.06279342723004695 
0 0.12147887323943662 0.8001760563380281 0.07482394366197183 0.04284037558685446 
0 0.8642165492957746 0.08392018779342723 0.07262323943661972 0.051643192488262914 
0 0.8186619718309859 0.4636150234741784 0.0801056338028169 0.04342723004694836 
0 0.11971830985915492 0.8571009389671361 0.058098591549295774 0.061619718309859156 
0 0.3415492957746479 0.8726525821596244 0.056338028169014086 0.06338028169014084 
0 0.8873239436619719 0.789906103286385 0.08362676056338028 0.03403755868544601 
0 0.8811619718309859 0.8265845070422535 0.06954225352112677 0.03697183098591549 
0 0.9777728873239436 0.22769953051643194 0.04445422535211268 0.057511737089201875 
0 0.07900528169014084 0.3086854460093897 0.08054577464788733 0.06338028169014084 
0 0.05259683098591549 0.8500586854460094 0.06294014084507042 0.05457746478873239 
0 0.07790492957746478 0.24501173708920188 0.08714788732394366 0.06748826291079812 
0 0.04533450704225352 0.8001760563380281 0.06602112676056338 0.051056338028169015 
0 0.04005281690140845 0.7414906103286385 0.07042253521126761 0.056924882629107984 
0 0.9762323943661971 0.35944835680751175 0.04841549295774648 0.058098591549295774 
0 0.2326144366197183 0.3048708920187793 0.06382042253521127 0.05575117370892019 
0 0.24031690140845072 0.24354460093896713 0.06602112676056338 0.05868544600938967 
0 0.152068661971831 0.24618544600938966 0.0682218309859155 0.06748826291079812 
0 0.7051056338028169 0.5076291079812206 0.09595070422535211 0.0528169014084507 
0 0.40316901408450706 0.5542840375586855 0.06602112676056338 0.06748826291079812 
0 0.7046654929577465 0.5654342723004695 0.09683098591549295 0.051056338028169015 
0 0.7051056338028169 0.6197183098591549 0.09595070422535211 0.04812206572769953 
0 0.5873679577464789 0.6255868544600939 0.08230633802816902 0.0539906103286385 
0 0.4894366197183099 0.4950117370892019 0.08274647887323944 0.06044600938967136 
0 0.4861355633802817 0.6132629107981221 0.06294014084507042 0.06455399061032864 
0 0.1780369718309859 0.5023474178403756 0.06734154929577464 0.057511737089201875 
0 0.3298855633802817 0.4935446009389671 0.06734154929577464 0.0539906103286385 
0 0.2535211267605634 0.5346244131455399 0.07482394366197183 0.10446009389671361 
0 0.17913732394366197 0.624706572769953 0.058098591549295774 0.05575117370892019 
0 0.10145246478873239 0.551349765258216 0.07262323943661972 0.07922535211267606 
0 0.10101232394366197 0.4935446009389671 0.06294014084507042 0.045774647887323945 
0 0.8080985915492958 0.6270539906103286 0.07922535211267606 0.04284037558685446 
0 0.17033450704225353 0.4562793427230047 0.056338028169014086 0.05575117370892019 
0 0.3287852112676056 0.5536971830985915 0.07130281690140845 0.06631455399061033 
0 0.8047975352112676 0.5610328638497653 0.07702464788732394 0.06338028169014084 
0 0.8783010563380281 0.8647300469483568 0.07702464788732394 0.04870892018779343 
0 0.8928257042253521 0.6100352112676056 0.0682218309859155 0.05575117370892019 
0 0.10211267605633803 0.4509976525821596 0.04929577464788732 0.03931924882629108 
0 0.6725352112676056 0.8735328638497653 0.08362676056338028 0.03345070422535211 
0 0.7634242957746479 0.7379694835680751 0.09991197183098592 0.06748826291079812 
0 0.7651848591549296 0.7981220657276995 0.09022887323943662 0.04107981220657277 
0 0.7629841549295775 0.835387323943662 0.09022887323943662 0.03697183098591549 
0 0.7640845070422535 0.869131455399061 0.09242957746478873 0.045774647887323945 
0 0.894806338028169 0.7106807511737089 0.0880281690140845 0.03403755868544601 
0 0.8151408450704225 0.5146713615023474 0.08714788732394366 0.0528169014084507 
0 0.8855633802816901 0.7523474178403756 0.08274647887323944 0.04107981220657277 
0 0.9669894366197183 0.7796361502347418 0.058098591549295774 0.04518779342723005 
0 0.9625880281690141 0.8265845070422535 0.06690140845070422 0.03931924882629108 
0 0.9621478873239436 0.8641431924882629 0.07482394366197183 0.04401408450704225 
0 0.9788732394366197 0.4838615023474178 0.04225352112676056 0.058098591549295774 
0 0.9782130281690141 0.5539906103286385 0.04357394366197183 0.06338028169014084 
0 0.9722711267605634 0.6109154929577465 0.05545774647887324 0.05985915492957746 
0 0.894806338028169 0.4779929577464789 0.07042253521126761 0.06748826291079812 
0 0.9667693661971831 0.7309272300469484 0.0664612676056338 0.056924882629107984 
0 0.03279049295774648 0.4653755868544601 0.06470070422535211 0.051643192488262914 
0 0.6456866197183099 0.09507042253521127 0.07394366197183098 0.035211267605633804 
0 0.03345070422535211 0.5713028169014085 0.06602112676056338 0.04870892018779343 
0 0.7211707746478874 0.03374413145539906 0.06382042253521127 0.03814553990610329 
0 0.6452464788732394 0.03931924882629108 0.05721830985915493 0.0528169014084507 
0 0.5642605633802817 0.09008215962441314 0.07130281690140845 0.05457746478873239 
0 0.5638204225352113 0.0357981220657277 0.07482394366197183 0.04812206572769953 
0 0.4922975352112676 0.043133802816901406 0.07702464788732394 0.051056338028169015 
0 0.4909771126760563 0.09301643192488263 0.07262323943661972 0.04870892018779343 
0 0.42275528169014087 0.04225352112676056 0.0682218309859155 0.0528169014084507 
0 0.7167693661971831 0.07834507042253522 0.06382042253521127 0.056924882629107984 
0 0.41901408450704225 0.09301643192488263 0.06514084507042253 0.051056338028169015 
0 0.2777288732394366 0.033157276995305164 0.07482394366197183 0.06514084507042253 
0 0.19784330985915494 0.031396713615023476 0.07350352112676056 0.056924882629107984 
0 0.12632042253521128 0.03286384976525822 0.08714788732394366 0.05985915492957746 
0 0.12081866197183098 0.10534037558685445 0.07350352112676056 0.0733568075117371 
0 0.0448943661971831 0.03814553990610329 0.08450704225352113 0.07042253521126761 
0 0.6714348591549296 0.8315727699530516 0.08582746478873239 0.04107981220657277 
0 0.048195422535211266 0.10768779342723005 0.07174295774647887 0.06044600938967136 
0 0.3514524647887324 0.049002347417840375 0.0682218309859155 0.03931924882629108 
0 0.03389084507042254 0.5249413145539906 0.058098591549295774 0.04988262910798122 
0 0.7959947183098591 0.0892018779342723 0.0682218309859155 0.0528169014084507 
0 0.8650968309859155 0.0357981220657277 0.0682218309859155 0.04812206572769953 
0 0.03455105633802817 0.6188380281690141 0.0682218309859155 0.03814553990610329 
0 0.07130281690140845 0.18632629107981222 0.06954225352112677 0.04401408450704225 
0 0.15316901408450703 0.1898474178403756 0.06602112676056338 0.05457746478873239 
0 0.23525528169014084 0.18339201877934272 0.08230633802816902 0.03814553990610329 
0 0.23569542253521128 0.3682511737089202 0.08582746478873239 0.061619718309859156 
0 0.30567781690140844 0.30663145539906106 0.06910211267605634 0.04988262910798122 
0 0.3140404929577465 0.3664906103286385 0.07702464788732394 0.05575117370892019 
0 0.7975352112676056 0.029049295774647887 0.06514084507042253 0.04988262910798122 
0 0.3908450704225352 0.3644366197183099 0.07482394366197183 0.0715962441314554 
0 0.45928697183098594 0.17811032863849766 0.07262323943661972 0.06279342723004695 
0 0.464568661971831 0.29694835680751175 0.07262323943661972 0.0539906103286385 
0 0.4669894366197183 0.3615023474178404 0.07042253521126761 0.06924882629107981 
0 0.7425176056338029 0.19278169014084506 0.08890845070422536 0.0721830985915493 
0 0.9738116197183099 0.29313380281690143 0.05237676056338028 0.05575117370892019 
0 0.9806338028169014 0.15845070422535212 0.035211267605633804 0.06455399061032864 
0 0.9335387323943662 0.02464788732394366 0.061619718309859156 0.04107981220657277 
0 0.3882042253521127 0.18045774647887325 0.08274647887323944 0.04401408450704225 
0 0.6650528169014085 0.7893192488262911 0.09242957746478873 0.046948356807511735 
0 0.9425616197183099 0.9671361502347418 0.08142605633802817 0.05868544600938967 
0 0.5836267605633803 0.8661971830985915 0.07922535211267606 0.03990610328638498 
0 0.5809859154929577 0.5184859154929577 0.08890845070422536 0.04518779342723005 
0 0.5785651408450704 0.4686032863849765 0.08934859154929578 0.04988262910798122 
0 0.6428257042253521 0.3048708920187793 0.0743838028169014 0.04401408450704225 
0 0.6432658450704225 0.1960093896713615 0.07790492957746478 0.03990610328638498 
0 0.549955985915493 0.30839201877934275 0.0743838028169014 0.04284037558685446 
0 0.914612676056338 0.2948943661971831 0.05985915492957746 0.058098591549295774 
0 0.6452464788732394 0.255575117370892 0.0721830985915493 0.04636150234741784 
0 0.7398767605633803 0.25029342723004694 0.07922535211267606 0.04401408450704225 
0 0.10783450704225352 0.6161971830985915 0.06778169014084508 0.05868544600938967 
0 0.38754401408450706 0.2414906103286385 0.07526408450704225 0.06866197183098592 
0 0.08098591549295775 0.3682511737089202 0.0721830985915493 0.058098591549295774 
0 0.9346390845070423 0.07775821596244131 0.06558098591549295 0.06396713615023474 
0 0.3890845070422535 0.3019366197183099 0.0721830985915493 0.05927230046948357 
0 0.8371478873239436 0.30809859154929575 0.09330985915492958 0.04107981220657277 
0 0.46170774647887325 0.23562206572769953 0.07658450704225352 0.051056338028169015 
0 0.3545334507042254 0.09272300469483569 0.06029929577464789 0.03755868544600939 
0 0.2788292253521127 0.09507042253521127 0.07878521126760564 0.0528169014084507 
0 0.15558978873239437 0.3095657276995305 0.07262323943661972 0.05575117370892019 
0 0.7394366197183099 0.3034037558685446 0.0818661971830986 0.04460093896713615 
0 0.6720950704225352 0.7438380281690141 0.09330985915492958 0.04401408450704225 
0 0.4878961267605634 0.5536971830985915 0.06998239436619719 0.06279342723004695 
0 0.2592429577464789 0.6176643192488263 0.07570422535211267 0.05575117370892019 
0 0.4084507042253521 0.6129694835680751 0.06866197183098592 0.061619718309859156 
0 0.1837588028169014 0.5592723004694836 0.06998239436619719 0.06924882629107981 
0 0.3338468309859155 0.6276408450704225 0.06998239436619719 0.061619718309859156 
0 0.20180457746478872 0.09477699530516431 0.0743838028169014 0.06866197183098592 
0 0.5807658450704225 0.5704225352112676 0.08494718309859155 0.04107981220657277 
0 0.9150528169014085 0.36238262910798125 0.06514084507042253 0.04988262910798122 
0 0.5528169014084507 0.20363849765258216 0.08362676056338028 0.04460093896713615 
0 0.8338468309859155 0.3585680751173709 0.08934859154929578 0.0539906103286385 
0 0.7411971830985915 0.3653169014084507 0.07130281690140845 0.051056338028169015 
0 0.5506161971830986 0.3644366197183099 0.07658450704225352 0.0539906103286385 
0 0.5508362676056338 0.2576291079812207 0.0840669014084507 0.04812206572769953 
0 0.9172535211267606 0.23591549295774647 0.06338028169014084 0.05046948356807512 
0 0.15536971830985916 0.3670774647887324 0.07306338028169014 0.06044600938967136 
0 0.6432658450704225 0.36619718309859156 0.07526408450704225 0.05046948356807512 
0 0.9170334507042254 0.17018779342723006 0.07702464788732394 0.0528169014084507 
0 0.4038292253521127 0.48532863849765256 0.0664612676056338 0.08568075117370892 
0 0.8950264084507042 0.5504694835680751 0.07262323943661972 0.06103286384976526 
0 0.20224471830985916 0.8529929577464789 0.06470070422535211 0.0721830985915493 
0 0.26936619718309857 0.7414906103286385 0.0801056338028169 0.0721830985915493 
0 0.2733274647887324 0.7987089201877934 0.07482394366197183 0.057511737089201875 
0 0.2753080985915493 0.8485915492957746 0.06382042253521127 0.051643192488262914 
0 0.34088908450704225 0.8089788732394366 0.06734154929577464 0.05457746478873239 
0 0.33692781690140844 0.7532276995305164 0.0682218309859155 0.06631455399061033 
0 0.4069102112676056 0.750293427230047 0.06910211267605634 0.07453051643192488 
0 0.19410211267605634 0.7992957746478874 0.06602112676056338 0.046948356807511735 
0 0.4117517605633803 0.8171948356807511 0.06382042253521127 0.05575117370892019 
0 0.49053697183098594 0.7194835680751174 0.09375 0.06338028169014084 
0 0.4900968309859155 0.7811032863849765 0.09022887323943662 0.051643192488262914 
0 0.49053697183098594 0.8274647887323944 0.08054577464788733 0.046948356807511735 
0 0.5763644366197183 0.7203638497652582 0.08494718309859155 0.05575117370892019 
0 0.5807658450704225 0.7717136150234741 0.07350352112676056 0.04107981220657277 
0 0.5834066901408451 0.8201291079812206 0.07702464788732394 0.04988262910798122 
0 0.8345070422535211 0.24794600938967137 0.0897887323943662 0.05575117370892019 
0 0.4163732394366197 0.8720657276995305 0.07042253521126761 0.057511737089201875 
0 0.18838028169014084 0.7458920187793427 0.06602112676056338 0.06338028169014084 
0 0.49053697183098594 0.8676643192488263 0.08670774647887323 0.04518779342723005 
0 0.11047535211267606 0.7356220657276995 0.07482394366197183 0.06279342723004695 
0 0.12147887323943662 0.8001760563380281 0.07482394366197183 0.04284037558685446 
0 0.8642165492957746 0.08392018779342723 0.07262323943661972 0.051643192488262914 
0 0.8186619718309859 0.4636150234741784 0.0801056338028169 0.04342723004694836 
0 0.11971830985915492 0.8571009389671361 0.058098591549295774 0.061619718309859156 
0 0.3415492957746479 0.8726525821596244 0.056338028169014086 0.06338028169014084 
0 0.8873239436619719 0.789906103286385 0.08362676056338028 0.03403755868544601 
0 0.8811619718309859 0.8265845070422535 0.06954225352112677 0.03697183098591549 
0 0.9777728873239436 0.22769953051643194 0.04445422535211268 0.057511737089201875 
0 0.07900528169014084 0.3086854460093897 0.08054577464788733 0.06338028169014084 
0 0.05259683098591549 0.8500586854460094 0.06294014084507042 0.05457746478873239 
0 0.07790492957746478 0.24501173708920188 0.08714788732394366 0.06748826291079812 
0 0.04533450704225352 0.8001760563380281 0.06602112676056338 0.051056338028169015 
0 0.04005281690140845 0.7414906103286385 0.07042253521126761 0.056924882629107984 
0 0.9762323943661971 0.35944835680751175 0.04841549295774648 0.058098591549295774 
0 0.2326144366197183 0.3048708920187793 0.06382042253521127 0.05575117370892019 
0 0.24031690140845072 0.24354460093896713 0.06602112676056338 0.05868544600938967 
0 0.152068661971831 0.24618544600938966 0.0682218309859155 0.06748826291079812 
0 0.7051056338028169 0.5076291079812206 0.09595070422535211 0.0528169014084507 
0 0.40316901408450706 0.5542840375586855 0.06602112676056338 0.06748826291079812 
0 0.7046654929577465 0.5654342723004695 0.09683098591549295 0.051056338028169015 
0 0.7051056338028169 0.6197183098591549 0.09595070422535211 0.04812206572769953 
0 0.5873679577464789 0.6255868544600939 0.08230633802816902 0.0539906103286385 
0 0.4894366197183099 0.4950117370892019 0.08274647887323944 0.06044600938967136 
0 0.4861355633802817 0.6132629107981221 0.06294014084507042 0.06455399061032864 
0 0.1780369718309859 0.5023474178403756 0.06734154929577464 0.057511737089201875 
0 0.3298855633802817 0.4935446009389671 0.06734154929577464 0.0539906103286385 
0 0.2535211267605634 0.5346244131455399 0.07482394366197183 0.10446009389671361 
0 0.17913732394366197 0.624706572769953 0.058098591549295774 0.05575117370892019 
0 0.10145246478873239 0.551349765258216 0.07262323943661972 0.07922535211267606 
0 0.10101232394366197 0.4935446009389671 0.06294014084507042 0.045774647887323945 
0 0.8080985915492958 0.6270539906103286 0.07922535211267606 0.04284037558685446 
0 0.17033450704225353 0.4562793427230047 0.056338028169014086 0.05575117370892019 
0 0.3287852112676056 0.5536971830985915 0.07130281690140845 0.06631455399061033 
0 0.8047975352112676 0.5610328638497653 0.07702464788732394 0.06338028169014084 
0 0.8783010563380281 0.8647300469483568 0.07702464788732394 0.04870892018779343 
0 0.8928257042253521 0.6100352112676056 0.0682218309859155 0.05575117370892019 
0 0.10211267605633803 0.4509976525821596 0.04929577464788732 0.03931924882629108 
0 0.6725352112676056 0.8735328638497653 0.08362676056338028 0.03345070422535211 
0 0.7634242957746479 0.7379694835680751 0.09991197183098592 0.06748826291079812 
0 0.7651848591549296 0.7981220657276995 0.09022887323943662 0.04107981220657277 
0 0.7629841549295775 0.835387323943662 0.09022887323943662 0.03697183098591549 
0 0.7640845070422535 0.869131455399061 0.09242957746478873 0.045774647887323945 
0 0.894806338028169 0.7106807511737089 0.0880281690140845 0.03403755868544601 
0 0.8151408450704225 0.5146713615023474 0.08714788732394366 0.0528169014084507 
0 0.8855633802816901 0.7523474178403756 0.08274647887323944 0.04107981220657277 
0 0.9669894366197183 0.7796361502347418 0.058098591549295774 0.04518779342723005 
0 0.9625880281690141 0.8265845070422535 0.06690140845070422 0.03931924882629108 
0 0.9621478873239436 0.8641431924882629 0.07482394366197183 0.04401408450704225 
0 0.9788732394366197 0.4838615023474178 0.04225352112676056 0.058098591549295774 
0 0.9782130281690141 0.5539906103286385 0.04357394366197183 0.06338028169014084 
0 0.9722711267605634 0.6109154929577465 0.05545774647887324 0.05985915492957746 
0 0.894806338028169 0.4779929577464789 0.07042253521126761 0.06748826291079812 
0 0.9667693661971831 0.7309272300469484 0.0664612676056338 0.056924882629107984 
0 0.03279049295774648 0.4653755868544601 0.06470070422535211 0.051643192488262914 
0 0.6456866197183099 0.09507042253521127 0.07394366197183098 0.035211267605633804 
0 0.03345070422535211 0.5713028169014085 0.06602112676056338 0.04870892018779343 
0 0.7211707746478874 0.03374413145539906 0.06382042253521127 0.03814553990610329 
0 0.6452464788732394 0.03931924882629108 0.05721830985915493 0.0528169014084507 
0 0.5642605633802817 0.09008215962441314 0.07130281690140845 0.05457746478873239 
0 0.5638204225352113 0.0357981220657277 0.07482394366197183 0.04812206572769953 
0 0.4922975352112676 0.043133802816901406 0.07702464788732394 0.051056338028169015 
0 0.4909771126760563 0.09301643192488263 0.07262323943661972 0.04870892018779343 
0 0.42275528169014087 0.04225352112676056 0.0682218309859155 0.0528169014084507 
0 0.7167693661971831 0.07834507042253522 0.06382042253521127 0.056924882629107984 
0 0.41901408450704225 0.09301643192488263 0.06514084507042253 0.051056338028169015 
0 0.2777288732394366 0.033157276995305164 0.07482394366197183 0.06514084507042253 
0 0.19784330985915494 0.031396713615023476 0.07350352112676056 0.056924882629107984 
0 0.12632042253521128 0.03286384976525822 0.08714788732394366 0.05985915492957746 
0 0.12081866197183098 0.10534037558685445 0.07350352112676056 0.0733568075117371 
0 0.0448943661971831 0.03814553990610329 0.08450704225352113 0.07042253521126761 
0 0.6714348591549296 0.8315727699530516 0.08582746478873239 0.04107981220657277 
0 0.048195422535211266 0.10768779342723005 0.07174295774647887 0.06044600938967136 
0 0.3514524647887324 0.049002347417840375 0.0682218309859155 0.03931924882629108 
0 0.03389084507042254 0.5249413145539906 0.058098591549295774 0.04988262910798122 
0 0.7959947183098591 0.0892018779342723 0.0682218309859155 0.0528169014084507 
0 0.8650968309859155 0.0357981220657277 0.0682218309859155 0.04812206572769953 
0 0.03455105633802817 0.6188380281690141 0.0682218309859155 0.03814553990610329 
0 0.07130281690140845 0.18632629107981222 0.06954225352112677 0.04401408450704225 
0 0.15316901408450703 0.1898474178403756 0.06602112676056338 0.05457746478873239 
0 0.23525528169014084 0.18339201877934272 0.08230633802816902 0.03814553990610329 
0 0.23569542253521128 0.3682511737089202 0.08582746478873239 0.061619718309859156 
0 0.30567781690140844 0.30663145539906106 0.06910211267605634 0.04988262910798122 
0 0.3140404929577465 0.3664906103286385 0.07702464788732394 0.05575117370892019 
0 0.7975352112676056 0.029049295774647887 0.06514084507042253 0.04988262910798122 
0 0.3908450704225352 0.3644366197183099 0.07482394366197183 0.0715962441314554 
0 0.45928697183098594 0.17811032863849766 0.07262323943661972 0.06279342723004695 
0 0.464568661971831 0.29694835680751175 0.07262323943661972 0.0539906103286385 
0 0.4669894366197183 0.3615023474178404 0.07042253521126761 0.06924882629107981 
0 0.7425176056338029 0.19278169014084506 0.08890845070422536 0.0721830985915493 
0 0.9738116197183099 0.29313380281690143 0.05237676056338028 0.05575117370892019 
0 0.9806338028169014 0.15845070422535212 0.035211267605633804 0.06455399061032864 
0 0.9335387323943662 0.02464788732394366 0.061619718309859156 0.04107981220657277 
0 0.3882042253521127 0.18045774647887325 0.08274647887323944 0.04401408450704225 
0 0.6650528169014085 0.7893192488262911 0.09242957746478873 0.046948356807511735 
0 0.9425616197183099 0.9671361502347418 0.08142605633802817 0.05868544600938967 
0 0.5836267605633803 0.8661971830985915 0.07922535211267606 0.03990610328638498 
0 0.5809859154929577 0.5184859154929577 0.08890845070422536 0.04518779342723005 
0 0.5785651408450704 0.4686032863849765 0.08934859154929578 0.04988262910798122 
0 0.6428257042253521 0.3048708920187793 0.0743838028169014 0.04401408450704225 
0 0.6432658450704225 0.1960093896713615 0.07790492957746478 0.03990610328638498 
0 0.549955985915493 0.30839201877934275 0.0743838028169014 0.04284037558685446 
0 0.914612676056338 0.2948943661971831 0.05985915492957746 0.058098591549295774 
0 0.6452464788732394 0.255575117370892 0.0721830985915493 0.04636150234741784 
0 0.7398767605633803 0.25029342723004694 0.07922535211267606 0.04401408450704225 
0 0.10783450704225352 0.6161971830985915 0.06778169014084508 0.05868544600938967 
0 0.38754401408450706 0.2414906103286385 0.07526408450704225 0.06866197183098592 
0 0.08098591549295775 0.3682511737089202 0.0721830985915493 0.058098591549295774 
0 0.9346390845070423 0.07775821596244131 0.06558098591549295 0.06396713615023474 
0 0.3890845070422535 0.3019366197183099 0.0721830985915493 0.05927230046948357 
0 0.8371478873239436 0.30809859154929575 0.09330985915492958 0.04107981220657277 
0 0.46170774647887325 0.23562206572769953 0.07658450704225352 0.051056338028169015 
0 0.3545334507042254 0.09272300469483569 0.06029929577464789 0.03755868544600939 
0 0.2788292253521127 0.09507042253521127 0.07878521126760564 0.0528169014084507 
0 0.15558978873239437 0.3095657276995305 0.07262323943661972 0.05575117370892019 
0 0.7394366197183099 0.3034037558685446 0.0818661971830986 0.04460093896713615 
0 0.6720950704225352 0.7438380281690141 0.09330985915492958 0.04401408450704225 
0 0.4878961267605634 0.5536971830985915 0.06998239436619719 0.06279342723004695 
0 0.2592429577464789 0.6176643192488263 0.07570422535211267 0.05575117370892019 
0 0.4084507042253521 0.6129694835680751 0.06866197183098592 0.061619718309859156 
0 0.1837588028169014 0.5592723004694836 0.06998239436619719 0.06924882629107981 
0 0.3338468309859155 0.6276408450704225 0.06998239436619719 0.061619718309859156 
0 0.20180457746478872 0.09477699530516431 0.0743838028169014 0.06866197183098592 
0 0.5807658450704225 0.5704225352112676 0.08494718309859155 0.04107981220657277 
0 0.9150528169014085 0.36238262910798125 0.06514084507042253 0.04988262910798122 
0 0.5528169014084507 0.20363849765258216 0.08362676056338028 0.04460093896713615 
0 0.8338468309859155 0.3585680751173709 0.08934859154929578 0.0539906103286385 
0 0.7411971830985915 0.3653169014084507 0.07130281690140845 0.051056338028169015 
0 0.5506161971830986 0.3644366197183099 0.07658450704225352 0.0539906103286385 
0 0.5508362676056338 0.2576291079812207 0.0840669014084507 0.04812206572769953 
0 0.9172535211267606 0.23591549295774647 0.06338028169014084 0.05046948356807512 
0 0.15536971830985916 0.3670774647887324 0.07306338028169014 0.06044600938967136 
0 0.6432658450704225 0.36619718309859156 0.07526408450704225 0.05046948356807512 
0 0.9170334507042254 0.17018779342723006 0.07702464788732394 0.0528169014084507 
0 0.4038292253521127 0.48532863849765256 0.0664612676056338 0.08568075117370892 
0 0.8950264084507042 0.5504694835680751 0.07262323943661972 0.06103286384976526 
0 0.20224471830985916 0.8529929577464789 0.06470070422535211 0.0721830985915493 
0 0.26936619718309857 0.7414906103286385 0.0801056338028169 0.0721830985915493 
0 0.2733274647887324 0.7987089201877934 0.07482394366197183 0.057511737089201875 
0 0.2753080985915493 0.8485915492957746 0.06382042253521127 0.051643192488262914 
0 0.34088908450704225 0.8089788732394366 0.06734154929577464 0.05457746478873239 
0 0.33692781690140844 0.7532276995305164 0.0682218309859155 0.06631455399061033 
0 0.4069102112676056 0.750293427230047 0.06910211267605634 0.07453051643192488 
0 0.19410211267605634 0.7992957746478874 0.06602112676056338 0.046948356807511735 
0 0.4117517605633803 0.8171948356807511 0.06382042253521127 0.05575117370892019 
0 0.49053697183098594 0.7194835680751174 0.09375 0.06338028169014084 
0 0.4900968309859155 0.7811032863849765 0.09022887323943662 0.051643192488262914 
0 0.49053697183098594 0.8274647887323944 0.08054577464788733 0.046948356807511735 
0 0.5763644366197183 0.7203638497652582 0.08494718309859155 0.05575117370892019 
0 0.5807658450704225 0.7717136150234741 0.07350352112676056 0.04107981220657277 
0 0.5834066901408451 0.8201291079812206 0.07702464788732394 0.04988262910798122 
0 0.8345070422535211 0.24794600938967137 0.0897887323943662 0.05575117370892019 
0 0.4163732394366197 0.8720657276995305 0.07042253521126761 0.057511737089201875 
0 0.18838028169014084 0.7458920187793427 0.06602112676056338 0.06338028169014084 
0 0.49053697183098594 0.8676643192488263 0.08670774647887323 0.04518779342723005 
0 0.11047535211267606 0.7356220657276995 0.07482394366197183 0.06279342723004695 
0 0.12147887323943662 0.8001760563380281 0.07482394366197183 0.04284037558685446 
0 0.8642165492957746 0.08392018779342723 0.07262323943661972 0.051643192488262914 
0 0.8186619718309859 0.4636150234741784 0.0801056338028169 0.04342723004694836 
0 0.11971830985915492 0.8571009389671361 0.058098591549295774 0.061619718309859156 
0 0.3415492957746479 0.8726525821596244 0.056338028169014086 0.06338028169014084 
0 0.8873239436619719 0.789906103286385 0.08362676056338028 0.03403755868544601 
0 0.8811619718309859 0.8265845070422535 0.06954225352112677 0.03697183098591549 
0 0.9777728873239436 0.22769953051643194 0.04445422535211268 0.057511737089201875 
0 0.07900528169014084 0.3086854460093897 0.08054577464788733 0.06338028169014084 
0 0.05259683098591549 0.8500586854460094 0.06294014084507042 0.05457746478873239 
0 0.07790492957746478 0.24501173708920188 0.08714788732394366 0.06748826291079812 
0 0.04533450704225352 0.8001760563380281 0.06602112676056338 0.051056338028169015 
0 0.04005281690140845 0.7414906103286385 0.07042253521126761 0.056924882629107984 
0 0.9762323943661971 0.35944835680751175 0.04841549295774648 0.058098591549295774 
0 0.2326144366197183 0.3048708920187793 0.06382042253521127 0.05575117370892019 
0 0.24031690140845072 0.24354460093896713 0.06602112676056338 0.05868544600938967 
0 0.152068661971831 0.24618544600938966 0.0682218309859155 0.06748826291079812 
