0 0.18904049295774647 0.4612676056338028 0.06734154929577464 0.04225352112676056 
0 0.11421654929577464 0.4618544600938967 0.07350352112676056 0.04107981220657277 
0 0.11377640845070422 0.5105633802816901 0.07702464788732394 0.05868544600938967 
0 0.11047535211267606 0.6270539906103286 0.07922535211267606 0.06631455399061033 
0 0.05259683098591549 0.4994131455399061 0.055897887323943664 0.0539906103286385 
0 0.051056338028169015 0.5507629107981221 0.04841549295774648 0.051056338028169015 
0 0.058538732394366196 0.6100352112676056 0.05721830985915493 0.05575117370892019 
0 0.41065140845070425 0.45481220657276994 0.06602112676056338 0.04107981220657277 
0 0.41087147887323944 0.5046948356807511 0.07262323943661972 0.05868544600938967 
0 0.569762323943662 0.5293427230046949 0.08670774647887323 0.0528169014084507 
0 0.4900968309859155 0.5721830985915493 0.06382042253521127 0.05868544600938967 
0 0.49053697183098594 0.6343896713615024 0.06734154929577464 0.057511737089201875 
0 0.48547535211267606 0.454518779342723 0.07482394366197183 0.04988262910798122 
0 0.414612676056338 0.6294014084507042 0.06954225352112677 0.0733568075117371 
0 0.8727992957746479 0.2772887323943662 0.07042253521126761 0.05575117370892019 
0 0.26122359154929575 0.6255868544600939 0.0682218309859155 0.05985915492957746 
0 0.2616637323943662 0.5639671361502347 0.06734154929577464 0.05985915492957746 
0 0.26606514084507044 0.505868544600939 0.06910211267605634 0.05868544600938967 
0 0.2654049295774648 0.4574530516431925 0.07042253521126761 0.03814553990610329 
0 0.3303257042253521 0.5692488262910798 0.07702464788732394 0.05868544600938967 
0 0.8756602112676056 0.32335680751173707 0.06910211267605634 0.04812206572769953 
0 0.8694982394366197 0.2244718309859155 0.0682218309859155 0.04988262910798122 
0 0.8023767605633803 0.32335680751173707 0.07482394366197183 0.0539906103286385 
0 0.8025968309859155 0.2705399061032864 0.07262323943661972 0.051643192488262914 
0 0.8019366197183099 0.22300469483568075 0.07394366197183098 0.046948356807511735 
0 0.7337147887323944 0.3761737089201878 0.07130281690140845 0.045774647887323945 
0 0.7315140845070423 0.2822769953051643 0.07130281690140845 0.045774647887323945 
0 0.6632922535211268 0.6367370892018779 0.0801056338028169 0.07042253521126761 
0 0.7310739436619719 0.23591549295774647 0.07482394366197183 0.046948356807511735 
0 0.18639964788732394 0.511150234741784 0.0682218309859155 0.07511737089201878 
0 0.660431338028169 0.4753521126760563 0.09463028169014084 0.05868544600938967 
0 0.42891725352112675 0.8148474178403756 0.09375 0.06631455399061033 
0 0.844850352112676 0.5865610328638498 0.08054577464788733 0.04988262910798122 
0 0.6599911971830986 0.3761737089201878 0.06294014084507042 0.045774647887323945 
0 0.9271566901408451 0.4509976525821596 0.0682218309859155 0.06044600938967136 
0 0.9159330985915493 0.8832159624413145 0.06602112676056338 0.07042253521126761 
0 0.9179137323943662 0.8186619718309859 0.07702464788732394 0.05868544600938967 
0 0.9152728873239436 0.7479460093896714 0.06734154929577464 0.0733568075117371 
0 0.8294454225352113 0.9022887323943662 0.06910211267605634 0.04988262910798122 
0 0.8268045774647887 0.8427230046948356 0.07702464788732394 0.0539906103286385 
0 0.7286531690140845 0.8418427230046949 0.08142605633802817 0.04988262910798122 
0 0.726012323943662 0.7796361502347418 0.08494718309859155 0.06044600938967136 
0 0.6016725352112676 0.8926056338028169 0.08450704225352113 0.04812206572769953 
0 0.5946302816901409 0.7362089201877934 0.07922535211267606 0.061619718309859156 
0 0.504181338028169 0.8119131455399061 0.0682218309859155 0.0721830985915493 
0 0.5033010563380281 0.7532276995305164 0.0682218309859155 0.06631455399061033 
0 0.4238556338028169 0.7552816901408451 0.07482394366197183 0.05868544600938967 
0 0.7579225352112676 0.4694835680751174 0.08450704225352113 0.0528169014084507 
0 0.34815140845070425 0.8177816901408451 0.06602112676056338 0.06631455399061033 
0 0.27662852112676056 0.8779342723004695 0.06382042253521127 0.06338028169014084 
0 0.2722271126760563 0.8095657276995305 0.05941901408450704 0.061619718309859156 
0 0.20224471830985916 0.8802816901408451 0.07174295774647887 0.05868544600938967 
0 0.20334507042253522 0.818368544600939 0.06954225352112677 0.05575117370892019 
0 0.19850352112676056 0.7599765258215962 0.06602112676056338 0.0528169014084507 
0 0.19300176056338028 0.7174295774647887 0.05941901408450704 0.03814553990610329 
0 0.1307218309859155 0.8735328638497653 0.06690140845070422 0.051056338028169015 
0 0.13028169014084506 0.8201291079812206 0.07042253521126761 0.04988262910798122 
0 0.12632042253521128 0.7643779342723005 0.06954225352112677 0.05575117370892019 
0 0.12632042253521128 0.7136150234741784 0.058098591549295774 0.03403755868544601 
0 0.05259683098591549 0.8744131455399061 0.07350352112676056 0.0528169014084507 
0 0.047755281690140844 0.823650234741784 0.07262323943661972 0.04518779342723005 
0 0.045554577464788734 0.7737676056338029 0.07262323943661972 0.051056338028169015 
0 0.04665492957746479 0.7253521126760564 0.07042253521126761 0.045774647887323945 
0 0.34639084507042256 0.7532276995305164 0.0625 0.06044600938967136 
0 0.6610915492957746 0.3306924882629108 0.0625 0.04518779342723005 
0 0.7310739436619719 0.3330399061032864 0.06602112676056338 0.04401408450704225 
0 0.6599911971830986 0.2353286384976526 0.06294014084507042 0.051643192488262914 
0 0.7995158450704225 0.3703051643192488 0.05413732394366197 0.04460093896713615 
0 0.8334066901408451 0.7391431924882629 0.08142605633802817 0.04518779342723005 
0 0.8433098591549296 0.6396713615023474 0.07130281690140845 0.05046948356807512 
0 0.941681338028169 0.2875586854460094 0.058538732394366196 0.07629107981220658 
0 0.8481514084507042 0.5252347417840375 0.0625 0.06103286384976526 
0 0.9372799295774648 0.36414319248826293 0.06470070422535211 0.06631455399061033 
0 0.6670334507042254 0.5827464788732394 0.08142605633802817 0.04225352112676056 
0 0.0897887323943662 0.25821596244131456 0.06602112676056338 0.06690140845070422 
0 0.5831866197183099 0.31954225352112675 0.06073943661971831 0.04753521126760563 
0 0.3105193661971831 0.3744131455399061 0.0682218309859155 0.06338028169014084 
0 0.5691021126760564 0.5839201877934272 0.08626760563380281 0.03755868544600939 
0 0.10959507042253522 0.5718896713615024 0.07834507042253522 0.05575117370892019 
0 0.7557218309859155 0.5267018779342723 0.07658450704225352 0.04753521126760563 
0 0.663512323943662 0.5319835680751174 0.0743838028169014 0.04636150234741784 
0 0.8688380281690141 0.3729460093896714 0.056338028169014086 0.040492957746478875 
0 0.18705985915492956 0.5730633802816901 0.061619718309859156 0.051056338028169015 
0 0.40911091549295775 0.5674882629107981 0.07790492957746478 0.056338028169014086 
0 0.929137323943662 0.6320422535211268 0.06602112676056338 0.05868544600938967 
0 0.18067781690140844 0.6226525821596244 0.05413732394366197 0.051643192488262914 
0 0.9293573943661971 0.5730633802816901 0.06734154929577464 0.05927230046948357 
0 0.7552816901408451 0.573943661971831 0.0801056338028169 0.04812206572769953 
0 0.9267165492957746 0.5099765258215962 0.0664612676056338 0.05985915492957746 
0 0.3122799295774648 0.31103286384976525 0.07174295774647887 0.05868544600938967 
0 0.09837147887323944 0.38204225352112675 0.06382042253521127 0.06572769953051644 
0 0.5741637323943662 0.6399647887323944 0.08054577464788733 0.06044600938967136 
0 0.7519806338028169 0.6396713615023474 0.0743838028169014 0.051643192488262914 
0 0.23459507042253522 0.37470657276995306 0.07306338028169014 0.05457746478873239 
0 0.4238556338028169 0.8884976525821596 0.07746478873239436 0.06924882629107981 
0 0.4859154929577465 0.5102699530516432 0.07658450704225352 0.061619718309859156 
0 0.6584507042253521 0.2852112676056338 0.061619718309859156 0.051643192488262914 
0 0.5675616197183099 0.4753521126760563 0.08934859154929578 0.05516431924882629 
0 0.59375 0.8453638497652582 0.06954225352112677 0.04988262910798122 
0 0.332306338028169 0.6291079812206573 0.06602112676056338 0.057511737089201875 
0 0.820862676056338 0.7887323943661971 0.06954225352112677 0.051643192488262914 
0 0.5873679577464789 0.23444835680751175 0.07350352112676056 0.04401408450704225 
0 0.5955105633802817 0.7901995305164319 0.07570422535211267 0.04988262910798122 
0 0.5873679577464789 0.27875586854460094 0.058538732394366196 0.046948356807511735 
0 0.5851672535211268 0.3703051643192488 0.06470070422535211 0.04225352112676056 
0 0.5184859154929577 0.3770539906103286 0.06602112676056338 0.04988262910798122 
0 0.5121038732394366 0.32922535211267606 0.0682218309859155 0.04225352112676056 
0 0.5169454225352113 0.2391431924882629 0.06470070422535211 0.04401408450704225 
0 0.4471830985915493 0.3755868544600939 0.06602112676056338 0.0528169014084507 
0 0.4476232394366197 0.3227699530516432 0.06690140845070422 0.046948356807511735 
0 0.44696302816901406 0.27875586854460094 0.05941901408450704 0.046948356807511735 
0 0.4476232394366197 0.22946009389671362 0.06690140845070422 0.05985915492957746 
0 0.3816021126760563 0.3799882629107981 0.07394366197183098 0.04988262910798122 
0 0.3798415492957746 0.3277582159624413 0.07042253521126761 0.03931924882629108 
0 0.3756602112676056 0.2772887323943662 0.0682218309859155 0.04988262910798122 
0 0.5180457746478874 0.28080985915492956 0.07394366197183098 0.04284037558685446 
0 0.30787852112676056 0.2494131455399061 0.06734154929577464 0.05868544600938967 
0 0.5008802816901409 0.8823356807511737 0.061619718309859156 0.07805164319248827 
0 0.37874119718309857 0.22417840375586853 0.07262323943661972 0.046948356807511735 
0 0.7202904929577465 0.8890845070422535 0.08318661971830986 0.05046948356807512 
0 0.030149647887323945 0.23884976525821597 0.05501760563380282 0.0528169014084507 
0 0.34661091549295775 0.8802816901408451 0.05765845070422535 0.06690140845070422 
0 0.030589788732394367 0.3380281690140845 0.055897887323943664 0.04812206572769953 
0 0.027288732394366196 0.3908450704225352 0.05193661971830986 0.051643192488262914 
0 0.02992957746478873 0.2934272300469484 0.0528169014084507 0.046948356807511735 
0 0.16593309859154928 0.3770539906103286 0.06954225352112677 0.061619718309859156 
0 0.16153169014084506 0.318075117370892 0.06690140845070422 0.0528169014084507 
0 0.1637323943661972 0.24911971830985916 0.06954225352112677 0.04988262910798122 
0 0.23569542253521128 0.24911971830985916 0.0682218309859155 0.04988262910798122 
0 0.2319542253521127 0.30927230046948356 0.06514084507042253 0.05868544600938967 
0 0.09617077464788733 0.31836854460093894 0.07262323943661972 0.04988262910798122 
0 0.18904049295774647 0.4612676056338028 0.06734154929577464 0.04225352112676056 
0 0.11421654929577464 0.4618544600938967 0.07350352112676056 0.04107981220657277 
0 0.11377640845070422 0.5105633802816901 0.07702464788732394 0.05868544600938967 
0 0.11047535211267606 0.6270539906103286 0.07922535211267606 0.06631455399061033 
0 0.05259683098591549 0.4994131455399061 0.055897887323943664 0.0539906103286385 
0 0.051056338028169015 0.5507629107981221 0.04841549295774648 0.051056338028169015 
0 0.058538732394366196 0.6100352112676056 0.05721830985915493 0.05575117370892019 
0 0.41065140845070425 0.45481220657276994 0.06602112676056338 0.04107981220657277 
0 0.41087147887323944 0.5046948356807511 0.07262323943661972 0.05868544600938967 
0 0.569762323943662 0.5293427230046949 0.08670774647887323 0.0528169014084507 
0 0.4900968309859155 0.5721830985915493 0.06382042253521127 0.05868544600938967 
0 0.49053697183098594 0.6343896713615024 0.06734154929577464 0.057511737089201875 
0 0.48547535211267606 0.454518779342723 0.07482394366197183 0.04988262910798122 
0 0.414612676056338 0.6294014084507042 0.06954225352112677 0.0733568075117371 
0 0.8727992957746479 0.2772887323943662 0.07042253521126761 0.05575117370892019 
0 0.26122359154929575 0.6255868544600939 0.0682218309859155 0.05985915492957746 
0 0.2616637323943662 0.5639671361502347 0.06734154929577464 0.05985915492957746 
0 0.26606514084507044 0.505868544600939 0.06910211267605634 0.05868544600938967 
0 0.2654049295774648 0.4574530516431925 0.07042253521126761 0.03814553990610329 
0 0.3303257042253521 0.5692488262910798 0.07702464788732394 0.05868544600938967 
0 0.8756602112676056 0.32335680751173707 0.06910211267605634 0.04812206572769953 
0 0.8694982394366197 0.2244718309859155 0.0682218309859155 0.04988262910798122 
0 0.8023767605633803 0.32335680751173707 0.07482394366197183 0.0539906103286385 
0 0.8025968309859155 0.2705399061032864 0.07262323943661972 0.051643192488262914 
0 0.8019366197183099 0.22300469483568075 0.07394366197183098 0.046948356807511735 
0 0.7337147887323944 0.3761737089201878 0.07130281690140845 0.045774647887323945 
0 0.7315140845070423 0.2822769953051643 0.07130281690140845 0.045774647887323945 
0 0.6632922535211268 0.6367370892018779 0.0801056338028169 0.07042253521126761 
0 0.7310739436619719 0.23591549295774647 0.07482394366197183 0.046948356807511735 
0 0.18639964788732394 0.511150234741784 0.0682218309859155 0.07511737089201878 
0 0.660431338028169 0.4753521126760563 0.09463028169014084 0.05868544600938967 
0 0.42891725352112675 0.8148474178403756 0.09375 0.06631455399061033 
0 0.844850352112676 0.5865610328638498 0.08054577464788733 0.04988262910798122 
0 0.6599911971830986 0.3761737089201878 0.06294014084507042 0.045774647887323945 
0 0.9271566901408451 0.4509976525821596 0.0682218309859155 0.06044600938967136 
0 0.9159330985915493 0.8832159624413145 0.06602112676056338 0.07042253521126761 
0 0.9179137323943662 0.8186619718309859 0.07702464788732394 0.05868544600938967 
0 0.9152728873239436 0.7479460093896714 0.06734154929577464 0.0733568075117371 
0 0.8294454225352113 0.9022887323943662 0.06910211267605634 0.04988262910798122 
0 0.8268045774647887 0.8427230046948356 0.07702464788732394 0.0539906103286385 
0 0.7286531690140845 0.8418427230046949 0.08142605633802817 0.04988262910798122 
0 0.726012323943662 0.7796361502347418 0.08494718309859155 0.06044600938967136 
0 0.6016725352112676 0.8926056338028169 0.08450704225352113 0.04812206572769953 
0 0.5946302816901409 0.7362089201877934 0.07922535211267606 0.061619718309859156 
0 0.504181338028169 0.8119131455399061 0.0682218309859155 0.0721830985915493 
0 0.5033010563380281 0.7532276995305164 0.0682218309859155 0.06631455399061033 
0 0.4238556338028169 0.7552816901408451 0.07482394366197183 0.05868544600938967 
0 0.7579225352112676 0.4694835680751174 0.08450704225352113 0.0528169014084507 
0 0.34815140845070425 0.8177816901408451 0.06602112676056338 0.06631455399061033 
0 0.27662852112676056 0.8779342723004695 0.06382042253521127 0.06338028169014084 
0 0.2722271126760563 0.8095657276995305 0.05941901408450704 0.061619718309859156 
0 0.20224471830985916 0.8802816901408451 0.07174295774647887 0.05868544600938967 
0 0.20334507042253522 0.818368544600939 0.06954225352112677 0.05575117370892019 
0 0.19850352112676056 0.7599765258215962 0.06602112676056338 0.0528169014084507 
0 0.19300176056338028 0.7174295774647887 0.05941901408450704 0.03814553990610329 
0 0.1307218309859155 0.8735328638497653 0.06690140845070422 0.051056338028169015 
0 0.13028169014084506 0.8201291079812206 0.07042253521126761 0.04988262910798122 
0 0.12632042253521128 0.7643779342723005 0.06954225352112677 0.05575117370892019 
0 0.12632042253521128 0.7136150234741784 0.058098591549295774 0.03403755868544601 
0 0.05259683098591549 0.8744131455399061 0.07350352112676056 0.0528169014084507 
0 0.047755281690140844 0.823650234741784 0.07262323943661972 0.04518779342723005 
0 0.045554577464788734 0.7737676056338029 0.07262323943661972 0.051056338028169015 
0 0.04665492957746479 0.7253521126760564 0.07042253521126761 0.045774647887323945 
0 0.34639084507042256 0.7532276995305164 0.0625 0.06044600938967136 
0 0.6610915492957746 0.3306924882629108 0.0625 0.04518779342723005 
0 0.7310739436619719 0.3330399061032864 0.06602112676056338 0.04401408450704225 
0 0.6599911971830986 0.2353286384976526 0.06294014084507042 0.051643192488262914 
0 0.7995158450704225 0.3703051643192488 0.05413732394366197 0.04460093896713615 
0 0.8334066901408451 0.7391431924882629 0.08142605633802817 0.04518779342723005 
0 0.8433098591549296 0.6396713615023474 0.07130281690140845 0.05046948356807512 
0 0.941681338028169 0.2875586854460094 0.058538732394366196 0.07629107981220658 
0 0.8481514084507042 0.5252347417840375 0.0625 0.06103286384976526 
0 0.9372799295774648 0.36414319248826293 0.06470070422535211 0.06631455399061033 
0 0.6670334507042254 0.5827464788732394 0.08142605633802817 0.04225352112676056 
0 0.0897887323943662 0.25821596244131456 0.06602112676056338 0.06690140845070422 
0 0.5831866197183099 0.31954225352112675 0.06073943661971831 0.04753521126760563 
0 0.3105193661971831 0.3744131455399061 0.0682218309859155 0.06338028169014084 
0 0.5691021126760564 0.5839201877934272 0.08626760563380281 0.03755868544600939 
0 0.10959507042253522 0.5718896713615024 0.07834507042253522 0.05575117370892019 
0 0.7557218309859155 0.5267018779342723 0.07658450704225352 0.04753521126760563 
0 0.663512323943662 0.5319835680751174 0.0743838028169014 0.04636150234741784 
0 0.8688380281690141 0.3729460093896714 0.056338028169014086 0.040492957746478875 
0 0.18705985915492956 0.5730633802816901 0.061619718309859156 0.051056338028169015 
0 0.40911091549295775 0.5674882629107981 0.07790492957746478 0.056338028169014086 
0 0.929137323943662 0.6320422535211268 0.06602112676056338 0.05868544600938967 
0 0.18067781690140844 0.6226525821596244 0.05413732394366197 0.051643192488262914 
0 0.9293573943661971 0.5730633802816901 0.06734154929577464 0.05927230046948357 
0 0.7552816901408451 0.573943661971831 0.0801056338028169 0.04812206572769953 
0 0.9267165492957746 0.5099765258215962 0.0664612676056338 0.05985915492957746 
0 0.3122799295774648 0.31103286384976525 0.07174295774647887 0.05868544600938967 
0 0.09837147887323944 0.38204225352112675 0.06382042253521127 0.06572769953051644 
0 0.5741637323943662 0.6399647887323944 0.08054577464788733 0.06044600938967136 
0 0.7519806338028169 0.6396713615023474 0.0743838028169014 0.051643192488262914 
0 0.23459507042253522 0.37470657276995306 0.07306338028169014 0.05457746478873239 
0 0.4238556338028169 0.8884976525821596 0.07746478873239436 0.06924882629107981 
0 0.4859154929577465 0.5102699530516432 0.07658450704225352 0.061619718309859156 
0 0.6584507042253521 0.2852112676056338 0.061619718309859156 0.051643192488262914 
0 0.5675616197183099 0.4753521126760563 0.08934859154929578 0.05516431924882629 
0 0.59375 0.8453638497652582 0.06954225352112677 0.04988262910798122 
0 0.332306338028169 0.6291079812206573 0.06602112676056338 0.057511737089201875 
0 0.820862676056338 0.7887323943661971 0.06954225352112677 0.051643192488262914 
0 0.5873679577464789 0.23444835680751175 0.07350352112676056 0.04401408450704225 
0 0.5955105633802817 0.7901995305164319 0.07570422535211267 0.04988262910798122 
0 0.5873679577464789 0.27875586854460094 0.058538732394366196 0.046948356807511735 
0 0.5851672535211268 0.3703051643192488 0.06470070422535211 0.04225352112676056 
0 0.5184859154929577 0.3770539906103286 0.06602112676056338 0.04988262910798122 
0 0.5121038732394366 0.32922535211267606 0.0682218309859155 0.04225352112676056 
0 0.5169454225352113 0.2391431924882629 0.06470070422535211 0.04401408450704225 
0 0.4471830985915493 0.3755868544600939 0.06602112676056338 0.0528169014084507 
0 0.4476232394366197 0.3227699530516432 0.06690140845070422 0.046948356807511735 
0 0.44696302816901406 0.27875586854460094 0.05941901408450704 0.046948356807511735 
0 0.4476232394366197 0.22946009389671362 0.06690140845070422 0.05985915492957746 
0 0.3816021126760563 0.3799882629107981 0.07394366197183098 0.04988262910798122 
0 0.3798415492957746 0.3277582159624413 0.07042253521126761 0.03931924882629108 
0 0.3756602112676056 0.2772887323943662 0.0682218309859155 0.04988262910798122 
0 0.5180457746478874 0.28080985915492956 0.07394366197183098 0.04284037558685446 
0 0.30787852112676056 0.2494131455399061 0.06734154929577464 0.05868544600938967 
0 0.5008802816901409 0.8823356807511737 0.061619718309859156 0.07805164319248827 
0 0.37874119718309857 0.22417840375586853 0.07262323943661972 0.046948356807511735 
0 0.7202904929577465 0.8890845070422535 0.08318661971830986 0.05046948356807512 
0 0.030149647887323945 0.23884976525821597 0.05501760563380282 0.0528169014084507 
0 0.34661091549295775 0.8802816901408451 0.05765845070422535 0.06690140845070422 
0 0.030589788732394367 0.3380281690140845 0.055897887323943664 0.04812206572769953 
0 0.027288732394366196 0.3908450704225352 0.05193661971830986 0.051643192488262914 
0 0.02992957746478873 0.2934272300469484 0.0528169014084507 0.046948356807511735 
0 0.16593309859154928 0.3770539906103286 0.06954225352112677 0.061619718309859156 
0 0.16153169014084506 0.318075117370892 0.06690140845070422 0.0528169014084507 
0 0.1637323943661972 0.24911971830985916 0.06954225352112677 0.04988262910798122 
0 0.23569542253521128 0.24911971830985916 0.0682218309859155 0.04988262910798122 
0 0.2319542253521127 0.30927230046948356 0.06514084507042253 0.05868544600938967 
0 0.09617077464788733 0.31836854460093894 0.07262323943661972 0.04988262910798122 
0 0.18904049295774647 0.4612676056338028 0.06734154929577464 0.04225352112676056 
0 0.11421654929577464 0.4618544600938967 0.07350352112676056 0.04107981220657277 
0 0.11377640845070422 0.5105633802816901 0.07702464788732394 0.05868544600938967 
0 0.11047535211267606 0.6270539906103286 0.07922535211267606 0.06631455399061033 
0 0.05259683098591549 0.4994131455399061 0.055897887323943664 0.0539906103286385 
0 0.051056338028169015 0.5507629107981221 0.04841549295774648 0.051056338028169015 
0 0.058538732394366196 0.6100352112676056 0.05721830985915493 0.05575117370892019 
0 0.41065140845070425 0.45481220657276994 0.06602112676056338 0.04107981220657277 
0 0.41087147887323944 0.5046948356807511 0.07262323943661972 0.05868544600938967 
0 0.569762323943662 0.5293427230046949 0.08670774647887323 0.0528169014084507 
0 0.4900968309859155 0.5721830985915493 0.06382042253521127 0.05868544600938967 
0 0.49053697183098594 0.6343896713615024 0.06734154929577464 0.057511737089201875 
0 0.48547535211267606 0.454518779342723 0.07482394366197183 0.04988262910798122 
0 0.414612676056338 0.6294014084507042 0.06954225352112677 0.0733568075117371 
0 0.8727992957746479 0.2772887323943662 0.07042253521126761 0.05575117370892019 
0 0.26122359154929575 0.6255868544600939 0.0682218309859155 0.05985915492957746 
0 0.2616637323943662 0.5639671361502347 0.06734154929577464 0.05985915492957746 
0 0.26606514084507044 0.505868544600939 0.06910211267605634 0.05868544600938967 
0 0.2654049295774648 0.4574530516431925 0.07042253521126761 0.03814553990610329 
0 0.3303257042253521 0.5692488262910798 0.07702464788732394 0.05868544600938967 
0 0.8756602112676056 0.32335680751173707 0.06910211267605634 0.04812206572769953 
0 0.8694982394366197 0.2244718309859155 0.0682218309859155 0.04988262910798122 
0 0.8023767605633803 0.32335680751173707 0.07482394366197183 0.0539906103286385 
0 0.8025968309859155 0.2705399061032864 0.07262323943661972 0.051643192488262914 
0 0.8019366197183099 0.22300469483568075 0.07394366197183098 0.046948356807511735 
0 0.7337147887323944 0.3761737089201878 0.07130281690140845 0.045774647887323945 
0 0.7315140845070423 0.2822769953051643 0.07130281690140845 0.045774647887323945 
0 0.6632922535211268 0.6367370892018779 0.0801056338028169 0.07042253521126761 
0 0.7310739436619719 0.23591549295774647 0.07482394366197183 0.046948356807511735 
0 0.18639964788732394 0.511150234741784 0.0682218309859155 0.07511737089201878 
0 0.660431338028169 0.4753521126760563 0.09463028169014084 0.05868544600938967 
0 0.42891725352112675 0.8148474178403756 0.09375 0.06631455399061033 
0 0.844850352112676 0.5865610328638498 0.08054577464788733 0.04988262910798122 
0 0.6599911971830986 0.3761737089201878 0.06294014084507042 0.045774647887323945 
0 0.9271566901408451 0.4509976525821596 0.0682218309859155 0.06044600938967136 
0 0.9159330985915493 0.8832159624413145 0.06602112676056338 0.07042253521126761 
0 0.9179137323943662 0.8186619718309859 0.07702464788732394 0.05868544600938967 
0 0.9152728873239436 0.7479460093896714 0.06734154929577464 0.0733568075117371 
0 0.8294454225352113 0.9022887323943662 0.06910211267605634 0.04988262910798122 
0 0.8268045774647887 0.8427230046948356 0.07702464788732394 0.0539906103286385 
0 0.7286531690140845 0.8418427230046949 0.08142605633802817 0.04988262910798122 
0 0.726012323943662 0.7796361502347418 0.08494718309859155 0.06044600938967136 
0 0.6016725352112676 0.8926056338028169 0.08450704225352113 0.04812206572769953 
0 0.5946302816901409 0.7362089201877934 0.07922535211267606 0.061619718309859156 
0 0.504181338028169 0.8119131455399061 0.0682218309859155 0.0721830985915493 
0 0.5033010563380281 0.7532276995305164 0.0682218309859155 0.06631455399061033 
0 0.4238556338028169 0.7552816901408451 0.07482394366197183 0.05868544600938967 
0 0.7579225352112676 0.4694835680751174 0.08450704225352113 0.0528169014084507 
0 0.34815140845070425 0.8177816901408451 0.06602112676056338 0.06631455399061033 
0 0.27662852112676056 0.8779342723004695 0.06382042253521127 0.06338028169014084 
0 0.2722271126760563 0.8095657276995305 0.05941901408450704 0.061619718309859156 
0 0.20224471830985916 0.8802816901408451 0.07174295774647887 0.05868544600938967 
0 0.20334507042253522 0.818368544600939 0.06954225352112677 0.05575117370892019 
0 0.19850352112676056 0.7599765258215962 0.06602112676056338 0.0528169014084507 
0 0.19300176056338028 0.7174295774647887 0.05941901408450704 0.03814553990610329 
0 0.1307218309859155 0.8735328638497653 0.06690140845070422 0.051056338028169015 
0 0.13028169014084506 0.8201291079812206 0.07042253521126761 0.04988262910798122 
0 0.12632042253521128 0.7643779342723005 0.06954225352112677 0.05575117370892019 
0 0.12632042253521128 0.7136150234741784 0.058098591549295774 0.03403755868544601 
0 0.05259683098591549 0.8744131455399061 0.07350352112676056 0.0528169014084507 
0 0.047755281690140844 0.823650234741784 0.07262323943661972 0.04518779342723005 
0 0.045554577464788734 0.7737676056338029 0.07262323943661972 0.051056338028169015 
0 0.04665492957746479 0.7253521126760564 0.07042253521126761 0.045774647887323945 
0 0.34639084507042256 0.7532276995305164 0.0625 0.06044600938967136 
0 0.6610915492957746 0.3306924882629108 0.0625 0.04518779342723005 
0 0.7310739436619719 0.3330399061032864 0.06602112676056338 0.04401408450704225 
0 0.6599911971830986 0.2353286384976526 0.06294014084507042 0.051643192488262914 
0 0.7995158450704225 0.3703051643192488 0.05413732394366197 0.04460093896713615 
0 0.8334066901408451 0.7391431924882629 0.08142605633802817 0.04518779342723005 
0 0.8433098591549296 0.6396713615023474 0.07130281690140845 0.05046948356807512 
0 0.941681338028169 0.2875586854460094 0.058538732394366196 0.07629107981220658 
0 0.8481514084507042 0.5252347417840375 0.0625 0.06103286384976526 
0 0.9372799295774648 0.36414319248826293 0.06470070422535211 0.06631455399061033 
0 0.6670334507042254 0.5827464788732394 0.08142605633802817 0.04225352112676056 
0 0.0897887323943662 0.25821596244131456 0.06602112676056338 0.06690140845070422 
0 0.5831866197183099 0.31954225352112675 0.06073943661971831 0.04753521126760563 
0 0.3105193661971831 0.3744131455399061 0.0682218309859155 0.06338028169014084 
0 0.5691021126760564 0.5839201877934272 0.08626760563380281 0.03755868544600939 
0 0.10959507042253522 0.5718896713615024 0.07834507042253522 0.05575117370892019 
0 0.7557218309859155 0.5267018779342723 0.07658450704225352 0.04753521126760563 
0 0.663512323943662 0.5319835680751174 0.0743838028169014 0.04636150234741784 
0 0.8688380281690141 0.3729460093896714 0.056338028169014086 0.040492957746478875 
0 0.18705985915492956 0.5730633802816901 0.061619718309859156 0.051056338028169015 
0 0.40911091549295775 0.5674882629107981 0.07790492957746478 0.056338028169014086 
0 0.929137323943662 0.6320422535211268 0.06602112676056338 0.05868544600938967 
0 0.18067781690140844 0.6226525821596244 0.05413732394366197 0.051643192488262914 
0 0.9293573943661971 0.5730633802816901 0.06734154929577464 0.05927230046948357 
0 0.7552816901408451 0.573943661971831 0.0801056338028169 0.04812206572769953 
0 0.9267165492957746 0.5099765258215962 0.0664612676056338 0.05985915492957746 
0 0.3122799295774648 0.31103286384976525 0.07174295774647887 0.05868544600938967 
0 0.09837147887323944 0.38204225352112675 0.06382042253521127 0.06572769953051644 
0 0.5741637323943662 0.6399647887323944 0.08054577464788733 0.06044600938967136 
0 0.7519806338028169 0.6396713615023474 0.0743838028169014 0.051643192488262914 
0 0.23459507042253522 0.37470657276995306 0.07306338028169014 0.05457746478873239 
0 0.4238556338028169 0.8884976525821596 0.07746478873239436 0.06924882629107981 
0 0.4859154929577465 0.5102699530516432 0.07658450704225352 0.061619718309859156 
0 0.6584507042253521 0.2852112676056338 0.061619718309859156 0.051643192488262914 
0 0.5675616197183099 0.4753521126760563 0.08934859154929578 0.05516431924882629 
0 0.59375 0.8453638497652582 0.06954225352112677 0.04988262910798122 
0 0.332306338028169 0.6291079812206573 0.06602112676056338 0.057511737089201875 
0 0.820862676056338 0.7887323943661971 0.06954225352112677 0.051643192488262914 
0 0.5873679577464789 0.23444835680751175 0.07350352112676056 0.04401408450704225 
0 0.5955105633802817 0.7901995305164319 0.07570422535211267 0.04988262910798122 
0 0.5873679577464789 0.27875586854460094 0.058538732394366196 0.046948356807511735 
0 0.5851672535211268 0.3703051643192488 0.06470070422535211 0.04225352112676056 
0 0.5184859154929577 0.3770539906103286 0.06602112676056338 0.04988262910798122 
0 0.5121038732394366 0.32922535211267606 0.0682218309859155 0.04225352112676056 
0 0.5169454225352113 0.2391431924882629 0.06470070422535211 0.04401408450704225 
0 0.4471830985915493 0.3755868544600939 0.06602112676056338 0.0528169014084507 
0 0.4476232394366197 0.3227699530516432 0.06690140845070422 0.046948356807511735 
0 0.44696302816901406 0.27875586854460094 0.05941901408450704 0.046948356807511735 
0 0.4476232394366197 0.22946009389671362 0.06690140845070422 0.05985915492957746 
0 0.3816021126760563 0.3799882629107981 0.07394366197183098 0.04988262910798122 
0 0.3798415492957746 0.3277582159624413 0.07042253521126761 0.03931924882629108 
0 0.3756602112676056 0.2772887323943662 0.0682218309859155 0.04988262910798122 
0 0.5180457746478874 0.28080985915492956 0.07394366197183098 0.04284037558685446 
0 0.30787852112676056 0.2494131455399061 0.06734154929577464 0.05868544600938967 
0 0.5008802816901409 0.8823356807511737 0.061619718309859156 0.07805164319248827 
0 0.37874119718309857 0.22417840375586853 0.07262323943661972 0.046948356807511735 
0 0.7202904929577465 0.8890845070422535 0.08318661971830986 0.05046948356807512 
0 0.030149647887323945 0.23884976525821597 0.05501760563380282 0.0528169014084507 
0 0.34661091549295775 0.8802816901408451 0.05765845070422535 0.06690140845070422 
0 0.030589788732394367 0.3380281690140845 0.055897887323943664 0.04812206572769953 
0 0.027288732394366196 0.3908450704225352 0.05193661971830986 0.051643192488262914 
0 0.02992957746478873 0.2934272300469484 0.0528169014084507 0.046948356807511735 
0 0.16593309859154928 0.3770539906103286 0.06954225352112677 0.061619718309859156 
0 0.16153169014084506 0.318075117370892 0.06690140845070422 0.0528169014084507 
0 0.1637323943661972 0.24911971830985916 0.06954225352112677 0.04988262910798122 
0 0.23569542253521128 0.24911971830985916 0.0682218309859155 0.04988262910798122 
0 0.2319542253521127 0.30927230046948356 0.06514084507042253 0.05868544600938967 
0 0.09617077464788733 0.31836854460093894 0.07262323943661972 0.04988262910798122 
