0 0.02618838028169014 0.142018779342723 0.042693661971830985 0.04107981220657277 
0 0.596830985915493 0.37470657276995306 0.061619718309859156 0.0721830985915493 
0 0.5977112676056338 0.44072769953051644 0.06602112676056338 0.051643192488262914 
0 0.5972711267605634 0.4950117370892019 0.06690140845070422 0.056924882629107984 
0 0.4922975352112676 0.34683098591549294 0.08142605633802817 0.05985915492957746 
0 0.4942781690140845 0.3967136150234742 0.07922535211267606 0.051643192488262914 
0 0.5033010563380281 0.48620892018779344 0.09022887323943662 0.056924882629107984 
0 0.40735035211267606 0.3967136150234742 0.08142605633802817 0.045774647887323945 
0 0.40625 0.44160798122065725 0.07482394366197183 0.05575117370892019 
0 0.6705545774647887 0.5023474178403756 0.05501760563380282 0.05985915492957746 
0 0.4080105633802817 0.4818075117370892 0.08274647887323944 0.04812206572769953 
0 0.31117957746478875 0.39231220657276994 0.07834507042253522 0.031103286384976527 
0 0.31117957746478875 0.42752347417840375 0.07394366197183098 0.03931924882629108 
0 0.3118397887323944 0.4515845070422535 0.07702464788732394 0.02640845070422535 
0 0.22579225352112675 0.3257042253521127 0.08362676056338028 0.04107981220657277 
0 0.22139084507042253 0.3591549295774648 0.07482394366197183 0.029342723004694836 
0 0.22799295774647887 0.3884976525821596 0.07482394366197183 0.035211267605633804 
0 0.22755281690140844 0.42458920187793425 0.07130281690140845 0.03931924882629108 
0 0.23525528169014084 0.4876760563380282 0.06910211267605634 0.045774647887323945 
0 0.30567781690140844 0.3562206572769953 0.08230633802816902 0.046948356807511735 
0 0.6709947183098591 0.43779342723004694 0.06910211267605634 0.05985915492957746 
0 0.6731954225352113 0.3767605633802817 0.07174295774647887 0.07042253521126761 
0 0.7513204225352113 0.37910798122065725 0.07834507042253522 0.0715962441314554 
0 0.6720950704225352 0.24794600938967137 0.07570422535211267 0.061619718309859156 
0 0.7491197183098591 0.24647887323943662 0.06514084507042253 0.07042253521126761 
0 0.7502200704225352 0.12441314553990611 0.0761443661971831 0.06455399061032864 
0 0.753080985915493 0.07541079812206573 0.06602112676056338 0.06279342723004695 
0 0.8305457746478874 0.2520539906103286 0.07570422535211267 0.06748826291079812 
0 0.902068661971831 0.25586854460093894 0.06734154929577464 0.07511737089201878 
0 0.9130721830985915 0.12470657276995305 0.07350352112676056 0.06748826291079812 
0 0.9724911971830986 0.14348591549295775 0.04533450704225352 0.0733568075117371 
0 0.9744718309859155 0.19043427230046947 0.051056338028169015 0.058098591549295774 
0 0.9746919014084507 0.24706572769953053 0.04973591549295775 0.06338028169014084 
0 0.9713908450704225 0.38791079812206575 0.043133802816901406 0.06572769953051644 
0 0.9689700704225352 0.44454225352112675 0.06205985915492958 0.05575117370892019 
0 0.9661091549295775 0.5046948356807511 0.06778169014084508 0.06807511737089202 
0 0.8961267605633803 0.44072769953051644 0.07922535211267606 0.05985915492957746 
0 0.8232834507042254 0.37265258215962443 0.0682218309859155 0.07042253521126761 
0 0.8169014084507042 0.42664319248826293 0.05721830985915493 0.05868544600938967 
0 0.8173415492957746 0.49002347417840375 0.06690140845070422 0.05868544600938967 
0 0.7519806338028169 0.4935446009389671 0.07702464788732394 0.05985915492957746 
0 0.7568221830985915 0.44014084507042256 0.07790492957746478 0.05868544600938967 
0 0.16153169014084506 0.3893779342723005 0.07834507042253522 0.04518779342723005 
0 0.6661531690140845 0.19278169014084506 0.07262323943661972 0.07453051643192488 
0 0.1599911971830986 0.43133802816901406 0.0682218309859155 0.046948356807511735 
0 0.09110915492957747 0.3506455399061033 0.09330985915492958 0.05575117370892019 
0 0.3871038732394366 0.7790492957746479 0.06910211267605634 0.04401408450704225 
0 0.45752640845070425 0.6490610328638498 0.09110915492957747 0.11267605633802817 
0 0.4608274647887324 0.7406103286384976 0.06690140845070422 0.07042253521126761 
0 0.4579665492957746 0.8025234741784038 0.07702464788732394 0.05575117370892019 
0 0.5473151408450704 0.6607981220657277 0.09022887323943662 0.12793427230046947 
0 0.5422535211267606 0.7517605633802817 0.0801056338028169 0.08098591549295775 
0 0.5411531690140845 0.812793427230047 0.08670774647887323 0.04107981220657277 
0 0.6331426056338029 0.7488262910798122 0.07262323943661972 0.06924882629107981 
0 0.3888644366197183 0.6916079812206573 0.0682218309859155 0.11326291079812206 
0 0.6357834507042254 0.8080985915492958 0.0761443661971831 0.046948356807511735 
0 0.8272447183098591 0.6687206572769953 0.08670774647887323 0.13204225352112675 
0 0.8994278169014085 0.8207159624413145 0.07702464788732394 0.04870892018779343 
0 0.9821742957746479 0.6772300469483568 0.035651408450704226 0.10211267605633803 
0 0.9788732394366197 0.7523474178403756 0.04225352112676056 0.04929577464788732 
0 0.9733714788732394 0.7998826291079812 0.053257042253521125 0.05046948356807512 
0 0.023547535211267605 0.18192488262910797 0.037411971830985914 0.04107981220657277 
0 0.021786971830985914 0.22007042253521128 0.03653169014084507 0.029342723004694836 
0 0.025088028169014086 0.25528169014084506 0.0448943661971831 0.035211267605633804 
0 0.7205105633802817 0.8157276995305164 0.09154929577464789 0.0528169014084507 
0 0.3127200704225352 0.6910211267605634 0.07262323943661972 0.10269953051643192 
0 0.26826584507042256 0.6264671361502347 0.06029929577464789 0.04401408450704225 
0 0.2847711267605634 0.585387323943662 0.05193661971830986 0.04401408450704225 
0 0.08890845070422536 0.3958333333333333 0.09154929577464789 0.03814553990610329 
0 0.08846830985915492 0.431924882629108 0.07042253521126761 0.03403755868544601 
0 0.09220950704225352 0.477406103286385 0.06734154929577464 0.03697183098591549 
0 0.01914612676056338 0.35651408450704225 0.03301056338028169 0.03814553990610329 
0 0.02464788732394366 0.3961267605633803 0.04401408450704225 0.029342723004694836 
0 0.027288732394366196 0.4328051643192488 0.04929577464788732 0.03814553990610329 
0 0.025088028169014086 0.4686032863849765 0.0448943661971831 0.03345070422535211 
0 0.034991197183098594 0.5830399061032864 0.058538732394366196 0.05457746478873239 
0 0.019586267605633804 0.653462441314554 0.03829225352112676 0.08392018779342723 
0 0.021786971830985914 0.7209507042253521 0.0409330985915493 0.03697183098591549 
0 0.027948943661971832 0.7590962441314554 0.050616197183098594 0.027582159624413145 
0 0.07350352112676056 0.6798708920187794 0.06514084507042253 0.09213615023474178 
0 0.08120598591549295 0.7552816901408451 0.06029929577464789 0.046948356807511735 
0 0.13996478873239437 0.761150234741784 0.061619718309859156 0.05868544600938967 
0 0.19058098591549297 0.7590962441314554 0.0528169014084507 0.05457746478873239 
0 0.1952024647887324 0.676056338028169 0.05501760563380282 0.07042253521126761 
0 0.09991197183098592 0.6197183098591549 0.05193661971830986 0.04812206572769953 
0 0.11355633802816902 0.5824530516431925 0.061619718309859156 0.03814553990610329 
0 0.21764964788732394 0.6226525821596244 0.06294014084507042 0.036384976525821594 
0 0.16923415492957747 0.4738849765258216 0.07790492957746478 0.03814553990610329 
0 0.6692341549295775 0.1273474178403756 0.07262323943661972 0.05868544600938967 
0 0.492737676056338 0.43838028169014087 0.07790492957746478 0.035211267605633804 
0 0.5873679577464789 0.09448356807511737 0.08670774647887323 0.057511737089201875 
0 0.8217429577464789 0.17811032863849766 0.05545774647887324 0.06748826291079812 
0 0.8162411971830986 0.7904929577464789 0.07174295774647887 0.08215962441314555 
0 0.7533010563380281 0.1857394366197183 0.0743838028169014 0.05927230046948357 
0 0.8992077464788732 0.18397887323943662 0.06602112676056338 0.06279342723004695 
0 0.5836267605633803 0.24354460093896713 0.07394366197183098 0.045774647887323945 
0 0.9108714788732394 0.6672535211267606 0.07790492957746478 0.13262910798122066 
0 0.40889084507042256 0.3477112676056338 0.07306338028169014 0.04284037558685446 
0 0.23503521126760563 0.45305164319248825 0.0721830985915493 0.03286384976525822 
0 0.8904049295774648 0.49911971830985913 0.06778169014084508 0.06631455399061033 
0 0.5902288732394366 0.15023474178403756 0.0801056338028169 0.04460093896713615 
0 0.7315140845070423 0.6663732394366197 0.0880281690140845 0.11561032863849766 
0 0.31360035211267606 0.4859154929577465 0.07350352112676056 0.03403755868544601 
0 0.32108274647887325 0.7740610328638498 0.058538732394366196 0.05046948356807512 
0 0.48877640845070425 0.25146713615023475 0.0840669014084507 0.051056338028169015 
0 0.4883362676056338 0.19278169014084506 0.08934859154929578 0.05457746478873239 
0 0.6445862676056338 0.6558098591549296 0.07966549295774648 0.12852112676056338 
0 0.6665933098591549 0.0733568075117371 0.06734154929577464 0.0528169014084507 
0 0.7233714788732394 0.761443661971831 0.09639084507042253 0.08157276995305164 
0 0.2634242957746479 0.772887323943662 0.042693661971830985 0.05516431924882629 
0 0.9066901408450704 0.38380281690140844 0.06954225352112677 0.07511737089201878 
0 0.08076584507042253 0.19865023474178403 0.07702464788732394 0.04518779342723005 
0 0.48327464788732394 0.13556338028169015 0.09242957746478873 0.03990610328638498 
0 0.9049295774647887 0.7711267605633803 0.0880281690140845 0.07746478873239436 
0 0.3970070422535211 0.10768779342723005 0.07130281690140845 0.031103286384976527 
0 0.40580985915492956 0.1443661971830986 0.06690140845070422 0.036384976525821594 
0 0.40096830985915494 0.18485915492957747 0.06602112676056338 0.029342723004694836 
0 0.4003080985915493 0.2177230046948357 0.0761443661971831 0.03403755868544601 
0 0.32108274647887325 0.2520539906103286 0.07174295774647887 0.03227699530516432 
0 0.3206426056338028 0.22065727699530516 0.07262323943661972 0.02464788732394366 
0 0.3184419014084507 0.19131455399061034 0.07702464788732394 0.028169014084507043 
0 0.3985475352112676 0.24853286384976525 0.08142605633802817 0.03345070422535211 
0 0.3534330985915493 0.19953051643192488 0.0 0.0 
0 0.3199823943661972 0.11883802816901408 0.07130281690140845 0.03814553990610329 
0 0.24515845070422534 0.2420774647887324 0.07394366197183098 0.04401408450704225 
0 0.1736355633802817 0.24266431924882628 0.08934859154929578 0.03931924882629108 
0 0.1698943661971831 0.20803990610328638 0.08362676056338028 0.03814553990610329 
0 0.16637323943661972 0.17165492957746478 0.07922535211267606 0.04401408450704225 
0 0.32108274647887325 0.1552230046948357 0.08054577464788733 0.03814553990610329 
0 0.1641725352112676 0.13028169014084506 0.0880281690140845 0.0528169014084507 
0 0.08516725352112677 0.24647887323943662 0.08142605633802817 0.05868544600938967 
0 0.02618838028169014 0.142018779342723 0.042693661971830985 0.04107981220657277 
0 0.596830985915493 0.37470657276995306 0.061619718309859156 0.0721830985915493 
0 0.5977112676056338 0.44072769953051644 0.06602112676056338 0.051643192488262914 
0 0.5972711267605634 0.4950117370892019 0.06690140845070422 0.056924882629107984 
0 0.4922975352112676 0.34683098591549294 0.08142605633802817 0.05985915492957746 
0 0.4942781690140845 0.3967136150234742 0.07922535211267606 0.051643192488262914 
0 0.5033010563380281 0.48620892018779344 0.09022887323943662 0.056924882629107984 
0 0.40735035211267606 0.3967136150234742 0.08142605633802817 0.045774647887323945 
0 0.40625 0.44160798122065725 0.07482394366197183 0.05575117370892019 
0 0.6705545774647887 0.5023474178403756 0.05501760563380282 0.05985915492957746 
0 0.4080105633802817 0.4818075117370892 0.08274647887323944 0.04812206572769953 
0 0.31117957746478875 0.39231220657276994 0.07834507042253522 0.031103286384976527 
0 0.31117957746478875 0.42752347417840375 0.07394366197183098 0.03931924882629108 
0 0.3118397887323944 0.4515845070422535 0.07702464788732394 0.02640845070422535 
0 0.22579225352112675 0.3257042253521127 0.08362676056338028 0.04107981220657277 
0 0.22139084507042253 0.3591549295774648 0.07482394366197183 0.029342723004694836 
0 0.22799295774647887 0.3884976525821596 0.07482394366197183 0.035211267605633804 
0 0.22755281690140844 0.42458920187793425 0.07130281690140845 0.03931924882629108 
0 0.23525528169014084 0.4876760563380282 0.06910211267605634 0.045774647887323945 
0 0.30567781690140844 0.3562206572769953 0.08230633802816902 0.046948356807511735 
0 0.6709947183098591 0.43779342723004694 0.06910211267605634 0.05985915492957746 
0 0.6731954225352113 0.3767605633802817 0.07174295774647887 0.07042253521126761 
0 0.7513204225352113 0.37910798122065725 0.07834507042253522 0.0715962441314554 
0 0.6720950704225352 0.24794600938967137 0.07570422535211267 0.061619718309859156 
0 0.7491197183098591 0.24647887323943662 0.06514084507042253 0.07042253521126761 
0 0.7502200704225352 0.12441314553990611 0.0761443661971831 0.06455399061032864 
0 0.753080985915493 0.07541079812206573 0.06602112676056338 0.06279342723004695 
0 0.8305457746478874 0.2520539906103286 0.07570422535211267 0.06748826291079812 
0 0.902068661971831 0.25586854460093894 0.06734154929577464 0.07511737089201878 
0 0.9130721830985915 0.12470657276995305 0.07350352112676056 0.06748826291079812 
0 0.9724911971830986 0.14348591549295775 0.04533450704225352 0.0733568075117371 
0 0.9744718309859155 0.19043427230046947 0.051056338028169015 0.058098591549295774 
0 0.9746919014084507 0.24706572769953053 0.04973591549295775 0.06338028169014084 
0 0.9713908450704225 0.38791079812206575 0.043133802816901406 0.06572769953051644 
0 0.9689700704225352 0.44454225352112675 0.06205985915492958 0.05575117370892019 
0 0.9661091549295775 0.5046948356807511 0.06778169014084508 0.06807511737089202 
0 0.8961267605633803 0.44072769953051644 0.07922535211267606 0.05985915492957746 
0 0.8232834507042254 0.37265258215962443 0.0682218309859155 0.07042253521126761 
0 0.8169014084507042 0.42664319248826293 0.05721830985915493 0.05868544600938967 
0 0.8173415492957746 0.49002347417840375 0.06690140845070422 0.05868544600938967 
0 0.7519806338028169 0.4935446009389671 0.07702464788732394 0.05985915492957746 
0 0.7568221830985915 0.44014084507042256 0.07790492957746478 0.05868544600938967 
0 0.16153169014084506 0.3893779342723005 0.07834507042253522 0.04518779342723005 
0 0.6661531690140845 0.19278169014084506 0.07262323943661972 0.07453051643192488 
0 0.1599911971830986 0.43133802816901406 0.0682218309859155 0.046948356807511735 
0 0.09110915492957747 0.3506455399061033 0.09330985915492958 0.05575117370892019 
0 0.3871038732394366 0.7790492957746479 0.06910211267605634 0.04401408450704225 
0 0.45752640845070425 0.6490610328638498 0.09110915492957747 0.11267605633802817 
0 0.4608274647887324 0.7406103286384976 0.06690140845070422 0.07042253521126761 
0 0.4579665492957746 0.8025234741784038 0.07702464788732394 0.05575117370892019 
0 0.5473151408450704 0.6607981220657277 0.09022887323943662 0.12793427230046947 
0 0.5422535211267606 0.7517605633802817 0.0801056338028169 0.08098591549295775 
0 0.5411531690140845 0.812793427230047 0.08670774647887323 0.04107981220657277 
0 0.6331426056338029 0.7488262910798122 0.07262323943661972 0.06924882629107981 
0 0.3888644366197183 0.6916079812206573 0.0682218309859155 0.11326291079812206 
0 0.6357834507042254 0.8080985915492958 0.0761443661971831 0.046948356807511735 
0 0.8272447183098591 0.6687206572769953 0.08670774647887323 0.13204225352112675 
0 0.8994278169014085 0.8207159624413145 0.07702464788732394 0.04870892018779343 
0 0.9821742957746479 0.6772300469483568 0.035651408450704226 0.10211267605633803 
0 0.9788732394366197 0.7523474178403756 0.04225352112676056 0.04929577464788732 
0 0.9733714788732394 0.7998826291079812 0.053257042253521125 0.05046948356807512 
0 0.023547535211267605 0.18192488262910797 0.037411971830985914 0.04107981220657277 
0 0.021786971830985914 0.22007042253521128 0.03653169014084507 0.029342723004694836 
0 0.025088028169014086 0.25528169014084506 0.0448943661971831 0.035211267605633804 
0 0.7205105633802817 0.8157276995305164 0.09154929577464789 0.0528169014084507 
0 0.3127200704225352 0.6910211267605634 0.07262323943661972 0.10269953051643192 
0 0.26826584507042256 0.6264671361502347 0.06029929577464789 0.04401408450704225 
0 0.2847711267605634 0.585387323943662 0.05193661971830986 0.04401408450704225 
0 0.08890845070422536 0.3958333333333333 0.09154929577464789 0.03814553990610329 
0 0.08846830985915492 0.431924882629108 0.07042253521126761 0.03403755868544601 
0 0.09220950704225352 0.477406103286385 0.06734154929577464 0.03697183098591549 
0 0.01914612676056338 0.35651408450704225 0.03301056338028169 0.03814553990610329 
0 0.02464788732394366 0.3961267605633803 0.04401408450704225 0.029342723004694836 
0 0.027288732394366196 0.4328051643192488 0.04929577464788732 0.03814553990610329 
0 0.025088028169014086 0.4686032863849765 0.0448943661971831 0.03345070422535211 
0 0.034991197183098594 0.5830399061032864 0.058538732394366196 0.05457746478873239 
0 0.019586267605633804 0.653462441314554 0.03829225352112676 0.08392018779342723 
0 0.021786971830985914 0.7209507042253521 0.0409330985915493 0.03697183098591549 
0 0.027948943661971832 0.7590962441314554 0.050616197183098594 0.027582159624413145 
0 0.07350352112676056 0.6798708920187794 0.06514084507042253 0.09213615023474178 
0 0.08120598591549295 0.7552816901408451 0.06029929577464789 0.046948356807511735 
0 0.13996478873239437 0.761150234741784 0.061619718309859156 0.05868544600938967 
0 0.19058098591549297 0.7590962441314554 0.0528169014084507 0.05457746478873239 
0 0.1952024647887324 0.676056338028169 0.05501760563380282 0.07042253521126761 
0 0.09991197183098592 0.6197183098591549 0.05193661971830986 0.04812206572769953 
0 0.11355633802816902 0.5824530516431925 0.061619718309859156 0.03814553990610329 
0 0.21764964788732394 0.6226525821596244 0.06294014084507042 0.036384976525821594 
0 0.16923415492957747 0.4738849765258216 0.07790492957746478 0.03814553990610329 
0 0.6692341549295775 0.1273474178403756 0.07262323943661972 0.05868544600938967 
0 0.492737676056338 0.43838028169014087 0.07790492957746478 0.035211267605633804 
0 0.5873679577464789 0.09448356807511737 0.08670774647887323 0.057511737089201875 
0 0.8217429577464789 0.17811032863849766 0.05545774647887324 0.06748826291079812 
0 0.8162411971830986 0.7904929577464789 0.07174295774647887 0.08215962441314555 
0 0.7533010563380281 0.1857394366197183 0.0743838028169014 0.05927230046948357 
0 0.8992077464788732 0.18397887323943662 0.06602112676056338 0.06279342723004695 
0 0.5836267605633803 0.24354460093896713 0.07394366197183098 0.045774647887323945 
0 0.9108714788732394 0.6672535211267606 0.07790492957746478 0.13262910798122066 
0 0.40889084507042256 0.3477112676056338 0.07306338028169014 0.04284037558685446 
0 0.23503521126760563 0.45305164319248825 0.0721830985915493 0.03286384976525822 
0 0.8904049295774648 0.49911971830985913 0.06778169014084508 0.06631455399061033 
0 0.5902288732394366 0.15023474178403756 0.0801056338028169 0.04460093896713615 
0 0.7315140845070423 0.6663732394366197 0.0880281690140845 0.11561032863849766 
0 0.31360035211267606 0.4859154929577465 0.07350352112676056 0.03403755868544601 
0 0.32108274647887325 0.7740610328638498 0.058538732394366196 0.05046948356807512 
0 0.48877640845070425 0.25146713615023475 0.0840669014084507 0.051056338028169015 
0 0.4883362676056338 0.19278169014084506 0.08934859154929578 0.05457746478873239 
0 0.6445862676056338 0.6558098591549296 0.07966549295774648 0.12852112676056338 
0 0.6665933098591549 0.0733568075117371 0.06734154929577464 0.0528169014084507 
0 0.7233714788732394 0.761443661971831 0.09639084507042253 0.08157276995305164 
0 0.2634242957746479 0.772887323943662 0.042693661971830985 0.05516431924882629 
0 0.9066901408450704 0.38380281690140844 0.06954225352112677 0.07511737089201878 
0 0.08076584507042253 0.19865023474178403 0.07702464788732394 0.04518779342723005 
0 0.48327464788732394 0.13556338028169015 0.09242957746478873 0.03990610328638498 
0 0.9049295774647887 0.7711267605633803 0.0880281690140845 0.07746478873239436 
0 0.3970070422535211 0.10768779342723005 0.07130281690140845 0.031103286384976527 
0 0.40580985915492956 0.1443661971830986 0.06690140845070422 0.036384976525821594 
0 0.40096830985915494 0.18485915492957747 0.06602112676056338 0.029342723004694836 
0 0.4003080985915493 0.2177230046948357 0.0761443661971831 0.03403755868544601 
0 0.32108274647887325 0.2520539906103286 0.07174295774647887 0.03227699530516432 
0 0.3206426056338028 0.22065727699530516 0.07262323943661972 0.02464788732394366 
0 0.3184419014084507 0.19131455399061034 0.07702464788732394 0.028169014084507043 
0 0.3985475352112676 0.24853286384976525 0.08142605633802817 0.03345070422535211 
0 0.3534330985915493 0.19953051643192488 0.0 0.0 
0 0.3199823943661972 0.11883802816901408 0.07130281690140845 0.03814553990610329 
0 0.24515845070422534 0.2420774647887324 0.07394366197183098 0.04401408450704225 
0 0.1736355633802817 0.24266431924882628 0.08934859154929578 0.03931924882629108 
0 0.1698943661971831 0.20803990610328638 0.08362676056338028 0.03814553990610329 
0 0.16637323943661972 0.17165492957746478 0.07922535211267606 0.04401408450704225 
0 0.32108274647887325 0.1552230046948357 0.08054577464788733 0.03814553990610329 
0 0.1641725352112676 0.13028169014084506 0.0880281690140845 0.0528169014084507 
0 0.08516725352112677 0.24647887323943662 0.08142605633802817 0.05868544600938967 
0 0.02618838028169014 0.142018779342723 0.042693661971830985 0.04107981220657277 
0 0.596830985915493 0.37470657276995306 0.061619718309859156 0.0721830985915493 
0 0.5977112676056338 0.44072769953051644 0.06602112676056338 0.051643192488262914 
0 0.5972711267605634 0.4950117370892019 0.06690140845070422 0.056924882629107984 
0 0.4922975352112676 0.34683098591549294 0.08142605633802817 0.05985915492957746 
0 0.4942781690140845 0.3967136150234742 0.07922535211267606 0.051643192488262914 
0 0.5033010563380281 0.48620892018779344 0.09022887323943662 0.056924882629107984 
0 0.40735035211267606 0.3967136150234742 0.08142605633802817 0.045774647887323945 
0 0.40625 0.44160798122065725 0.07482394366197183 0.05575117370892019 
0 0.6705545774647887 0.5023474178403756 0.05501760563380282 0.05985915492957746 
0 0.4080105633802817 0.4818075117370892 0.08274647887323944 0.04812206572769953 
0 0.31117957746478875 0.39231220657276994 0.07834507042253522 0.031103286384976527 
0 0.31117957746478875 0.42752347417840375 0.07394366197183098 0.03931924882629108 
0 0.3118397887323944 0.4515845070422535 0.07702464788732394 0.02640845070422535 
0 0.22579225352112675 0.3257042253521127 0.08362676056338028 0.04107981220657277 
0 0.22139084507042253 0.3591549295774648 0.07482394366197183 0.029342723004694836 
0 0.22799295774647887 0.3884976525821596 0.07482394366197183 0.035211267605633804 
0 0.22755281690140844 0.42458920187793425 0.07130281690140845 0.03931924882629108 
0 0.23525528169014084 0.4876760563380282 0.06910211267605634 0.045774647887323945 
0 0.30567781690140844 0.3562206572769953 0.08230633802816902 0.046948356807511735 
0 0.6709947183098591 0.43779342723004694 0.06910211267605634 0.05985915492957746 
0 0.6731954225352113 0.3767605633802817 0.07174295774647887 0.07042253521126761 
0 0.7513204225352113 0.37910798122065725 0.07834507042253522 0.0715962441314554 
0 0.6720950704225352 0.24794600938967137 0.07570422535211267 0.061619718309859156 
0 0.7491197183098591 0.24647887323943662 0.06514084507042253 0.07042253521126761 
0 0.7502200704225352 0.12441314553990611 0.0761443661971831 0.06455399061032864 
0 0.753080985915493 0.07541079812206573 0.06602112676056338 0.06279342723004695 
0 0.8305457746478874 0.2520539906103286 0.07570422535211267 0.06748826291079812 
0 0.902068661971831 0.25586854460093894 0.06734154929577464 0.07511737089201878 
0 0.9130721830985915 0.12470657276995305 0.07350352112676056 0.06748826291079812 
0 0.9724911971830986 0.14348591549295775 0.04533450704225352 0.0733568075117371 
0 0.9744718309859155 0.19043427230046947 0.051056338028169015 0.058098591549295774 
0 0.9746919014084507 0.24706572769953053 0.04973591549295775 0.06338028169014084 
0 0.9713908450704225 0.38791079812206575 0.043133802816901406 0.06572769953051644 
0 0.9689700704225352 0.44454225352112675 0.06205985915492958 0.05575117370892019 
0 0.9661091549295775 0.5046948356807511 0.06778169014084508 0.06807511737089202 
0 0.8961267605633803 0.44072769953051644 0.07922535211267606 0.05985915492957746 
0 0.8232834507042254 0.37265258215962443 0.0682218309859155 0.07042253521126761 
0 0.8169014084507042 0.42664319248826293 0.05721830985915493 0.05868544600938967 
0 0.8173415492957746 0.49002347417840375 0.06690140845070422 0.05868544600938967 
0 0.7519806338028169 0.4935446009389671 0.07702464788732394 0.05985915492957746 
0 0.7568221830985915 0.44014084507042256 0.07790492957746478 0.05868544600938967 
0 0.16153169014084506 0.3893779342723005 0.07834507042253522 0.04518779342723005 
0 0.6661531690140845 0.19278169014084506 0.07262323943661972 0.07453051643192488 
0 0.1599911971830986 0.43133802816901406 0.0682218309859155 0.046948356807511735 
0 0.09110915492957747 0.3506455399061033 0.09330985915492958 0.05575117370892019 
0 0.3871038732394366 0.7790492957746479 0.06910211267605634 0.04401408450704225 
0 0.45752640845070425 0.6490610328638498 0.09110915492957747 0.11267605633802817 
0 0.4608274647887324 0.7406103286384976 0.06690140845070422 0.07042253521126761 
0 0.4579665492957746 0.8025234741784038 0.07702464788732394 0.05575117370892019 
0 0.5473151408450704 0.6607981220657277 0.09022887323943662 0.12793427230046947 
0 0.5422535211267606 0.7517605633802817 0.0801056338028169 0.08098591549295775 
0 0.5411531690140845 0.812793427230047 0.08670774647887323 0.04107981220657277 
0 0.6331426056338029 0.7488262910798122 0.07262323943661972 0.06924882629107981 
0 0.3888644366197183 0.6916079812206573 0.0682218309859155 0.11326291079812206 
0 0.6357834507042254 0.8080985915492958 0.0761443661971831 0.046948356807511735 
0 0.8272447183098591 0.6687206572769953 0.08670774647887323 0.13204225352112675 
0 0.8994278169014085 0.8207159624413145 0.07702464788732394 0.04870892018779343 
0 0.9821742957746479 0.6772300469483568 0.035651408450704226 0.10211267605633803 
0 0.9788732394366197 0.7523474178403756 0.04225352112676056 0.04929577464788732 
0 0.9733714788732394 0.7998826291079812 0.053257042253521125 0.05046948356807512 
0 0.023547535211267605 0.18192488262910797 0.037411971830985914 0.04107981220657277 
0 0.021786971830985914 0.22007042253521128 0.03653169014084507 0.029342723004694836 
0 0.025088028169014086 0.25528169014084506 0.0448943661971831 0.035211267605633804 
0 0.7205105633802817 0.8157276995305164 0.09154929577464789 0.0528169014084507 
0 0.3127200704225352 0.6910211267605634 0.07262323943661972 0.10269953051643192 
0 0.26826584507042256 0.6264671361502347 0.06029929577464789 0.04401408450704225 
0 0.2847711267605634 0.585387323943662 0.05193661971830986 0.04401408450704225 
0 0.08890845070422536 0.3958333333333333 0.09154929577464789 0.03814553990610329 
0 0.08846830985915492 0.431924882629108 0.07042253521126761 0.03403755868544601 
0 0.09220950704225352 0.477406103286385 0.06734154929577464 0.03697183098591549 
0 0.01914612676056338 0.35651408450704225 0.03301056338028169 0.03814553990610329 
0 0.02464788732394366 0.3961267605633803 0.04401408450704225 0.029342723004694836 
0 0.027288732394366196 0.4328051643192488 0.04929577464788732 0.03814553990610329 
0 0.025088028169014086 0.4686032863849765 0.0448943661971831 0.03345070422535211 
0 0.034991197183098594 0.5830399061032864 0.058538732394366196 0.05457746478873239 
0 0.019586267605633804 0.653462441314554 0.03829225352112676 0.08392018779342723 
0 0.021786971830985914 0.7209507042253521 0.0409330985915493 0.03697183098591549 
0 0.027948943661971832 0.7590962441314554 0.050616197183098594 0.027582159624413145 
0 0.07350352112676056 0.6798708920187794 0.06514084507042253 0.09213615023474178 
0 0.08120598591549295 0.7552816901408451 0.06029929577464789 0.046948356807511735 
0 0.13996478873239437 0.761150234741784 0.061619718309859156 0.05868544600938967 
0 0.19058098591549297 0.7590962441314554 0.0528169014084507 0.05457746478873239 
0 0.1952024647887324 0.676056338028169 0.05501760563380282 0.07042253521126761 
0 0.09991197183098592 0.6197183098591549 0.05193661971830986 0.04812206572769953 
0 0.11355633802816902 0.5824530516431925 0.061619718309859156 0.03814553990610329 
0 0.21764964788732394 0.6226525821596244 0.06294014084507042 0.036384976525821594 
0 0.16923415492957747 0.4738849765258216 0.07790492957746478 0.03814553990610329 
0 0.6692341549295775 0.1273474178403756 0.07262323943661972 0.05868544600938967 
0 0.492737676056338 0.43838028169014087 0.07790492957746478 0.035211267605633804 
0 0.5873679577464789 0.09448356807511737 0.08670774647887323 0.057511737089201875 
0 0.8217429577464789 0.17811032863849766 0.05545774647887324 0.06748826291079812 
0 0.8162411971830986 0.7904929577464789 0.07174295774647887 0.08215962441314555 
0 0.7533010563380281 0.1857394366197183 0.0743838028169014 0.05927230046948357 
0 0.8992077464788732 0.18397887323943662 0.06602112676056338 0.06279342723004695 
0 0.5836267605633803 0.24354460093896713 0.07394366197183098 0.045774647887323945 
0 0.9108714788732394 0.6672535211267606 0.07790492957746478 0.13262910798122066 
0 0.40889084507042256 0.3477112676056338 0.07306338028169014 0.04284037558685446 
0 0.23503521126760563 0.45305164319248825 0.0721830985915493 0.03286384976525822 
0 0.8904049295774648 0.49911971830985913 0.06778169014084508 0.06631455399061033 
0 0.5902288732394366 0.15023474178403756 0.0801056338028169 0.04460093896713615 
0 0.7315140845070423 0.6663732394366197 0.0880281690140845 0.11561032863849766 
0 0.31360035211267606 0.4859154929577465 0.07350352112676056 0.03403755868544601 
0 0.32108274647887325 0.7740610328638498 0.058538732394366196 0.05046948356807512 
0 0.48877640845070425 0.25146713615023475 0.0840669014084507 0.051056338028169015 
0 0.4883362676056338 0.19278169014084506 0.08934859154929578 0.05457746478873239 
0 0.6445862676056338 0.6558098591549296 0.07966549295774648 0.12852112676056338 
0 0.6665933098591549 0.0733568075117371 0.06734154929577464 0.0528169014084507 
0 0.7233714788732394 0.761443661971831 0.09639084507042253 0.08157276995305164 
0 0.2634242957746479 0.772887323943662 0.042693661971830985 0.05516431924882629 
0 0.9066901408450704 0.38380281690140844 0.06954225352112677 0.07511737089201878 
0 0.08076584507042253 0.19865023474178403 0.07702464788732394 0.04518779342723005 
0 0.48327464788732394 0.13556338028169015 0.09242957746478873 0.03990610328638498 
0 0.9049295774647887 0.7711267605633803 0.0880281690140845 0.07746478873239436 
0 0.3970070422535211 0.10768779342723005 0.07130281690140845 0.031103286384976527 
0 0.40580985915492956 0.1443661971830986 0.06690140845070422 0.036384976525821594 
0 0.40096830985915494 0.18485915492957747 0.06602112676056338 0.029342723004694836 
0 0.4003080985915493 0.2177230046948357 0.0761443661971831 0.03403755868544601 
0 0.32108274647887325 0.2520539906103286 0.07174295774647887 0.03227699530516432 
0 0.3206426056338028 0.22065727699530516 0.07262323943661972 0.02464788732394366 
0 0.3184419014084507 0.19131455399061034 0.07702464788732394 0.028169014084507043 
0 0.3985475352112676 0.24853286384976525 0.08142605633802817 0.03345070422535211 
0 0.3534330985915493 0.19953051643192488 0.0 0.0 
0 0.3199823943661972 0.11883802816901408 0.07130281690140845 0.03814553990610329 
0 0.24515845070422534 0.2420774647887324 0.07394366197183098 0.04401408450704225 
0 0.1736355633802817 0.24266431924882628 0.08934859154929578 0.03931924882629108 
0 0.1698943661971831 0.20803990610328638 0.08362676056338028 0.03814553990610329 
0 0.16637323943661972 0.17165492957746478 0.07922535211267606 0.04401408450704225 
0 0.32108274647887325 0.1552230046948357 0.08054577464788733 0.03814553990610329 
0 0.1641725352112676 0.13028169014084506 0.0880281690140845 0.0528169014084507 
0 0.08516725352112677 0.24647887323943662 0.08142605633802817 0.05868544600938967 
