0 0.608274647887324 0.556631455399061 0.08714788732394366 0.04518779342723005 
0 0.5279489436619719 0.4363262910798122 0.08670774647887323 0.04284037558685446 
0 0.5246478873239436 0.4823943661971831 0.08450704225352113 0.035211267605633804 
0 0.5297095070422535 0.5176056338028169 0.07262323943661972 0.04107981220657277 
0 0.6067341549295775 0.5140845070422535 0.08142605633802817 0.04812206572769953 
0 0.602112676056338 0.43779342723004694 0.07042253521126761 0.04225352112676056 
0 0.6120158450704225 0.48327464788732394 0.08142605633802817 0.03931924882629108 
0 0.4465228873239437 0.5560446009389671 0.08054577464788733 0.04988262910798122 
0 0.6830985915492958 0.477406103286385 0.07570422535211267 0.04518779342723005 
0 0.5290492957746479 0.5604460093896714 0.07394366197183098 0.046948356807511735 
0 0.44432218309859156 0.5155516431924883 0.08054577464788733 0.04284037558685446 
0 0.2869718309859155 0.5044014084507042 0.0625 0.03227699530516432 
0 0.4432218309859155 0.43984741784037557 0.0801056338028169 0.05575117370892019 
0 0.37125880281690143 0.5669014084507042 0.07262323943661972 0.03990610328638498 
0 0.3611355633802817 0.5252347417840375 0.0682218309859155 0.029342723004694836 
0 0.3628961267605634 0.48708920187793425 0.08230633802816902 0.04107981220657277 
0 0.35475352112676056 0.443075117370892 0.07922535211267606 0.0528169014084507 
0 0.2946742957746479 0.5639671361502347 0.07174295774647887 0.03990610328638498 
0 0.28741197183098594 0.5308098591549296 0.061619718309859156 0.02640845070422535 
0 0.2832306338028169 0.47300469483568075 0.07262323943661972 0.022300469483568074 
0 0.2847711267605634 0.4369131455399061 0.07394366197183098 0.04988262910798122 
0 0.6841989436619719 0.5184859154929577 0.08054577464788733 0.03697183098591549 
0 0.20774647887323944 0.44454225352112675 0.07394366197183098 0.061619718309859156 
0 0.44212147887323944 0.4841549295774648 0.08494718309859155 0.035211267605633804 
0 0.6881602112676056 0.5551643192488263 0.07262323943661972 0.03990610328638498 
0 0.07746478873239436 0.647593896713615 0.0880281690140845 0.04284037558685446 
0 0.772887323943662 0.45481220657276994 0.0880281690140845 0.035211267605633804 
0 0.29247359154929575 0.8603286384976526 0.07174295774647887 0.03403755868544601 
0 0.2863116197183099 0.8301056338028169 0.06382042253521127 0.03814553990610329 
0 0.28213028169014087 0.7693661971830986 0.07042253521126761 0.06924882629107981 
0 0.21654929577464788 0.7708333333333334 0.08274647887323944 0.08392018779342723 
0 0.2286531690140845 0.7053990610328639 0.06910211267605634 0.035211267605633804 
0 0.24515845070422534 0.6687206572769953 0.06954225352112677 0.03814553990610329 
0 0.21720950704225353 0.5076291079812206 0.07702464788732394 0.0528169014084507 
0 0.17297535211267606 0.6675469483568075 0.06602112676056338 0.03227699530516432 
0 0.1505281690140845 0.7004107981220657 0.06690140845070422 0.04870892018779343 
0 0.13336267605633803 0.7590962441314554 0.08362676056338028 0.1073943661971831 
0 0.05919894366197183 0.8383215962441315 0.07790492957746478 0.051056338028169015 
0 0.7772887323943662 0.41431924882629106 0.09242957746478873 0.045774647887323945 
0 0.05259683098591549 0.778169014084507 0.08670774647887323 0.051643192488262914 
0 0.9361795774647887 0.5677816901408451 0.06954225352112677 0.04401408450704225 
0 0.9401408450704225 0.528169014084507 0.07482394366197183 0.046948356807511735 
0 0.9445422535211268 0.48620892018779344 0.09242957746478873 0.05457746478873239 
0 0.8503521126760564 0.5443075117370892 0.07130281690140845 0.02640845070422535 
0 0.8474911971830986 0.5134976525821596 0.0682218309859155 0.035211267605633804 
0 0.8477112676056338 0.4847417840375587 0.061619718309859156 0.036384976525821594 
0 0.8532130281690141 0.43984741784037557 0.08582746478873239 0.04401408450704225 
0 0.7722271126760564 0.5669014084507042 0.0761443661971831 0.03990610328638498 
0 0.7684859154929577 0.5434272300469484 0.07482394366197183 0.03403755868544601 
0 0.7711267605633803 0.5140845070422535 0.07394366197183098 0.03051643192488263 
0 0.766725352112676 0.4847417840375587 0.08450704225352113 0.03403755868544601 
0 0.05259683098591549 0.7121478873239436 0.08934859154929578 0.0897887323943662 
0 0.21654929577464788 0.5528169014084507 0.06954225352112677 0.05868544600938967 
0 0.7238116197183099 0.29988262910798125 0.08054577464788733 0.03051643192488263 
0 0.14656690140845072 0.4876760563380282 0.06602112676056338 0.08098591549295775 
0 0.46258802816901406 0.30134976525821594 0.07482394366197183 0.02523474178403756 
0 0.46346830985915494 0.3415492957746479 0.07482394366197183 0.046948356807511735 
0 0.37544014084507044 0.19483568075117372 0.08362676056338028 0.046948356807511735 
0 0.3716989436619718 0.23591549295774647 0.08054577464788733 0.035211267605633804 
0 0.37455985915492956 0.27142018779342725 0.07922535211267606 0.03227699530516432 
0 0.37940140845070425 0.30633802816901406 0.08274647887323944 0.029342723004694836 
0 0.3789612676056338 0.33949530516431925 0.07922535211267606 0.03345070422535211 
0 0.2920334507042254 0.2051056338028169 0.07702464788732394 0.03814553990610329 
0 0.29731514084507044 0.25146713615023475 0.07702464788732394 0.03931924882629108 
0 0.29973591549295775 0.2904929577464789 0.07482394366197183 0.035211267605633804 
0 0.3019366197183099 0.3345070422535211 0.07922535211267606 0.04107981220657277 
0 0.46412852112676056 0.27142018779342725 0.07790492957746478 0.03227699530516432 
0 0.21985035211267606 0.20305164319248825 0.07790492957746478 0.04812206572769953 
0 0.22315140845070422 0.29019953051643194 0.06690140845070422 0.03814553990610329 
0 0.2268926056338028 0.33274647887323944 0.0682218309859155 0.035211267605633804 
0 0.14502640845070422 0.20539906103286384 0.0761443661971831 0.06455399061032864 
0 0.14766725352112675 0.26467136150234744 0.07702464788732394 0.051643192488262914 
0 0.15492957746478872 0.3257042253521127 0.0625 0.0528169014084507 
0 0.02618838028169014 0.2676056338028169 0.04709507042253521 0.06338028169014084 
0 0.022887323943661973 0.323943661971831 0.043133802816901406 0.046948356807511735 
0 0.06690140845070422 0.43838028169014087 0.07394366197183098 0.04107981220657277 
0 0.07460387323943662 0.4788732394366197 0.07174295774647887 0.03051643192488263 
0 0.07460387323943662 0.5155516431924883 0.06470070422535211 0.03697183098591549 
0 0.3694982394366197 0.7658450704225352 0.08054577464788733 0.08215962441314555 
0 0.22029049295774647 0.2505868544600939 0.07262323943661972 0.04107981220657277 
0 0.1505281690140845 0.5516431924882629 0.06954225352112677 0.0528169014084507 
0 0.46192781690140844 0.2353286384976526 0.07790492957746478 0.03403755868544601 
0 0.5492957746478874 0.3371478873239437 0.07922535211267606 0.05575117370892019 
0 0.021346830985915492 0.5645539906103286 0.04181338028169014 0.029342723004694836 
0 0.020026408450704226 0.5355046948356808 0.037411971830985914 0.02640845070422535 
0 0.021346830985915492 0.5023474178403756 0.04181338028169014 0.02464788732394366 
0 0.021346830985915492 0.4706572769953052 0.037411971830985914 0.023474178403755867 
0 0.9678697183098591 0.20158450704225353 0.06426056338028169 0.03931924882629108 
0 0.9672095070422535 0.24237089201877934 0.06558098591549295 0.04225352112676056 
0 0.9667693661971831 0.2755281690140845 0.0664612676056338 0.03814553990610329 
0 0.08164612676056338 0.5601525821596244 0.0682218309859155 0.03814553990610329 
0 0.9678697183098591 0.3130868544600939 0.06426056338028169 0.03345070422535211 
0 0.964568661971831 0.3503521126760563 0.07086267605633803 0.04107981220657277 
0 0.8939260563380281 0.21273474178403756 0.08362676056338028 0.04401408450704225 
0 0.4630281690140845 0.20011737089201878 0.07394366197183098 0.036384976525821594 
0 0.8910651408450704 0.24706572769953053 0.08054577464788733 0.03403755868544601 
0 0.8844630281690141 0.3145539906103286 0.06910211267605634 0.036384976525821594 
0 0.8827024647887324 0.3453638497652582 0.0682218309859155 0.03697183098591549 
0 0.8067781690140845 0.3336267605633803 0.08362676056338028 0.04870892018779343 
0 0.727112676056338 0.21742957746478872 0.08450704225352113 0.04518779342723005 
0 0.7249119718309859 0.26173708920187794 0.08274647887323944 0.03990610328638498 
0 0.7227112676056338 0.3345070422535211 0.07834507042253522 0.04107981220657277 
0 0.6368838028169014 0.28667840375586856 0.0801056338028169 0.056924882629107984 
0 0.6353433098591549 0.3336267605633803 0.07702464788732394 0.03931924882629108 
0 0.5462147887323944 0.22564553990610328 0.07922535211267606 0.04401408450704225 
0 0.8419894366197183 0.042546948356807515 0.04401408450704225 0.020539906103286387 
0 0.5477552816901409 0.30134976525821594 0.07790492957746478 0.03345070422535211 
0 0.8888644366197183 0.2831572769953052 0.08230633802816902 0.03814553990610329 
0 0.3650968309859155 0.8265845070422535 0.08230633802816902 0.04518779342723005 
0 0.5488556338028169 0.2661384976525822 0.0801056338028169 0.03697183098591549 
0 0.4586267605633803 0.789906103286385 0.07834507042253522 0.09507042253521127 
0 0.523987676056338 0.09242957746478873 0.05941901408450704 0.03814553990610329 
0 0.5231073943661971 0.05134976525821596 0.07262323943661972 0.03814553990610329 
0 0.5169454225352113 0.01965962441314554 0.06910211267605634 0.027582159624413145 
0 0.45422535211267606 0.09536384976525822 0.06073943661971831 0.03814553990610329 
0 0.4548855633802817 0.05046948356807512 0.05941901408450704 0.03990610328638498 
0 0.45026408450704225 0.023474178403755867 0.06602112676056338 0.035211267605633804 
0 0.39370598591549294 0.07247652582159625 0.06294014084507042 0.06279342723004695 
0 0.39150528169014087 0.031396713615023476 0.058538732394366196 0.04870892018779343 
0 0.33252640845070425 0.036384976525821594 0.06382042253521127 0.04107981220657277 
0 0.33252640845070425 0.08215962441314555 0.06382042253521127 0.0528169014084507 
0 0.27442781690140844 0.09008215962441314 0.05941901408450704 0.04518779342723005 
0 0.2711267605633803 0.03726525821596244 0.0528169014084507 0.06044600938967136 
0 0.19388204225352113 0.02699530516431925 0.07262323943661972 0.036384976525821594 
0 0.5851672535211268 0.018192488262910797 0.05413732394366197 0.028169014084507043 
0 0.19828345070422534 0.08832159624413145 0.07702464788732394 0.06631455399061033 
0 0.03939260563380282 0.09595070422535211 0.0761443661971831 0.06044600938967136 
0 0.035651408450704226 0.03374413145539906 0.07042253521126761 0.05575117370892019 
0 0.9652288732394366 0.8688380281690141 0.05369718309859155 0.05457746478873239 
0 0.2167693661971831 0.846244131455399 0.05941901408450704 0.045774647887323945 
0 0.1267605633802817 0.8474178403755869 0.05721830985915493 0.04460093896713615 
0 0.8941461267605634 0.8720657276995305 0.06029929577464789 0.046948356807511735 
0 0.3716989436619718 0.8603286384976526 0.08054577464788733 0.03051643192488263 
0 0.956205985915493 0.44014084507042256 0.06558098591549295 0.03990610328638498 
0 0.08560739436619719 0.318075117370892 0.08054577464788733 0.062206572769953054 
0 0.11795774647887323 0.09125586854460094 0.08362676056338028 0.06044600938967136 
0 0.8206426056338029 0.08245305164319248 0.0664612676056338 0.06396713615023474 
0 0.8890845070422535 0.07775821596244131 0.05897887323943662 0.056924882629107984 
0 0.9014084507042254 0.03051643192488263 0.06602112676056338 0.0528169014084507 
0 0.11421654929577464 0.028169014084507043 0.08934859154929578 0.05516431924882629 
0 0.5862676056338029 0.05575117370892019 0.05193661971830986 0.04107981220657277 
0 0.8488116197183099 0.573943661971831 0.07174295774647887 0.02464788732394366 
0 0.7018045774647887 0.06044600938967136 0.12455985915492958 0.11971830985915492 
0 0.5873679577464789 0.0988849765258216 0.06294014084507042 0.03931924882629108 
0 0.4579665492957746 0.8559272300469484 0.07702464788732394 0.04518779342723005 
0 0.46192781690140844 0.6643192488262911 0.07350352112676056 0.07042253521126761 
0 0.4652288732394366 0.7209507042253521 0.06073943661971831 0.03345070422535211 
0 0.38776408450704225 0.6622652582159625 0.07922535211267606 0.03345070422535211 
0 0.386443661971831 0.7053990610328639 0.07922535211267606 0.0528169014084507 
0 0.31932218309859156 0.6599178403755869 0.07262323943661972 0.05575117370892019 
0 0.3023767605633803 0.7077464788732394 0.07570422535211267 0.04812206572769953 
0 0.551056338028169 0.6813380281690141 0.06954225352112677 0.045774647887323945 
0 0.5587588028169014 0.7538145539906104 0.07790492957746478 0.09683098591549295 
0 0.5554577464788732 0.8171948356807511 0.07130281690140845 0.04988262910798122 
0 0.5554577464788732 0.8559272300469484 0.07394366197183098 0.04518779342723005 
0 0.6199383802816901 0.6754694835680751 0.04181338028169014 0.03403755868544601 
0 0.6269806338028169 0.7092136150234741 0.04973591549295775 0.03345070422535211 
0 0.628080985915493 0.7860915492957746 0.056338028169014086 0.11443661971830986 
0 0.825044014084507 0.024061032863849766 0.0761443661971831 0.045774647887323945 
0 0.695862676056338 0.8626760563380281 0.05721830985915493 0.07042253521126761 
0 0.6313820422535211 0.8697183098591549 0.05149647887323944 0.0528169014084507 
0 0.967649647887324 0.7863849765258216 0.05941901408450704 0.09389671361502347 
0 0.9421214788732394 0.7150821596244131 0.06382042253521127 0.051056338028169015 
0 0.8734595070422535 0.6916079812206573 0.06029929577464789 0.07453051643192488 
0 0.8091989436619719 0.6789906103286385 0.05501760563380282 0.04107981220657277 
0 0.8265845070422535 0.7394366197183099 0.05721830985915493 0.0880281690140845 
0 0.8998679577464789 0.789906103286385 0.06734154929577464 0.09272300469483569 
0 0.766725352112676 0.8559272300469484 0.05369718309859155 0.056924882629107984 
0 0.7660651408450704 0.7805164319248826 0.0682218309859155 0.0880281690140845 
0 0.7638644366197183 0.7092136150234741 0.05941901408450704 0.051056338028169015 
0 0.6780369718309859 0.6798708920187794 0.05501760563380282 0.03697183098591549 
0 0.6857394366197183 0.7209507042253521 0.04841549295774648 0.04284037558685446 
0 0.6974031690140845 0.7831572769953051 0.05149647887323944 0.09096244131455399 
0 0.8305457746478874 0.8383215962441315 0.06073943661971831 0.0897887323943662 
0 0.608274647887324 0.556631455399061 0.08714788732394366 0.04518779342723005 
0 0.5279489436619719 0.4363262910798122 0.08670774647887323 0.04284037558685446 
0 0.5246478873239436 0.4823943661971831 0.08450704225352113 0.035211267605633804 
0 0.5297095070422535 0.5176056338028169 0.07262323943661972 0.04107981220657277 
0 0.6067341549295775 0.5140845070422535 0.08142605633802817 0.04812206572769953 
0 0.602112676056338 0.43779342723004694 0.07042253521126761 0.04225352112676056 
0 0.6120158450704225 0.48327464788732394 0.08142605633802817 0.03931924882629108 
0 0.4465228873239437 0.5560446009389671 0.08054577464788733 0.04988262910798122 
0 0.6830985915492958 0.477406103286385 0.07570422535211267 0.04518779342723005 
0 0.5290492957746479 0.5604460093896714 0.07394366197183098 0.046948356807511735 
0 0.44432218309859156 0.5155516431924883 0.08054577464788733 0.04284037558685446 
0 0.2869718309859155 0.5044014084507042 0.0625 0.03227699530516432 
0 0.4432218309859155 0.43984741784037557 0.0801056338028169 0.05575117370892019 
0 0.37125880281690143 0.5669014084507042 0.07262323943661972 0.03990610328638498 
0 0.3611355633802817 0.5252347417840375 0.0682218309859155 0.029342723004694836 
0 0.3628961267605634 0.48708920187793425 0.08230633802816902 0.04107981220657277 
0 0.35475352112676056 0.443075117370892 0.07922535211267606 0.0528169014084507 
0 0.2946742957746479 0.5639671361502347 0.07174295774647887 0.03990610328638498 
0 0.28741197183098594 0.5308098591549296 0.061619718309859156 0.02640845070422535 
0 0.2832306338028169 0.47300469483568075 0.07262323943661972 0.022300469483568074 
0 0.2847711267605634 0.4369131455399061 0.07394366197183098 0.04988262910798122 
0 0.6841989436619719 0.5184859154929577 0.08054577464788733 0.03697183098591549 
0 0.20774647887323944 0.44454225352112675 0.07394366197183098 0.061619718309859156 
0 0.44212147887323944 0.4841549295774648 0.08494718309859155 0.035211267605633804 
0 0.6881602112676056 0.5551643192488263 0.07262323943661972 0.03990610328638498 
0 0.07746478873239436 0.647593896713615 0.0880281690140845 0.04284037558685446 
0 0.772887323943662 0.45481220657276994 0.0880281690140845 0.035211267605633804 
0 0.29247359154929575 0.8603286384976526 0.07174295774647887 0.03403755868544601 
0 0.2863116197183099 0.8301056338028169 0.06382042253521127 0.03814553990610329 
0 0.28213028169014087 0.7693661971830986 0.07042253521126761 0.06924882629107981 
0 0.21654929577464788 0.7708333333333334 0.08274647887323944 0.08392018779342723 
0 0.2286531690140845 0.7053990610328639 0.06910211267605634 0.035211267605633804 
0 0.24515845070422534 0.6687206572769953 0.06954225352112677 0.03814553990610329 
0 0.21720950704225353 0.5076291079812206 0.07702464788732394 0.0528169014084507 
0 0.17297535211267606 0.6675469483568075 0.06602112676056338 0.03227699530516432 
0 0.1505281690140845 0.7004107981220657 0.06690140845070422 0.04870892018779343 
0 0.13336267605633803 0.7590962441314554 0.08362676056338028 0.1073943661971831 
0 0.05919894366197183 0.8383215962441315 0.07790492957746478 0.051056338028169015 
0 0.7772887323943662 0.41431924882629106 0.09242957746478873 0.045774647887323945 
0 0.05259683098591549 0.778169014084507 0.08670774647887323 0.051643192488262914 
0 0.9361795774647887 0.5677816901408451 0.06954225352112677 0.04401408450704225 
0 0.9401408450704225 0.528169014084507 0.07482394366197183 0.046948356807511735 
0 0.9445422535211268 0.48620892018779344 0.09242957746478873 0.05457746478873239 
0 0.8503521126760564 0.5443075117370892 0.07130281690140845 0.02640845070422535 
0 0.8474911971830986 0.5134976525821596 0.0682218309859155 0.035211267605633804 
0 0.8477112676056338 0.4847417840375587 0.061619718309859156 0.036384976525821594 
0 0.8532130281690141 0.43984741784037557 0.08582746478873239 0.04401408450704225 
0 0.7722271126760564 0.5669014084507042 0.0761443661971831 0.03990610328638498 
0 0.7684859154929577 0.5434272300469484 0.07482394366197183 0.03403755868544601 
0 0.7711267605633803 0.5140845070422535 0.07394366197183098 0.03051643192488263 
0 0.766725352112676 0.4847417840375587 0.08450704225352113 0.03403755868544601 
0 0.05259683098591549 0.7121478873239436 0.08934859154929578 0.0897887323943662 
0 0.21654929577464788 0.5528169014084507 0.06954225352112677 0.05868544600938967 
0 0.7238116197183099 0.29988262910798125 0.08054577464788733 0.03051643192488263 
0 0.14656690140845072 0.4876760563380282 0.06602112676056338 0.08098591549295775 
0 0.46258802816901406 0.30134976525821594 0.07482394366197183 0.02523474178403756 
0 0.46346830985915494 0.3415492957746479 0.07482394366197183 0.046948356807511735 
0 0.37544014084507044 0.19483568075117372 0.08362676056338028 0.046948356807511735 
0 0.3716989436619718 0.23591549295774647 0.08054577464788733 0.035211267605633804 
0 0.37455985915492956 0.27142018779342725 0.07922535211267606 0.03227699530516432 
0 0.37940140845070425 0.30633802816901406 0.08274647887323944 0.029342723004694836 
0 0.3789612676056338 0.33949530516431925 0.07922535211267606 0.03345070422535211 
0 0.2920334507042254 0.2051056338028169 0.07702464788732394 0.03814553990610329 
0 0.29731514084507044 0.25146713615023475 0.07702464788732394 0.03931924882629108 
0 0.29973591549295775 0.2904929577464789 0.07482394366197183 0.035211267605633804 
0 0.3019366197183099 0.3345070422535211 0.07922535211267606 0.04107981220657277 
0 0.46412852112676056 0.27142018779342725 0.07790492957746478 0.03227699530516432 
0 0.21985035211267606 0.20305164319248825 0.07790492957746478 0.04812206572769953 
0 0.22315140845070422 0.29019953051643194 0.06690140845070422 0.03814553990610329 
0 0.2268926056338028 0.33274647887323944 0.0682218309859155 0.035211267605633804 
0 0.14502640845070422 0.20539906103286384 0.0761443661971831 0.06455399061032864 
0 0.14766725352112675 0.26467136150234744 0.07702464788732394 0.051643192488262914 
0 0.15492957746478872 0.3257042253521127 0.0625 0.0528169014084507 
0 0.02618838028169014 0.2676056338028169 0.04709507042253521 0.06338028169014084 
0 0.022887323943661973 0.323943661971831 0.043133802816901406 0.046948356807511735 
0 0.06690140845070422 0.43838028169014087 0.07394366197183098 0.04107981220657277 
0 0.07460387323943662 0.4788732394366197 0.07174295774647887 0.03051643192488263 
0 0.07460387323943662 0.5155516431924883 0.06470070422535211 0.03697183098591549 
0 0.3694982394366197 0.7658450704225352 0.08054577464788733 0.08215962441314555 
0 0.22029049295774647 0.2505868544600939 0.07262323943661972 0.04107981220657277 
0 0.1505281690140845 0.5516431924882629 0.06954225352112677 0.0528169014084507 
0 0.46192781690140844 0.2353286384976526 0.07790492957746478 0.03403755868544601 
0 0.5492957746478874 0.3371478873239437 0.07922535211267606 0.05575117370892019 
0 0.021346830985915492 0.5645539906103286 0.04181338028169014 0.029342723004694836 
0 0.020026408450704226 0.5355046948356808 0.037411971830985914 0.02640845070422535 
0 0.021346830985915492 0.5023474178403756 0.04181338028169014 0.02464788732394366 
0 0.021346830985915492 0.4706572769953052 0.037411971830985914 0.023474178403755867 
0 0.9678697183098591 0.20158450704225353 0.06426056338028169 0.03931924882629108 
0 0.9672095070422535 0.24237089201877934 0.06558098591549295 0.04225352112676056 
0 0.9667693661971831 0.2755281690140845 0.0664612676056338 0.03814553990610329 
0 0.08164612676056338 0.5601525821596244 0.0682218309859155 0.03814553990610329 
0 0.9678697183098591 0.3130868544600939 0.06426056338028169 0.03345070422535211 
0 0.964568661971831 0.3503521126760563 0.07086267605633803 0.04107981220657277 
0 0.8939260563380281 0.21273474178403756 0.08362676056338028 0.04401408450704225 
0 0.4630281690140845 0.20011737089201878 0.07394366197183098 0.036384976525821594 
0 0.8910651408450704 0.24706572769953053 0.08054577464788733 0.03403755868544601 
0 0.8844630281690141 0.3145539906103286 0.06910211267605634 0.036384976525821594 
0 0.8827024647887324 0.3453638497652582 0.0682218309859155 0.03697183098591549 
0 0.8067781690140845 0.3336267605633803 0.08362676056338028 0.04870892018779343 
0 0.727112676056338 0.21742957746478872 0.08450704225352113 0.04518779342723005 
0 0.7249119718309859 0.26173708920187794 0.08274647887323944 0.03990610328638498 
0 0.7227112676056338 0.3345070422535211 0.07834507042253522 0.04107981220657277 
0 0.6368838028169014 0.28667840375586856 0.0801056338028169 0.056924882629107984 
0 0.6353433098591549 0.3336267605633803 0.07702464788732394 0.03931924882629108 
0 0.5462147887323944 0.22564553990610328 0.07922535211267606 0.04401408450704225 
0 0.8419894366197183 0.042546948356807515 0.04401408450704225 0.020539906103286387 
0 0.5477552816901409 0.30134976525821594 0.07790492957746478 0.03345070422535211 
0 0.8888644366197183 0.2831572769953052 0.08230633802816902 0.03814553990610329 
0 0.3650968309859155 0.8265845070422535 0.08230633802816902 0.04518779342723005 
0 0.5488556338028169 0.2661384976525822 0.0801056338028169 0.03697183098591549 
0 0.4586267605633803 0.789906103286385 0.07834507042253522 0.09507042253521127 
0 0.523987676056338 0.09242957746478873 0.05941901408450704 0.03814553990610329 
0 0.5231073943661971 0.05134976525821596 0.07262323943661972 0.03814553990610329 
0 0.5169454225352113 0.01965962441314554 0.06910211267605634 0.027582159624413145 
0 0.45422535211267606 0.09536384976525822 0.06073943661971831 0.03814553990610329 
0 0.4548855633802817 0.05046948356807512 0.05941901408450704 0.03990610328638498 
0 0.45026408450704225 0.023474178403755867 0.06602112676056338 0.035211267605633804 
0 0.39370598591549294 0.07247652582159625 0.06294014084507042 0.06279342723004695 
0 0.39150528169014087 0.031396713615023476 0.058538732394366196 0.04870892018779343 
0 0.33252640845070425 0.036384976525821594 0.06382042253521127 0.04107981220657277 
0 0.33252640845070425 0.08215962441314555 0.06382042253521127 0.0528169014084507 
0 0.27442781690140844 0.09008215962441314 0.05941901408450704 0.04518779342723005 
0 0.2711267605633803 0.03726525821596244 0.0528169014084507 0.06044600938967136 
0 0.19388204225352113 0.02699530516431925 0.07262323943661972 0.036384976525821594 
0 0.5851672535211268 0.018192488262910797 0.05413732394366197 0.028169014084507043 
0 0.19828345070422534 0.08832159624413145 0.07702464788732394 0.06631455399061033 
0 0.03939260563380282 0.09595070422535211 0.0761443661971831 0.06044600938967136 
0 0.035651408450704226 0.03374413145539906 0.07042253521126761 0.05575117370892019 
0 0.9652288732394366 0.8688380281690141 0.05369718309859155 0.05457746478873239 
0 0.2167693661971831 0.846244131455399 0.05941901408450704 0.045774647887323945 
0 0.1267605633802817 0.8474178403755869 0.05721830985915493 0.04460093896713615 
0 0.8941461267605634 0.8720657276995305 0.06029929577464789 0.046948356807511735 
0 0.3716989436619718 0.8603286384976526 0.08054577464788733 0.03051643192488263 
0 0.956205985915493 0.44014084507042256 0.06558098591549295 0.03990610328638498 
0 0.08560739436619719 0.318075117370892 0.08054577464788733 0.062206572769953054 
0 0.11795774647887323 0.09125586854460094 0.08362676056338028 0.06044600938967136 
0 0.8206426056338029 0.08245305164319248 0.0664612676056338 0.06396713615023474 
0 0.8890845070422535 0.07775821596244131 0.05897887323943662 0.056924882629107984 
0 0.9014084507042254 0.03051643192488263 0.06602112676056338 0.0528169014084507 
0 0.11421654929577464 0.028169014084507043 0.08934859154929578 0.05516431924882629 
0 0.5862676056338029 0.05575117370892019 0.05193661971830986 0.04107981220657277 
0 0.8488116197183099 0.573943661971831 0.07174295774647887 0.02464788732394366 
0 0.7018045774647887 0.06044600938967136 0.12455985915492958 0.11971830985915492 
0 0.5873679577464789 0.0988849765258216 0.06294014084507042 0.03931924882629108 
0 0.4579665492957746 0.8559272300469484 0.07702464788732394 0.04518779342723005 
0 0.46192781690140844 0.6643192488262911 0.07350352112676056 0.07042253521126761 
0 0.4652288732394366 0.7209507042253521 0.06073943661971831 0.03345070422535211 
0 0.38776408450704225 0.6622652582159625 0.07922535211267606 0.03345070422535211 
0 0.386443661971831 0.7053990610328639 0.07922535211267606 0.0528169014084507 
0 0.31932218309859156 0.6599178403755869 0.07262323943661972 0.05575117370892019 
0 0.3023767605633803 0.7077464788732394 0.07570422535211267 0.04812206572769953 
0 0.551056338028169 0.6813380281690141 0.06954225352112677 0.045774647887323945 
0 0.5587588028169014 0.7538145539906104 0.07790492957746478 0.09683098591549295 
0 0.5554577464788732 0.8171948356807511 0.07130281690140845 0.04988262910798122 
0 0.5554577464788732 0.8559272300469484 0.07394366197183098 0.04518779342723005 
0 0.6199383802816901 0.6754694835680751 0.04181338028169014 0.03403755868544601 
0 0.6269806338028169 0.7092136150234741 0.04973591549295775 0.03345070422535211 
0 0.628080985915493 0.7860915492957746 0.056338028169014086 0.11443661971830986 
0 0.825044014084507 0.024061032863849766 0.0761443661971831 0.045774647887323945 
0 0.695862676056338 0.8626760563380281 0.05721830985915493 0.07042253521126761 
0 0.6313820422535211 0.8697183098591549 0.05149647887323944 0.0528169014084507 
0 0.967649647887324 0.7863849765258216 0.05941901408450704 0.09389671361502347 
0 0.9421214788732394 0.7150821596244131 0.06382042253521127 0.051056338028169015 
0 0.8734595070422535 0.6916079812206573 0.06029929577464789 0.07453051643192488 
0 0.8091989436619719 0.6789906103286385 0.05501760563380282 0.04107981220657277 
0 0.8265845070422535 0.7394366197183099 0.05721830985915493 0.0880281690140845 
0 0.8998679577464789 0.789906103286385 0.06734154929577464 0.09272300469483569 
0 0.766725352112676 0.8559272300469484 0.05369718309859155 0.056924882629107984 
0 0.7660651408450704 0.7805164319248826 0.0682218309859155 0.0880281690140845 
0 0.7638644366197183 0.7092136150234741 0.05941901408450704 0.051056338028169015 
0 0.6780369718309859 0.6798708920187794 0.05501760563380282 0.03697183098591549 
0 0.6857394366197183 0.7209507042253521 0.04841549295774648 0.04284037558685446 
0 0.6974031690140845 0.7831572769953051 0.05149647887323944 0.09096244131455399 
0 0.8305457746478874 0.8383215962441315 0.06073943661971831 0.0897887323943662 
0 0.608274647887324 0.556631455399061 0.08714788732394366 0.04518779342723005 
0 0.5279489436619719 0.4363262910798122 0.08670774647887323 0.04284037558685446 
0 0.5246478873239436 0.4823943661971831 0.08450704225352113 0.035211267605633804 
0 0.5297095070422535 0.5176056338028169 0.07262323943661972 0.04107981220657277 
0 0.6067341549295775 0.5140845070422535 0.08142605633802817 0.04812206572769953 
0 0.602112676056338 0.43779342723004694 0.07042253521126761 0.04225352112676056 
0 0.6120158450704225 0.48327464788732394 0.08142605633802817 0.03931924882629108 
0 0.4465228873239437 0.5560446009389671 0.08054577464788733 0.04988262910798122 
0 0.6830985915492958 0.477406103286385 0.07570422535211267 0.04518779342723005 
0 0.5290492957746479 0.5604460093896714 0.07394366197183098 0.046948356807511735 
0 0.44432218309859156 0.5155516431924883 0.08054577464788733 0.04284037558685446 
0 0.2869718309859155 0.5044014084507042 0.0625 0.03227699530516432 
0 0.4432218309859155 0.43984741784037557 0.0801056338028169 0.05575117370892019 
0 0.37125880281690143 0.5669014084507042 0.07262323943661972 0.03990610328638498 
0 0.3611355633802817 0.5252347417840375 0.0682218309859155 0.029342723004694836 
0 0.3628961267605634 0.48708920187793425 0.08230633802816902 0.04107981220657277 
0 0.35475352112676056 0.443075117370892 0.07922535211267606 0.0528169014084507 
0 0.2946742957746479 0.5639671361502347 0.07174295774647887 0.03990610328638498 
0 0.28741197183098594 0.5308098591549296 0.061619718309859156 0.02640845070422535 
0 0.2832306338028169 0.47300469483568075 0.07262323943661972 0.022300469483568074 
0 0.2847711267605634 0.4369131455399061 0.07394366197183098 0.04988262910798122 
0 0.6841989436619719 0.5184859154929577 0.08054577464788733 0.03697183098591549 
0 0.20774647887323944 0.44454225352112675 0.07394366197183098 0.061619718309859156 
0 0.44212147887323944 0.4841549295774648 0.08494718309859155 0.035211267605633804 
0 0.6881602112676056 0.5551643192488263 0.07262323943661972 0.03990610328638498 
0 0.07746478873239436 0.647593896713615 0.0880281690140845 0.04284037558685446 
0 0.772887323943662 0.45481220657276994 0.0880281690140845 0.035211267605633804 
0 0.29247359154929575 0.8603286384976526 0.07174295774647887 0.03403755868544601 
0 0.2863116197183099 0.8301056338028169 0.06382042253521127 0.03814553990610329 
0 0.28213028169014087 0.7693661971830986 0.07042253521126761 0.06924882629107981 
0 0.21654929577464788 0.7708333333333334 0.08274647887323944 0.08392018779342723 
0 0.2286531690140845 0.7053990610328639 0.06910211267605634 0.035211267605633804 
0 0.24515845070422534 0.6687206572769953 0.06954225352112677 0.03814553990610329 
0 0.21720950704225353 0.5076291079812206 0.07702464788732394 0.0528169014084507 
0 0.17297535211267606 0.6675469483568075 0.06602112676056338 0.03227699530516432 
0 0.1505281690140845 0.7004107981220657 0.06690140845070422 0.04870892018779343 
0 0.13336267605633803 0.7590962441314554 0.08362676056338028 0.1073943661971831 
0 0.05919894366197183 0.8383215962441315 0.07790492957746478 0.051056338028169015 
0 0.7772887323943662 0.41431924882629106 0.09242957746478873 0.045774647887323945 
0 0.05259683098591549 0.778169014084507 0.08670774647887323 0.051643192488262914 
0 0.9361795774647887 0.5677816901408451 0.06954225352112677 0.04401408450704225 
0 0.9401408450704225 0.528169014084507 0.07482394366197183 0.046948356807511735 
0 0.9445422535211268 0.48620892018779344 0.09242957746478873 0.05457746478873239 
0 0.8503521126760564 0.5443075117370892 0.07130281690140845 0.02640845070422535 
0 0.8474911971830986 0.5134976525821596 0.0682218309859155 0.035211267605633804 
0 0.8477112676056338 0.4847417840375587 0.061619718309859156 0.036384976525821594 
0 0.8532130281690141 0.43984741784037557 0.08582746478873239 0.04401408450704225 
0 0.7722271126760564 0.5669014084507042 0.0761443661971831 0.03990610328638498 
0 0.7684859154929577 0.5434272300469484 0.07482394366197183 0.03403755868544601 
0 0.7711267605633803 0.5140845070422535 0.07394366197183098 0.03051643192488263 
0 0.766725352112676 0.4847417840375587 0.08450704225352113 0.03403755868544601 
0 0.05259683098591549 0.7121478873239436 0.08934859154929578 0.0897887323943662 
0 0.21654929577464788 0.5528169014084507 0.06954225352112677 0.05868544600938967 
0 0.7238116197183099 0.29988262910798125 0.08054577464788733 0.03051643192488263 
0 0.14656690140845072 0.4876760563380282 0.06602112676056338 0.08098591549295775 
0 0.46258802816901406 0.30134976525821594 0.07482394366197183 0.02523474178403756 
0 0.46346830985915494 0.3415492957746479 0.07482394366197183 0.046948356807511735 
0 0.37544014084507044 0.19483568075117372 0.08362676056338028 0.046948356807511735 
0 0.3716989436619718 0.23591549295774647 0.08054577464788733 0.035211267605633804 
0 0.37455985915492956 0.27142018779342725 0.07922535211267606 0.03227699530516432 
0 0.37940140845070425 0.30633802816901406 0.08274647887323944 0.029342723004694836 
0 0.3789612676056338 0.33949530516431925 0.07922535211267606 0.03345070422535211 
0 0.2920334507042254 0.2051056338028169 0.07702464788732394 0.03814553990610329 
0 0.29731514084507044 0.25146713615023475 0.07702464788732394 0.03931924882629108 
0 0.29973591549295775 0.2904929577464789 0.07482394366197183 0.035211267605633804 
0 0.3019366197183099 0.3345070422535211 0.07922535211267606 0.04107981220657277 
0 0.46412852112676056 0.27142018779342725 0.07790492957746478 0.03227699530516432 
0 0.21985035211267606 0.20305164319248825 0.07790492957746478 0.04812206572769953 
0 0.22315140845070422 0.29019953051643194 0.06690140845070422 0.03814553990610329 
0 0.2268926056338028 0.33274647887323944 0.0682218309859155 0.035211267605633804 
0 0.14502640845070422 0.20539906103286384 0.0761443661971831 0.06455399061032864 
0 0.14766725352112675 0.26467136150234744 0.07702464788732394 0.051643192488262914 
0 0.15492957746478872 0.3257042253521127 0.0625 0.0528169014084507 
0 0.02618838028169014 0.2676056338028169 0.04709507042253521 0.06338028169014084 
0 0.022887323943661973 0.323943661971831 0.043133802816901406 0.046948356807511735 
0 0.06690140845070422 0.43838028169014087 0.07394366197183098 0.04107981220657277 
0 0.07460387323943662 0.4788732394366197 0.07174295774647887 0.03051643192488263 
0 0.07460387323943662 0.5155516431924883 0.06470070422535211 0.03697183098591549 
0 0.3694982394366197 0.7658450704225352 0.08054577464788733 0.08215962441314555 
0 0.22029049295774647 0.2505868544600939 0.07262323943661972 0.04107981220657277 
0 0.1505281690140845 0.5516431924882629 0.06954225352112677 0.0528169014084507 
0 0.46192781690140844 0.2353286384976526 0.07790492957746478 0.03403755868544601 
0 0.5492957746478874 0.3371478873239437 0.07922535211267606 0.05575117370892019 
0 0.021346830985915492 0.5645539906103286 0.04181338028169014 0.029342723004694836 
0 0.020026408450704226 0.5355046948356808 0.037411971830985914 0.02640845070422535 
0 0.021346830985915492 0.5023474178403756 0.04181338028169014 0.02464788732394366 
0 0.021346830985915492 0.4706572769953052 0.037411971830985914 0.023474178403755867 
0 0.9678697183098591 0.20158450704225353 0.06426056338028169 0.03931924882629108 
0 0.9672095070422535 0.24237089201877934 0.06558098591549295 0.04225352112676056 
0 0.9667693661971831 0.2755281690140845 0.0664612676056338 0.03814553990610329 
0 0.08164612676056338 0.5601525821596244 0.0682218309859155 0.03814553990610329 
0 0.9678697183098591 0.3130868544600939 0.06426056338028169 0.03345070422535211 
0 0.964568661971831 0.3503521126760563 0.07086267605633803 0.04107981220657277 
0 0.8939260563380281 0.21273474178403756 0.08362676056338028 0.04401408450704225 
0 0.4630281690140845 0.20011737089201878 0.07394366197183098 0.036384976525821594 
0 0.8910651408450704 0.24706572769953053 0.08054577464788733 0.03403755868544601 
0 0.8844630281690141 0.3145539906103286 0.06910211267605634 0.036384976525821594 
0 0.8827024647887324 0.3453638497652582 0.0682218309859155 0.03697183098591549 
0 0.8067781690140845 0.3336267605633803 0.08362676056338028 0.04870892018779343 
0 0.727112676056338 0.21742957746478872 0.08450704225352113 0.04518779342723005 
0 0.7249119718309859 0.26173708920187794 0.08274647887323944 0.03990610328638498 
0 0.7227112676056338 0.3345070422535211 0.07834507042253522 0.04107981220657277 
0 0.6368838028169014 0.28667840375586856 0.0801056338028169 0.056924882629107984 
0 0.6353433098591549 0.3336267605633803 0.07702464788732394 0.03931924882629108 
0 0.5462147887323944 0.22564553990610328 0.07922535211267606 0.04401408450704225 
0 0.8419894366197183 0.042546948356807515 0.04401408450704225 0.020539906103286387 
0 0.5477552816901409 0.30134976525821594 0.07790492957746478 0.03345070422535211 
0 0.8888644366197183 0.2831572769953052 0.08230633802816902 0.03814553990610329 
0 0.3650968309859155 0.8265845070422535 0.08230633802816902 0.04518779342723005 
0 0.5488556338028169 0.2661384976525822 0.0801056338028169 0.03697183098591549 
0 0.4586267605633803 0.789906103286385 0.07834507042253522 0.09507042253521127 
0 0.523987676056338 0.09242957746478873 0.05941901408450704 0.03814553990610329 
0 0.5231073943661971 0.05134976525821596 0.07262323943661972 0.03814553990610329 
0 0.5169454225352113 0.01965962441314554 0.06910211267605634 0.027582159624413145 
0 0.45422535211267606 0.09536384976525822 0.06073943661971831 0.03814553990610329 
0 0.4548855633802817 0.05046948356807512 0.05941901408450704 0.03990610328638498 
0 0.45026408450704225 0.023474178403755867 0.06602112676056338 0.035211267605633804 
0 0.39370598591549294 0.07247652582159625 0.06294014084507042 0.06279342723004695 
0 0.39150528169014087 0.031396713615023476 0.058538732394366196 0.04870892018779343 
0 0.33252640845070425 0.036384976525821594 0.06382042253521127 0.04107981220657277 
0 0.33252640845070425 0.08215962441314555 0.06382042253521127 0.0528169014084507 
0 0.27442781690140844 0.09008215962441314 0.05941901408450704 0.04518779342723005 
0 0.2711267605633803 0.03726525821596244 0.0528169014084507 0.06044600938967136 
0 0.19388204225352113 0.02699530516431925 0.07262323943661972 0.036384976525821594 
0 0.5851672535211268 0.018192488262910797 0.05413732394366197 0.028169014084507043 
0 0.19828345070422534 0.08832159624413145 0.07702464788732394 0.06631455399061033 
0 0.03939260563380282 0.09595070422535211 0.0761443661971831 0.06044600938967136 
0 0.035651408450704226 0.03374413145539906 0.07042253521126761 0.05575117370892019 
0 0.9652288732394366 0.8688380281690141 0.05369718309859155 0.05457746478873239 
0 0.2167693661971831 0.846244131455399 0.05941901408450704 0.045774647887323945 
0 0.1267605633802817 0.8474178403755869 0.05721830985915493 0.04460093896713615 
0 0.8941461267605634 0.8720657276995305 0.06029929577464789 0.046948356807511735 
0 0.3716989436619718 0.8603286384976526 0.08054577464788733 0.03051643192488263 
0 0.956205985915493 0.44014084507042256 0.06558098591549295 0.03990610328638498 
0 0.08560739436619719 0.318075117370892 0.08054577464788733 0.062206572769953054 
0 0.11795774647887323 0.09125586854460094 0.08362676056338028 0.06044600938967136 
0 0.8206426056338029 0.08245305164319248 0.0664612676056338 0.06396713615023474 
0 0.8890845070422535 0.07775821596244131 0.05897887323943662 0.056924882629107984 
0 0.9014084507042254 0.03051643192488263 0.06602112676056338 0.0528169014084507 
0 0.11421654929577464 0.028169014084507043 0.08934859154929578 0.05516431924882629 
0 0.5862676056338029 0.05575117370892019 0.05193661971830986 0.04107981220657277 
0 0.8488116197183099 0.573943661971831 0.07174295774647887 0.02464788732394366 
0 0.7018045774647887 0.06044600938967136 0.12455985915492958 0.11971830985915492 
0 0.5873679577464789 0.0988849765258216 0.06294014084507042 0.03931924882629108 
0 0.4579665492957746 0.8559272300469484 0.07702464788732394 0.04518779342723005 
0 0.46192781690140844 0.6643192488262911 0.07350352112676056 0.07042253521126761 
0 0.4652288732394366 0.7209507042253521 0.06073943661971831 0.03345070422535211 
0 0.38776408450704225 0.6622652582159625 0.07922535211267606 0.03345070422535211 
0 0.386443661971831 0.7053990610328639 0.07922535211267606 0.0528169014084507 
0 0.31932218309859156 0.6599178403755869 0.07262323943661972 0.05575117370892019 
0 0.3023767605633803 0.7077464788732394 0.07570422535211267 0.04812206572769953 
0 0.551056338028169 0.6813380281690141 0.06954225352112677 0.045774647887323945 
0 0.5587588028169014 0.7538145539906104 0.07790492957746478 0.09683098591549295 
0 0.5554577464788732 0.8171948356807511 0.07130281690140845 0.04988262910798122 
0 0.5554577464788732 0.8559272300469484 0.07394366197183098 0.04518779342723005 
0 0.6199383802816901 0.6754694835680751 0.04181338028169014 0.03403755868544601 
0 0.6269806338028169 0.7092136150234741 0.04973591549295775 0.03345070422535211 
0 0.628080985915493 0.7860915492957746 0.056338028169014086 0.11443661971830986 
0 0.825044014084507 0.024061032863849766 0.0761443661971831 0.045774647887323945 
0 0.695862676056338 0.8626760563380281 0.05721830985915493 0.07042253521126761 
0 0.6313820422535211 0.8697183098591549 0.05149647887323944 0.0528169014084507 
0 0.967649647887324 0.7863849765258216 0.05941901408450704 0.09389671361502347 
0 0.9421214788732394 0.7150821596244131 0.06382042253521127 0.051056338028169015 
0 0.8734595070422535 0.6916079812206573 0.06029929577464789 0.07453051643192488 
0 0.8091989436619719 0.6789906103286385 0.05501760563380282 0.04107981220657277 
0 0.8265845070422535 0.7394366197183099 0.05721830985915493 0.0880281690140845 
0 0.8998679577464789 0.789906103286385 0.06734154929577464 0.09272300469483569 
0 0.766725352112676 0.8559272300469484 0.05369718309859155 0.056924882629107984 
0 0.7660651408450704 0.7805164319248826 0.0682218309859155 0.0880281690140845 
0 0.7638644366197183 0.7092136150234741 0.05941901408450704 0.051056338028169015 
0 0.6780369718309859 0.6798708920187794 0.05501760563380282 0.03697183098591549 
0 0.6857394366197183 0.7209507042253521 0.04841549295774648 0.04284037558685446 
0 0.6974031690140845 0.7831572769953051 0.05149647887323944 0.09096244131455399 
0 0.8305457746478874 0.8383215962441315 0.06073943661971831 0.0897887323943662 
