0 0.7165492957746479 0.9730046948356808 0.06338028169014084 0.0539906103286385 
0 0.9190140845070423 0.9615610328638498 0.04929577464788732 0.0886150234741784 
0 0.33912852112676056 0.46625586854460094 0.10783450704225352 0.0733568075117371 
0 0.4467429577464789 0.23034037558685447 0.07130281690140845 0.13204225352112675 
0 0.512544014084507 0.24031690140845072 0.04709507042253521 0.10269953051643192 
0 0.6672535211267606 0.26555164319248825 0.0897887323943662 0.04988262910798122 
0 0.47007042253521125 0.38116197183098594 0.0880281690140845 0.0733568075117371 
0 0.5488556338028169 0.9636150234741784 0.058098591549295774 0.07276995305164319 
0 0.8576144366197183 0.9627347417840375 0.0664612676056338 0.07453051643192488 
0 0.21985035211267606 0.9642018779342723 0.10695422535211267 0.0715962441314554 
0 0.785431338028169 0.8086854460093896 0.04621478873239437 0.12910798122065728 
0 0.42055457746478875 0.9636150234741784 0.05237676056338028 0.06690140845070422 
0 0.23745598591549297 0.3755868544600939 0.12015845070422536 0.07042253521126761 
0 0.3591549295774648 0.37764084507042256 0.0880281690140845 0.06631455399061033 
0 0.4425616197183099 0.6270539906103286 0.06294014084507042 0.10974178403755869 
0 0.7924735915492958 0.9694835680751174 0.06558098591549295 0.06103286384976526 
0 0.6245598591549296 0.45422535211267606 0.1073943661971831 0.07276995305164319 
0 0.5746038732394366 0.24295774647887325 0.06558098591549295 0.0903755868544601 
0 0.38380281690140844 0.5988849765258216 0.05017605633802817 0.08274647887323944 
0 0.4225352112676056 0.7992957746478874 0.06426056338028169 0.11619718309859155 
0 0.8347271126760564 0.25821596244131456 0.13512323943661972 0.07863849765258216 
0 0.5061619718309859 0.7998826291079812 0.07042253521126761 0.1267605633802817 
0 0.7249119718309859 0.8119131455399061 0.05457746478873239 0.11678403755868545 
0 0.16879401408450703 0.6112089201877934 0.06029929577464789 0.09330985915492958 
0 0.31338028169014087 0.6112089201877934 0.06602112676056338 0.09213615023474178 
0 0.8054577464788732 0.6188380281690141 0.04665492957746479 0.08626760563380281 
0 0.84375 0.7995892018779343 0.04753521126760563 0.11091549295774648 
0 0.238556338028169 0.6109154929577465 0.04841549295774648 0.09507042253521127 
0 0.2013644366197183 0.8104460093896714 0.09815140845070422 0.10093896713615023 
0 0.7365757042253521 0.6205985915492958 0.05677816901408451 0.09917840375586855 
0 0.24097711267605634 0.2112676056338028 0.14920774647887325 0.1396713615023474 
0 0.7255721830985915 0.4562793427230047 0.05501760563380282 0.08744131455399061 
0 0.6430457746478874 0.6329225352112676 0.07834507042253522 0.09917840375586855 
0 0.2106073943661972 0.4621478873239437 0.09903169014084508 0.08744131455399061 
0 0.4826144366197183 0.4665492957746479 0.10519366197183098 0.08215962441314555 
0 0.3380281690140845 0.8116197183098591 0.08362676056338028 0.11267605633802817 
0 0.7165492957746479 0.9730046948356808 0.06338028169014084 0.0539906103286385 
0 0.9190140845070423 0.9615610328638498 0.04929577464788732 0.0886150234741784 
0 0.33912852112676056 0.46625586854460094 0.10783450704225352 0.0733568075117371 
0 0.4467429577464789 0.23034037558685447 0.07130281690140845 0.13204225352112675 
0 0.512544014084507 0.24031690140845072 0.04709507042253521 0.10269953051643192 
0 0.6672535211267606 0.26555164319248825 0.0897887323943662 0.04988262910798122 
0 0.47007042253521125 0.38116197183098594 0.0880281690140845 0.0733568075117371 
0 0.5488556338028169 0.9636150234741784 0.058098591549295774 0.07276995305164319 
0 0.8576144366197183 0.9627347417840375 0.0664612676056338 0.07453051643192488 
0 0.21985035211267606 0.9642018779342723 0.10695422535211267 0.0715962441314554 
0 0.785431338028169 0.8086854460093896 0.04621478873239437 0.12910798122065728 
0 0.42055457746478875 0.9636150234741784 0.05237676056338028 0.06690140845070422 
0 0.23745598591549297 0.3755868544600939 0.12015845070422536 0.07042253521126761 
0 0.3591549295774648 0.37764084507042256 0.0880281690140845 0.06631455399061033 
0 0.4425616197183099 0.6270539906103286 0.06294014084507042 0.10974178403755869 
0 0.7924735915492958 0.9694835680751174 0.06558098591549295 0.06103286384976526 
0 0.6245598591549296 0.45422535211267606 0.1073943661971831 0.07276995305164319 
0 0.5746038732394366 0.24295774647887325 0.06558098591549295 0.0903755868544601 
0 0.38380281690140844 0.5988849765258216 0.05017605633802817 0.08274647887323944 
0 0.4225352112676056 0.7992957746478874 0.06426056338028169 0.11619718309859155 
0 0.8347271126760564 0.25821596244131456 0.13512323943661972 0.07863849765258216 
0 0.5061619718309859 0.7998826291079812 0.07042253521126761 0.1267605633802817 
0 0.7249119718309859 0.8119131455399061 0.05457746478873239 0.11678403755868545 
0 0.16879401408450703 0.6112089201877934 0.06029929577464789 0.09330985915492958 
0 0.31338028169014087 0.6112089201877934 0.06602112676056338 0.09213615023474178 
0 0.8054577464788732 0.6188380281690141 0.04665492957746479 0.08626760563380281 
0 0.84375 0.7995892018779343 0.04753521126760563 0.11091549295774648 
0 0.238556338028169 0.6109154929577465 0.04841549295774648 0.09507042253521127 
0 0.2013644366197183 0.8104460093896714 0.09815140845070422 0.10093896713615023 
0 0.7365757042253521 0.6205985915492958 0.05677816901408451 0.09917840375586855 
0 0.24097711267605634 0.2112676056338028 0.14920774647887325 0.1396713615023474 
0 0.7255721830985915 0.4562793427230047 0.05501760563380282 0.08744131455399061 
0 0.6430457746478874 0.6329225352112676 0.07834507042253522 0.09917840375586855 
0 0.2106073943661972 0.4621478873239437 0.09903169014084508 0.08744131455399061 
0 0.4826144366197183 0.4665492957746479 0.10519366197183098 0.08215962441314555 
0 0.3380281690140845 0.8116197183098591 0.08362676056338028 0.11267605633802817 
0 0.7165492957746479 0.9730046948356808 0.06338028169014084 0.0539906103286385 
0 0.9190140845070423 0.9615610328638498 0.04929577464788732 0.0886150234741784 
0 0.33912852112676056 0.46625586854460094 0.10783450704225352 0.0733568075117371 
0 0.4467429577464789 0.23034037558685447 0.07130281690140845 0.13204225352112675 
0 0.512544014084507 0.24031690140845072 0.04709507042253521 0.10269953051643192 
0 0.6672535211267606 0.26555164319248825 0.0897887323943662 0.04988262910798122 
0 0.47007042253521125 0.38116197183098594 0.0880281690140845 0.0733568075117371 
0 0.5488556338028169 0.9636150234741784 0.058098591549295774 0.07276995305164319 
0 0.8576144366197183 0.9627347417840375 0.0664612676056338 0.07453051643192488 
0 0.21985035211267606 0.9642018779342723 0.10695422535211267 0.0715962441314554 
0 0.785431338028169 0.8086854460093896 0.04621478873239437 0.12910798122065728 
0 0.42055457746478875 0.9636150234741784 0.05237676056338028 0.06690140845070422 
0 0.23745598591549297 0.3755868544600939 0.12015845070422536 0.07042253521126761 
0 0.3591549295774648 0.37764084507042256 0.0880281690140845 0.06631455399061033 
0 0.4425616197183099 0.6270539906103286 0.06294014084507042 0.10974178403755869 
0 0.7924735915492958 0.9694835680751174 0.06558098591549295 0.06103286384976526 
0 0.6245598591549296 0.45422535211267606 0.1073943661971831 0.07276995305164319 
0 0.5746038732394366 0.24295774647887325 0.06558098591549295 0.0903755868544601 
0 0.38380281690140844 0.5988849765258216 0.05017605633802817 0.08274647887323944 
0 0.4225352112676056 0.7992957746478874 0.06426056338028169 0.11619718309859155 
0 0.8347271126760564 0.25821596244131456 0.13512323943661972 0.07863849765258216 
0 0.5061619718309859 0.7998826291079812 0.07042253521126761 0.1267605633802817 
0 0.7249119718309859 0.8119131455399061 0.05457746478873239 0.11678403755868545 
0 0.16879401408450703 0.6112089201877934 0.06029929577464789 0.09330985915492958 
0 0.31338028169014087 0.6112089201877934 0.06602112676056338 0.09213615023474178 
0 0.8054577464788732 0.6188380281690141 0.04665492957746479 0.08626760563380281 
0 0.84375 0.7995892018779343 0.04753521126760563 0.11091549295774648 
0 0.238556338028169 0.6109154929577465 0.04841549295774648 0.09507042253521127 
0 0.2013644366197183 0.8104460093896714 0.09815140845070422 0.10093896713615023 
0 0.7365757042253521 0.6205985915492958 0.05677816901408451 0.09917840375586855 
0 0.24097711267605634 0.2112676056338028 0.14920774647887325 0.1396713615023474 
0 0.7255721830985915 0.4562793427230047 0.05501760563380282 0.08744131455399061 
0 0.6430457746478874 0.6329225352112676 0.07834507042253522 0.09917840375586855 
0 0.2106073943661972 0.4621478873239437 0.09903169014084508 0.08744131455399061 
0 0.4826144366197183 0.4665492957746479 0.10519366197183098 0.08215962441314555 
0 0.3380281690140845 0.8116197183098591 0.08362676056338028 0.11267605633802817 
