0 0.06580105633802817 0.43339201877934275 0.07174295774647887 0.06279342723004695 
0 0.11421654929577464 0.19131455399061034 0.05413732394366197 0.03990610328638498 
0 0.9337588028169014 0.9647887323943662 0.061179577464788734 0.04342723004694836 
0 0.03939260563380282 0.19072769953051644 0.06734154929577464 0.03755868544600939 
0 0.04225352112676056 0.2420774647887324 0.06602112676056338 0.03814553990610329 
0 0.11861795774647887 0.24354460093896713 0.05149647887323944 0.04107981220657277 
0 0.26826584507042256 0.18485915492957747 0.06029929577464789 0.05516431924882629 
0 0.19190140845070422 0.25088028169014087 0.05721830985915493 0.03814553990610329 
0 0.2649647887323944 0.24794600938967137 0.056338028169014086 0.04401408450704225 
0 0.4161531690140845 0.18632629107981222 0.0682218309859155 0.05575117370892019 
0 0.06800176056338028 0.488556338028169 0.07350352112676056 0.04401408450704225 
0 0.4597271126760563 0.4187206572769953 0.04709507042253521 0.02523474178403756 
0 0.2224911971830986 0.4788732394366197 0.0682218309859155 0.0539906103286385 
0 0.21963028169014084 0.42194835680751175 0.06602112676056338 0.057511737089201875 
0 0.22359154929577466 0.5484154929577465 0.07482394366197183 0.04988262910798122 
0 0.5235475352112676 0.4926643192488263 0.042693661971830985 0.02640845070422535 
0 0.5858274647887324 0.43045774647887325 0.04401408450704225 0.03697183098591549 
0 0.2920334507042254 0.5149647887323944 0.04621478873239437 0.03814553990610329 
0 0.4047095070422535 0.46273474178403756 0.05149647887323944 0.03697183098591549 
0 0.40360915492957744 0.41960093896713613 0.043133802816901406 0.04107981220657277 
0 0.288512323943662 0.47007042253521125 0.04181338028169014 0.03403755868544601 
0 0.9346390845070423 0.8782276995305164 0.06910211267605634 0.04401408450704225 
0 0.3459507042253521 0.4647887323943662 0.04841549295774648 0.035211267605633804 
0 0.14942781690140844 0.49002347417840375 0.06470070422535211 0.0528169014084507 
0 0.3648767605633803 0.9307511737089202 0.0625 0.046948356807511735 
0 0.3455105633802817 0.4119718309859155 0.05193661971830986 0.05516431924882629 
0 0.5217869718309859 0.8890845070422535 0.06470070422535211 0.022300469483568074 
0 0.5409330985915493 0.20129107981220656 0.04753521126760563 0.036384976525821594 
0 0.2918133802816901 0.42458920187793425 0.04841549295774648 0.04284037558685446 
0 0.672975352112676 0.1857394366197183 0.05017605633802817 0.041666666666666664 
0 0.6113556338028169 0.20715962441314553 0.05457746478873239 0.022300469483568074 
0 0.14722711267605634 0.4242957746478873 0.06205985915492958 0.056338028169014086 
0 0.18970070422535212 0.1880868544600939 0.06602112676056338 0.06631455399061033 
0 0.5242077464788732 0.5258215962441315 0.04401408450704225 0.022300469483568074 
0 0.14744718309859156 0.5498826291079812 0.05985915492957746 0.05046948356807512 
0 0.40250880281690143 0.5076291079812206 0.04709507042253521 0.02699530516431925 
0 0.3435299295774648 0.5038145539906104 0.0488556338028169 0.03697183098591549 
0 0.8415492957746479 0.19688967136150234 0.0625 0.03814553990610329 
0 0.460387323943662 0.4647887323943662 0.05193661971830986 0.05516431924882629 
0 0.48063380281690143 0.24266431924882628 0.040492957746478875 0.027582159624413145 
0 0.06932218309859155 0.5495892018779343 0.05765845070422535 0.04870892018779343 
0 0.8646566901408451 0.48210093896713613 0.061179577464788734 0.04870892018779343 
0 0.414612676056338 0.24442488262910797 0.05985915492957746 0.04636150234741784 
0 0.5222271126760564 0.41901408450704225 0.050616197183098594 0.02112676056338028 
0 0.29005281690140844 0.5601525821596244 0.043133802816901406 0.03814553990610329 
0 0.3459507042253521 0.30721830985915494 0.06426056338028169 0.04988262910798122 
0 0.8657570422535211 0.431924882629108 0.0625 0.05046948356807512 
0 0.7889524647887324 0.4386737089201878 0.06029929577464789 0.051056338028169015 
0 0.17077464788732394 0.7834507042253521 0.05897887323943662 0.04460093896713615 
0 0.7858714788732394 0.7822769953051644 0.061179577464788734 0.04812206572769953 
0 0.546875 0.7972417840375586 0.06910211267605634 0.01936619718309859 
0 0.5191461267605634 0.5595657276995305 0.04973591549295775 0.031103286384976527 
0 0.43882042253521125 0.8843896713615024 0.06514084507042253 0.029342723004694836 
0 0.5807658450704225 0.5017605633802817 0.0409330985915493 0.029342723004694836 
0 0.9157130281690141 0.22975352112676056 0.07262323943661972 0.06866197183098592 
0 0.47975352112676056 0.19160798122065728 0.04841549295774648 0.05457746478873239 
0 0.48547535211267606 0.28374413145539906 0.04841549295774648 0.03345070422535211 
0 0.48481514084507044 0.3265845070422535 0.050616197183098594 0.02640845070422535 
0 0.5453345070422535 0.32188967136150237 0.04841549295774648 0.03345070422535211 
0 0.5424735915492958 0.2438380281690141 0.06029929577464789 0.031103286384976527 
0 0.5448943661971831 0.2822769953051643 0.05721830985915493 0.045774647887323945 
0 0.4117517605633803 0.3086854460093897 0.05941901408450704 0.051643192488262914 
0 0.2671654929577465 0.3125 0.05369718309859155 0.05575117370892019 
0 0.18860035211267606 0.3160211267605634 0.06382042253521127 0.06279342723004695 
0 0.04995598591549296 0.289612676056338 0.07262323943661972 0.03697183098591549 
0 0.053257042253521125 0.3336267605633803 0.061619718309859156 0.04518779342723005 
0 0.11971830985915492 0.3315727699530516 0.04753521126760563 0.035211267605633804 
0 0.1212588028169014 0.28726525821596244 0.04621478873239437 0.03227699530516432 
0 0.6098151408450704 0.3227699530516432 0.04181338028169014 0.029342723004694836 
0 0.6131161971830986 0.23826291079812206 0.0528169014084507 0.03051643192488263 
0 0.6144366197183099 0.2778755868544601 0.04401408450704225 0.04284037558685446 
0 0.6269806338028169 0.795774647887324 0.06734154929577464 0.02464788732394366 
0 0.5411531690140845 0.7268192488262911 0.06470070422535211 0.02523474178403756 
0 0.5488556338028169 0.7590962441314554 0.06954225352112677 0.027582159624413145 
0 0.15625 0.9876760563380281 0.05457746478873239 0.02464788732394366 
0 0.21985035211267606 0.9821009389671361 0.06029929577464789 0.02171361502347418 
0 0.5279489436619719 0.9624413145539906 0.06029929577464789 0.017605633802816902 
0 0.8422095070422535 0.3230633802816901 0.06382042253521127 0.02640845070422535 
0 0.6023327464788732 0.9630281690140845 0.0682218309859155 0.03403755868544601 
0 0.84375 0.278462441314554 0.06514084507042253 0.03227699530516432 
0 0.7462588028169014 0.3268779342723005 0.07702464788732394 0.029342723004694836 
0 0.07790492957746478 0.9196009389671361 0.05369718309859155 0.029342723004694836 
0 0.21434859154929578 0.937793427230047 0.05193661971830986 0.04225352112676056 
0 0.2847711267605634 0.9181338028169014 0.06690140845070422 0.020539906103286387 
0 0.08230633802816902 0.9580399061032864 0.06690140845070422 0.02640845070422535 
0 0.43882042253521125 0.9278169014084507 0.06514084507042253 0.03403755868544601 
0 0.6027728873239436 0.8882042253521126 0.06294014084507042 0.04284037558685446 
0 0.5246478873239436 0.9234154929577465 0.06514084507042253 0.03931924882629108 
0 0.6049735915492958 0.9292840375586855 0.055897887323943664 0.02523474178403756 
0 0.686399647887324 0.9272300469483568 0.058538732394366196 0.029342723004694836 
0 0.7629841549295775 0.858274647887324 0.06382042253521127 0.03814553990610329 
0 0.764524647887324 0.8955399061032864 0.06954225352112677 0.01643192488262911 
0 0.7601232394366197 0.9240023474178404 0.058098591549295774 0.020539906103286387 
0 0.7634242957746479 0.9556924882629108 0.06734154929577464 0.02171361502347418 
0 0.8503521126760564 0.8852699530516432 0.07130281690140845 0.031103286384976527 
0 0.2935739436619718 0.9776995305164319 0.06954225352112677 0.03051643192488263 
0 0.3683978873239437 0.9668427230046949 0.0625 0.020539906103286387 
0 0.4410211267605634 0.9674295774647887 0.043133802816901406 0.027582159624413145 
0 0.676056338028169 0.23503521126760563 0.035211267605633804 0.03697183098591549 
0 0.6727552816901409 0.2734741784037559 0.04621478873239437 0.04225352112676056 
0 0.6709947183098591 0.3210093896713615 0.0409330985915493 0.04107981220657277 
0 0.7480193661971831 0.18838028169014084 0.06910211267605634 0.036384976525821594 
0 0.7502200704225352 0.2318075117370892 0.06910211267605634 0.029342723004694836 
0 0.7491197183098591 0.27992957746478875 0.07130281690140845 0.04107981220657277 
0 0.8435299295774648 0.2312206572769953 0.058538732394366196 0.03990610328638498 
0 0.5829665492957746 0.4677230046948357 0.03653169014084507 0.023474178403755867 
0 0.6797975352112676 0.9668427230046949 0.06029929577464789 0.02640845070422535 
0 0.9438820422535211 0.9242957746478874 0.07174295774647887 0.023474178403755867 
0 0.3827024647887324 0.6954225352112676 0.05413732394366197 0.029342723004694836 
0 0.383362676056338 0.6569835680751174 0.061619718309859156 0.04401408450704225 
0 0.31139964788732394 0.7846244131455399 0.05149647887323944 0.04107981220657277 
0 0.3074383802816901 0.7414906103286385 0.05941901408450704 0.03697183098591549 
0 0.3061179577464789 0.7018779342723005 0.050616197183098594 0.036384976525821594 
0 0.30303697183098594 0.6610915492957746 0.04621478873239437 0.03814553990610329 
0 0.23899647887323944 0.7796361502347418 0.06602112676056338 0.03345070422535211 
0 0.23459507042253522 0.7458920187793427 0.04401408450704225 0.03051643192488263 
0 0.23283450704225353 0.7024647887323944 0.05369718309859155 0.035211267605633804 
0 0.238556338028169 0.6616784037558685 0.05193661971830986 0.03814553990610329 
0 0.09330985915492958 0.76731220657277 0.043133802816901406 0.04988262910798122 
0 0.03169014084507042 0.778169014084507 0.0625 0.045774647887323945 
0 0.030589788732394367 0.7071596244131455 0.05149647887323944 0.0528169014084507 
0 0.1637323943661972 0.653462441314554 0.07834507042253522 0.05457746478873239 
0 0.9654489436619719 0.5531103286384976 0.0682218309859155 0.05575117370892019 
0 0.9632482394366197 0.4935446009389671 0.06382042253521127 0.045774647887323945 
0 0.967649647887324 0.43779342723004694 0.05501760563380282 0.051643192488262914 
0 0.3457306338028169 0.5536971830985915 0.04621478873239437 0.03697183098591549 
0 0.40514964788732394 0.5545774647887324 0.04621478873239437 0.04107981220657277 
0 0.46192781690140844 0.5272887323943662 0.04709507042253521 0.02523474178403756 
0 0.46346830985915494 0.5648474178403756 0.05721830985915493 0.03814553990610329 
0 0.5878080985915493 0.5771713615023474 0.05501760563380282 0.027582159624413145 
0 0.5805457746478874 0.5393192488262911 0.04753521126760563 0.02464788732394366 
0 0.38116197183098594 0.7247652582159625 0.07042253521126761 0.023474178403755867 
0 0.8459507042253521 0.9178403755868545 0.06954225352112677 0.017605633802816902 
0 0.37940140845070425 0.7541079812206573 0.058098591549295774 0.023474178403755867 
0 0.46016725352112675 0.658744131455399 0.06382042253521127 0.02640845070422535 
0 0.8496919014084507 0.9586267605633803 0.07262323943661972 0.027582159624413145 
0 0.761443661971831 0.9856220657276995 0.06778169014084508 0.028755868544600938 
0 0.7931338028169014 0.551349765258216 0.07130281690140845 0.05575117370892019 
0 0.7935739436619719 0.4914906103286385 0.0528169014084507 0.04988262910798122 
0 0.6908010563380281 0.4903169014084507 0.07702464788732394 0.14847417840375587 
0 0.3617957746478873 0.8843896713615024 0.06514084507042253 0.029342723004694836 
0 0.28587147887323944 0.8755868544600939 0.06029929577464789 0.029342723004694836 
0 0.1500880281690141 0.9351525821596244 0.0528169014084507 0.05457746478873239 
0 0.21170774647887325 0.8817488262910798 0.05721830985915493 0.061619718309859156 
0 0.07834507042253522 0.8714788732394366 0.07482394366197183 0.04107981220657277 
0 0.706205985915493 0.7731807511737089 0.055897887323943664 0.03227699530516432 
0 0.9377200704225352 0.6945422535211268 0.06382042253521127 0.03697183098591549 
0 0.9414612676056338 0.7479460093896714 0.06514084507042253 0.03814553990610329 
0 0.9377200704225352 0.7878521126760564 0.06382042253521127 0.03227699530516432 
0 0.862455985915493 0.7913732394366197 0.05149647887323944 0.027582159624413145 
0 0.8613556338028169 0.7253521126760564 0.06954225352112677 0.02464788732394366 
0 0.8650968309859155 0.6725352112676056 0.0682218309859155 0.028169014084507043 
0 0.7077464788732394 0.6786971830985915 0.07922535211267606 0.027582159624413145 
0 0.6302816901408451 0.7438380281690141 0.06514084507042253 0.04401408450704225 
0 0.5488556338028169 0.687206572769953 0.0801056338028169 0.022300469483568074 
0 0.4722711267605634 0.7596830985915493 0.06602112676056338 0.02640845070422535 
0 0.4636883802816901 0.7297535211267606 0.061179577464788734 0.01936619718309859 
0 0.4680897887323944 0.6960093896713615 0.07262323943661972 0.022300469483568074 
0 0.3849031690140845 0.7937206572769953 0.06029929577464789 0.03814553990610329 
0 0.8646566901408451 0.5586854460093896 0.053257042253521125 0.056338028169014086 
0 0.5257482394366197 0.4592136150234742 0.042693661971830985 0.03227699530516432 
0 0.06580105633802817 0.43339201877934275 0.07174295774647887 0.06279342723004695 
0 0.11421654929577464 0.19131455399061034 0.05413732394366197 0.03990610328638498 
0 0.9337588028169014 0.9647887323943662 0.061179577464788734 0.04342723004694836 
0 0.03939260563380282 0.19072769953051644 0.06734154929577464 0.03755868544600939 
0 0.04225352112676056 0.2420774647887324 0.06602112676056338 0.03814553990610329 
0 0.11861795774647887 0.24354460093896713 0.05149647887323944 0.04107981220657277 
0 0.26826584507042256 0.18485915492957747 0.06029929577464789 0.05516431924882629 
0 0.19190140845070422 0.25088028169014087 0.05721830985915493 0.03814553990610329 
0 0.2649647887323944 0.24794600938967137 0.056338028169014086 0.04401408450704225 
0 0.4161531690140845 0.18632629107981222 0.0682218309859155 0.05575117370892019 
0 0.06800176056338028 0.488556338028169 0.07350352112676056 0.04401408450704225 
0 0.4597271126760563 0.4187206572769953 0.04709507042253521 0.02523474178403756 
0 0.2224911971830986 0.4788732394366197 0.0682218309859155 0.0539906103286385 
0 0.21963028169014084 0.42194835680751175 0.06602112676056338 0.057511737089201875 
0 0.22359154929577466 0.5484154929577465 0.07482394366197183 0.04988262910798122 
0 0.5235475352112676 0.4926643192488263 0.042693661971830985 0.02640845070422535 
0 0.5858274647887324 0.43045774647887325 0.04401408450704225 0.03697183098591549 
0 0.2920334507042254 0.5149647887323944 0.04621478873239437 0.03814553990610329 
0 0.4047095070422535 0.46273474178403756 0.05149647887323944 0.03697183098591549 
0 0.40360915492957744 0.41960093896713613 0.043133802816901406 0.04107981220657277 
0 0.288512323943662 0.47007042253521125 0.04181338028169014 0.03403755868544601 
0 0.9346390845070423 0.8782276995305164 0.06910211267605634 0.04401408450704225 
0 0.3459507042253521 0.4647887323943662 0.04841549295774648 0.035211267605633804 
0 0.14942781690140844 0.49002347417840375 0.06470070422535211 0.0528169014084507 
0 0.3648767605633803 0.9307511737089202 0.0625 0.046948356807511735 
0 0.3455105633802817 0.4119718309859155 0.05193661971830986 0.05516431924882629 
0 0.5217869718309859 0.8890845070422535 0.06470070422535211 0.022300469483568074 
0 0.5409330985915493 0.20129107981220656 0.04753521126760563 0.036384976525821594 
0 0.2918133802816901 0.42458920187793425 0.04841549295774648 0.04284037558685446 
0 0.672975352112676 0.1857394366197183 0.05017605633802817 0.041666666666666664 
0 0.6113556338028169 0.20715962441314553 0.05457746478873239 0.022300469483568074 
0 0.14722711267605634 0.4242957746478873 0.06205985915492958 0.056338028169014086 
0 0.18970070422535212 0.1880868544600939 0.06602112676056338 0.06631455399061033 
0 0.5242077464788732 0.5258215962441315 0.04401408450704225 0.022300469483568074 
0 0.14744718309859156 0.5498826291079812 0.05985915492957746 0.05046948356807512 
0 0.40250880281690143 0.5076291079812206 0.04709507042253521 0.02699530516431925 
0 0.3435299295774648 0.5038145539906104 0.0488556338028169 0.03697183098591549 
0 0.8415492957746479 0.19688967136150234 0.0625 0.03814553990610329 
0 0.460387323943662 0.4647887323943662 0.05193661971830986 0.05516431924882629 
0 0.48063380281690143 0.24266431924882628 0.040492957746478875 0.027582159624413145 
0 0.06932218309859155 0.5495892018779343 0.05765845070422535 0.04870892018779343 
0 0.8646566901408451 0.48210093896713613 0.061179577464788734 0.04870892018779343 
0 0.414612676056338 0.24442488262910797 0.05985915492957746 0.04636150234741784 
0 0.5222271126760564 0.41901408450704225 0.050616197183098594 0.02112676056338028 
0 0.29005281690140844 0.5601525821596244 0.043133802816901406 0.03814553990610329 
0 0.3459507042253521 0.30721830985915494 0.06426056338028169 0.04988262910798122 
0 0.8657570422535211 0.431924882629108 0.0625 0.05046948356807512 
0 0.7889524647887324 0.4386737089201878 0.06029929577464789 0.051056338028169015 
0 0.17077464788732394 0.7834507042253521 0.05897887323943662 0.04460093896713615 
0 0.7858714788732394 0.7822769953051644 0.061179577464788734 0.04812206572769953 
0 0.546875 0.7972417840375586 0.06910211267605634 0.01936619718309859 
0 0.5191461267605634 0.5595657276995305 0.04973591549295775 0.031103286384976527 
0 0.43882042253521125 0.8843896713615024 0.06514084507042253 0.029342723004694836 
0 0.5807658450704225 0.5017605633802817 0.0409330985915493 0.029342723004694836 
0 0.9157130281690141 0.22975352112676056 0.07262323943661972 0.06866197183098592 
0 0.47975352112676056 0.19160798122065728 0.04841549295774648 0.05457746478873239 
0 0.48547535211267606 0.28374413145539906 0.04841549295774648 0.03345070422535211 
0 0.48481514084507044 0.3265845070422535 0.050616197183098594 0.02640845070422535 
0 0.5453345070422535 0.32188967136150237 0.04841549295774648 0.03345070422535211 
0 0.5424735915492958 0.2438380281690141 0.06029929577464789 0.031103286384976527 
0 0.5448943661971831 0.2822769953051643 0.05721830985915493 0.045774647887323945 
0 0.4117517605633803 0.3086854460093897 0.05941901408450704 0.051643192488262914 
0 0.2671654929577465 0.3125 0.05369718309859155 0.05575117370892019 
0 0.18860035211267606 0.3160211267605634 0.06382042253521127 0.06279342723004695 
0 0.04995598591549296 0.289612676056338 0.07262323943661972 0.03697183098591549 
0 0.053257042253521125 0.3336267605633803 0.061619718309859156 0.04518779342723005 
0 0.11971830985915492 0.3315727699530516 0.04753521126760563 0.035211267605633804 
0 0.1212588028169014 0.28726525821596244 0.04621478873239437 0.03227699530516432 
0 0.6098151408450704 0.3227699530516432 0.04181338028169014 0.029342723004694836 
0 0.6131161971830986 0.23826291079812206 0.0528169014084507 0.03051643192488263 
0 0.6144366197183099 0.2778755868544601 0.04401408450704225 0.04284037558685446 
0 0.6269806338028169 0.795774647887324 0.06734154929577464 0.02464788732394366 
0 0.5411531690140845 0.7268192488262911 0.06470070422535211 0.02523474178403756 
0 0.5488556338028169 0.7590962441314554 0.06954225352112677 0.027582159624413145 
0 0.15625 0.9876760563380281 0.05457746478873239 0.02464788732394366 
0 0.21985035211267606 0.9821009389671361 0.06029929577464789 0.02171361502347418 
0 0.5279489436619719 0.9624413145539906 0.06029929577464789 0.017605633802816902 
0 0.8422095070422535 0.3230633802816901 0.06382042253521127 0.02640845070422535 
0 0.6023327464788732 0.9630281690140845 0.0682218309859155 0.03403755868544601 
0 0.84375 0.278462441314554 0.06514084507042253 0.03227699530516432 
0 0.7462588028169014 0.3268779342723005 0.07702464788732394 0.029342723004694836 
0 0.07790492957746478 0.9196009389671361 0.05369718309859155 0.029342723004694836 
0 0.21434859154929578 0.937793427230047 0.05193661971830986 0.04225352112676056 
0 0.2847711267605634 0.9181338028169014 0.06690140845070422 0.020539906103286387 
0 0.08230633802816902 0.9580399061032864 0.06690140845070422 0.02640845070422535 
0 0.43882042253521125 0.9278169014084507 0.06514084507042253 0.03403755868544601 
0 0.6027728873239436 0.8882042253521126 0.06294014084507042 0.04284037558685446 
0 0.5246478873239436 0.9234154929577465 0.06514084507042253 0.03931924882629108 
0 0.6049735915492958 0.9292840375586855 0.055897887323943664 0.02523474178403756 
0 0.686399647887324 0.9272300469483568 0.058538732394366196 0.029342723004694836 
0 0.7629841549295775 0.858274647887324 0.06382042253521127 0.03814553990610329 
0 0.764524647887324 0.8955399061032864 0.06954225352112677 0.01643192488262911 
0 0.7601232394366197 0.9240023474178404 0.058098591549295774 0.020539906103286387 
0 0.7634242957746479 0.9556924882629108 0.06734154929577464 0.02171361502347418 
0 0.8503521126760564 0.8852699530516432 0.07130281690140845 0.031103286384976527 
0 0.2935739436619718 0.9776995305164319 0.06954225352112677 0.03051643192488263 
0 0.3683978873239437 0.9668427230046949 0.0625 0.020539906103286387 
0 0.4410211267605634 0.9674295774647887 0.043133802816901406 0.027582159624413145 
0 0.676056338028169 0.23503521126760563 0.035211267605633804 0.03697183098591549 
0 0.6727552816901409 0.2734741784037559 0.04621478873239437 0.04225352112676056 
0 0.6709947183098591 0.3210093896713615 0.0409330985915493 0.04107981220657277 
0 0.7480193661971831 0.18838028169014084 0.06910211267605634 0.036384976525821594 
0 0.7502200704225352 0.2318075117370892 0.06910211267605634 0.029342723004694836 
0 0.7491197183098591 0.27992957746478875 0.07130281690140845 0.04107981220657277 
0 0.8435299295774648 0.2312206572769953 0.058538732394366196 0.03990610328638498 
0 0.5829665492957746 0.4677230046948357 0.03653169014084507 0.023474178403755867 
0 0.6797975352112676 0.9668427230046949 0.06029929577464789 0.02640845070422535 
0 0.9438820422535211 0.9242957746478874 0.07174295774647887 0.023474178403755867 
0 0.3827024647887324 0.6954225352112676 0.05413732394366197 0.029342723004694836 
0 0.383362676056338 0.6569835680751174 0.061619718309859156 0.04401408450704225 
0 0.31139964788732394 0.7846244131455399 0.05149647887323944 0.04107981220657277 
0 0.3074383802816901 0.7414906103286385 0.05941901408450704 0.03697183098591549 
0 0.3061179577464789 0.7018779342723005 0.050616197183098594 0.036384976525821594 
0 0.30303697183098594 0.6610915492957746 0.04621478873239437 0.03814553990610329 
0 0.23899647887323944 0.7796361502347418 0.06602112676056338 0.03345070422535211 
0 0.23459507042253522 0.7458920187793427 0.04401408450704225 0.03051643192488263 
0 0.23283450704225353 0.7024647887323944 0.05369718309859155 0.035211267605633804 
0 0.238556338028169 0.6616784037558685 0.05193661971830986 0.03814553990610329 
0 0.09330985915492958 0.76731220657277 0.043133802816901406 0.04988262910798122 
0 0.03169014084507042 0.778169014084507 0.0625 0.045774647887323945 
0 0.030589788732394367 0.7071596244131455 0.05149647887323944 0.0528169014084507 
0 0.1637323943661972 0.653462441314554 0.07834507042253522 0.05457746478873239 
0 0.9654489436619719 0.5531103286384976 0.0682218309859155 0.05575117370892019 
0 0.9632482394366197 0.4935446009389671 0.06382042253521127 0.045774647887323945 
0 0.967649647887324 0.43779342723004694 0.05501760563380282 0.051643192488262914 
0 0.3457306338028169 0.5536971830985915 0.04621478873239437 0.03697183098591549 
0 0.40514964788732394 0.5545774647887324 0.04621478873239437 0.04107981220657277 
0 0.46192781690140844 0.5272887323943662 0.04709507042253521 0.02523474178403756 
0 0.46346830985915494 0.5648474178403756 0.05721830985915493 0.03814553990610329 
0 0.5878080985915493 0.5771713615023474 0.05501760563380282 0.027582159624413145 
0 0.5805457746478874 0.5393192488262911 0.04753521126760563 0.02464788732394366 
0 0.38116197183098594 0.7247652582159625 0.07042253521126761 0.023474178403755867 
0 0.8459507042253521 0.9178403755868545 0.06954225352112677 0.017605633802816902 
0 0.37940140845070425 0.7541079812206573 0.058098591549295774 0.023474178403755867 
0 0.46016725352112675 0.658744131455399 0.06382042253521127 0.02640845070422535 
0 0.8496919014084507 0.9586267605633803 0.07262323943661972 0.027582159624413145 
0 0.761443661971831 0.9856220657276995 0.06778169014084508 0.028755868544600938 
0 0.7931338028169014 0.551349765258216 0.07130281690140845 0.05575117370892019 
0 0.7935739436619719 0.4914906103286385 0.0528169014084507 0.04988262910798122 
0 0.6908010563380281 0.4903169014084507 0.07702464788732394 0.14847417840375587 
0 0.3617957746478873 0.8843896713615024 0.06514084507042253 0.029342723004694836 
0 0.28587147887323944 0.8755868544600939 0.06029929577464789 0.029342723004694836 
0 0.1500880281690141 0.9351525821596244 0.0528169014084507 0.05457746478873239 
0 0.21170774647887325 0.8817488262910798 0.05721830985915493 0.061619718309859156 
0 0.07834507042253522 0.8714788732394366 0.07482394366197183 0.04107981220657277 
0 0.706205985915493 0.7731807511737089 0.055897887323943664 0.03227699530516432 
0 0.9377200704225352 0.6945422535211268 0.06382042253521127 0.03697183098591549 
0 0.9414612676056338 0.7479460093896714 0.06514084507042253 0.03814553990610329 
0 0.9377200704225352 0.7878521126760564 0.06382042253521127 0.03227699530516432 
0 0.862455985915493 0.7913732394366197 0.05149647887323944 0.027582159624413145 
0 0.8613556338028169 0.7253521126760564 0.06954225352112677 0.02464788732394366 
0 0.8650968309859155 0.6725352112676056 0.0682218309859155 0.028169014084507043 
0 0.7077464788732394 0.6786971830985915 0.07922535211267606 0.027582159624413145 
0 0.6302816901408451 0.7438380281690141 0.06514084507042253 0.04401408450704225 
0 0.5488556338028169 0.687206572769953 0.0801056338028169 0.022300469483568074 
0 0.4722711267605634 0.7596830985915493 0.06602112676056338 0.02640845070422535 
0 0.4636883802816901 0.7297535211267606 0.061179577464788734 0.01936619718309859 
0 0.4680897887323944 0.6960093896713615 0.07262323943661972 0.022300469483568074 
0 0.3849031690140845 0.7937206572769953 0.06029929577464789 0.03814553990610329 
0 0.8646566901408451 0.5586854460093896 0.053257042253521125 0.056338028169014086 
0 0.5257482394366197 0.4592136150234742 0.042693661971830985 0.03227699530516432 
0 0.06580105633802817 0.43339201877934275 0.07174295774647887 0.06279342723004695 
0 0.11421654929577464 0.19131455399061034 0.05413732394366197 0.03990610328638498 
0 0.9337588028169014 0.9647887323943662 0.061179577464788734 0.04342723004694836 
0 0.03939260563380282 0.19072769953051644 0.06734154929577464 0.03755868544600939 
0 0.04225352112676056 0.2420774647887324 0.06602112676056338 0.03814553990610329 
0 0.11861795774647887 0.24354460093896713 0.05149647887323944 0.04107981220657277 
0 0.26826584507042256 0.18485915492957747 0.06029929577464789 0.05516431924882629 
0 0.19190140845070422 0.25088028169014087 0.05721830985915493 0.03814553990610329 
0 0.2649647887323944 0.24794600938967137 0.056338028169014086 0.04401408450704225 
0 0.4161531690140845 0.18632629107981222 0.0682218309859155 0.05575117370892019 
0 0.06800176056338028 0.488556338028169 0.07350352112676056 0.04401408450704225 
0 0.4597271126760563 0.4187206572769953 0.04709507042253521 0.02523474178403756 
0 0.2224911971830986 0.4788732394366197 0.0682218309859155 0.0539906103286385 
0 0.21963028169014084 0.42194835680751175 0.06602112676056338 0.057511737089201875 
0 0.22359154929577466 0.5484154929577465 0.07482394366197183 0.04988262910798122 
0 0.5235475352112676 0.4926643192488263 0.042693661971830985 0.02640845070422535 
0 0.5858274647887324 0.43045774647887325 0.04401408450704225 0.03697183098591549 
0 0.2920334507042254 0.5149647887323944 0.04621478873239437 0.03814553990610329 
0 0.4047095070422535 0.46273474178403756 0.05149647887323944 0.03697183098591549 
0 0.40360915492957744 0.41960093896713613 0.043133802816901406 0.04107981220657277 
0 0.288512323943662 0.47007042253521125 0.04181338028169014 0.03403755868544601 
0 0.9346390845070423 0.8782276995305164 0.06910211267605634 0.04401408450704225 
0 0.3459507042253521 0.4647887323943662 0.04841549295774648 0.035211267605633804 
0 0.14942781690140844 0.49002347417840375 0.06470070422535211 0.0528169014084507 
0 0.3648767605633803 0.9307511737089202 0.0625 0.046948356807511735 
0 0.3455105633802817 0.4119718309859155 0.05193661971830986 0.05516431924882629 
0 0.5217869718309859 0.8890845070422535 0.06470070422535211 0.022300469483568074 
0 0.5409330985915493 0.20129107981220656 0.04753521126760563 0.036384976525821594 
0 0.2918133802816901 0.42458920187793425 0.04841549295774648 0.04284037558685446 
0 0.672975352112676 0.1857394366197183 0.05017605633802817 0.041666666666666664 
0 0.6113556338028169 0.20715962441314553 0.05457746478873239 0.022300469483568074 
0 0.14722711267605634 0.4242957746478873 0.06205985915492958 0.056338028169014086 
0 0.18970070422535212 0.1880868544600939 0.06602112676056338 0.06631455399061033 
0 0.5242077464788732 0.5258215962441315 0.04401408450704225 0.022300469483568074 
0 0.14744718309859156 0.5498826291079812 0.05985915492957746 0.05046948356807512 
0 0.40250880281690143 0.5076291079812206 0.04709507042253521 0.02699530516431925 
0 0.3435299295774648 0.5038145539906104 0.0488556338028169 0.03697183098591549 
0 0.8415492957746479 0.19688967136150234 0.0625 0.03814553990610329 
0 0.460387323943662 0.4647887323943662 0.05193661971830986 0.05516431924882629 
0 0.48063380281690143 0.24266431924882628 0.040492957746478875 0.027582159624413145 
0 0.06932218309859155 0.5495892018779343 0.05765845070422535 0.04870892018779343 
0 0.8646566901408451 0.48210093896713613 0.061179577464788734 0.04870892018779343 
0 0.414612676056338 0.24442488262910797 0.05985915492957746 0.04636150234741784 
0 0.5222271126760564 0.41901408450704225 0.050616197183098594 0.02112676056338028 
0 0.29005281690140844 0.5601525821596244 0.043133802816901406 0.03814553990610329 
0 0.3459507042253521 0.30721830985915494 0.06426056338028169 0.04988262910798122 
0 0.8657570422535211 0.431924882629108 0.0625 0.05046948356807512 
0 0.7889524647887324 0.4386737089201878 0.06029929577464789 0.051056338028169015 
0 0.17077464788732394 0.7834507042253521 0.05897887323943662 0.04460093896713615 
0 0.7858714788732394 0.7822769953051644 0.061179577464788734 0.04812206572769953 
0 0.546875 0.7972417840375586 0.06910211267605634 0.01936619718309859 
0 0.5191461267605634 0.5595657276995305 0.04973591549295775 0.031103286384976527 
0 0.43882042253521125 0.8843896713615024 0.06514084507042253 0.029342723004694836 
0 0.5807658450704225 0.5017605633802817 0.0409330985915493 0.029342723004694836 
0 0.9157130281690141 0.22975352112676056 0.07262323943661972 0.06866197183098592 
0 0.47975352112676056 0.19160798122065728 0.04841549295774648 0.05457746478873239 
0 0.48547535211267606 0.28374413145539906 0.04841549295774648 0.03345070422535211 
0 0.48481514084507044 0.3265845070422535 0.050616197183098594 0.02640845070422535 
0 0.5453345070422535 0.32188967136150237 0.04841549295774648 0.03345070422535211 
0 0.5424735915492958 0.2438380281690141 0.06029929577464789 0.031103286384976527 
0 0.5448943661971831 0.2822769953051643 0.05721830985915493 0.045774647887323945 
0 0.4117517605633803 0.3086854460093897 0.05941901408450704 0.051643192488262914 
0 0.2671654929577465 0.3125 0.05369718309859155 0.05575117370892019 
0 0.18860035211267606 0.3160211267605634 0.06382042253521127 0.06279342723004695 
0 0.04995598591549296 0.289612676056338 0.07262323943661972 0.03697183098591549 
0 0.053257042253521125 0.3336267605633803 0.061619718309859156 0.04518779342723005 
0 0.11971830985915492 0.3315727699530516 0.04753521126760563 0.035211267605633804 
0 0.1212588028169014 0.28726525821596244 0.04621478873239437 0.03227699530516432 
0 0.6098151408450704 0.3227699530516432 0.04181338028169014 0.029342723004694836 
0 0.6131161971830986 0.23826291079812206 0.0528169014084507 0.03051643192488263 
0 0.6144366197183099 0.2778755868544601 0.04401408450704225 0.04284037558685446 
0 0.6269806338028169 0.795774647887324 0.06734154929577464 0.02464788732394366 
0 0.5411531690140845 0.7268192488262911 0.06470070422535211 0.02523474178403756 
0 0.5488556338028169 0.7590962441314554 0.06954225352112677 0.027582159624413145 
0 0.15625 0.9876760563380281 0.05457746478873239 0.02464788732394366 
0 0.21985035211267606 0.9821009389671361 0.06029929577464789 0.02171361502347418 
0 0.5279489436619719 0.9624413145539906 0.06029929577464789 0.017605633802816902 
0 0.8422095070422535 0.3230633802816901 0.06382042253521127 0.02640845070422535 
0 0.6023327464788732 0.9630281690140845 0.0682218309859155 0.03403755868544601 
0 0.84375 0.278462441314554 0.06514084507042253 0.03227699530516432 
0 0.7462588028169014 0.3268779342723005 0.07702464788732394 0.029342723004694836 
0 0.07790492957746478 0.9196009389671361 0.05369718309859155 0.029342723004694836 
0 0.21434859154929578 0.937793427230047 0.05193661971830986 0.04225352112676056 
0 0.2847711267605634 0.9181338028169014 0.06690140845070422 0.020539906103286387 
0 0.08230633802816902 0.9580399061032864 0.06690140845070422 0.02640845070422535 
0 0.43882042253521125 0.9278169014084507 0.06514084507042253 0.03403755868544601 
0 0.6027728873239436 0.8882042253521126 0.06294014084507042 0.04284037558685446 
0 0.5246478873239436 0.9234154929577465 0.06514084507042253 0.03931924882629108 
0 0.6049735915492958 0.9292840375586855 0.055897887323943664 0.02523474178403756 
0 0.686399647887324 0.9272300469483568 0.058538732394366196 0.029342723004694836 
0 0.7629841549295775 0.858274647887324 0.06382042253521127 0.03814553990610329 
0 0.764524647887324 0.8955399061032864 0.06954225352112677 0.01643192488262911 
0 0.7601232394366197 0.9240023474178404 0.058098591549295774 0.020539906103286387 
0 0.7634242957746479 0.9556924882629108 0.06734154929577464 0.02171361502347418 
0 0.8503521126760564 0.8852699530516432 0.07130281690140845 0.031103286384976527 
0 0.2935739436619718 0.9776995305164319 0.06954225352112677 0.03051643192488263 
0 0.3683978873239437 0.9668427230046949 0.0625 0.020539906103286387 
0 0.4410211267605634 0.9674295774647887 0.043133802816901406 0.027582159624413145 
0 0.676056338028169 0.23503521126760563 0.035211267605633804 0.03697183098591549 
0 0.6727552816901409 0.2734741784037559 0.04621478873239437 0.04225352112676056 
0 0.6709947183098591 0.3210093896713615 0.0409330985915493 0.04107981220657277 
0 0.7480193661971831 0.18838028169014084 0.06910211267605634 0.036384976525821594 
0 0.7502200704225352 0.2318075117370892 0.06910211267605634 0.029342723004694836 
0 0.7491197183098591 0.27992957746478875 0.07130281690140845 0.04107981220657277 
0 0.8435299295774648 0.2312206572769953 0.058538732394366196 0.03990610328638498 
0 0.5829665492957746 0.4677230046948357 0.03653169014084507 0.023474178403755867 
0 0.6797975352112676 0.9668427230046949 0.06029929577464789 0.02640845070422535 
0 0.9438820422535211 0.9242957746478874 0.07174295774647887 0.023474178403755867 
0 0.3827024647887324 0.6954225352112676 0.05413732394366197 0.029342723004694836 
0 0.383362676056338 0.6569835680751174 0.061619718309859156 0.04401408450704225 
0 0.31139964788732394 0.7846244131455399 0.05149647887323944 0.04107981220657277 
0 0.3074383802816901 0.7414906103286385 0.05941901408450704 0.03697183098591549 
0 0.3061179577464789 0.7018779342723005 0.050616197183098594 0.036384976525821594 
0 0.30303697183098594 0.6610915492957746 0.04621478873239437 0.03814553990610329 
0 0.23899647887323944 0.7796361502347418 0.06602112676056338 0.03345070422535211 
0 0.23459507042253522 0.7458920187793427 0.04401408450704225 0.03051643192488263 
0 0.23283450704225353 0.7024647887323944 0.05369718309859155 0.035211267605633804 
0 0.238556338028169 0.6616784037558685 0.05193661971830986 0.03814553990610329 
0 0.09330985915492958 0.76731220657277 0.043133802816901406 0.04988262910798122 
0 0.03169014084507042 0.778169014084507 0.0625 0.045774647887323945 
0 0.030589788732394367 0.7071596244131455 0.05149647887323944 0.0528169014084507 
0 0.1637323943661972 0.653462441314554 0.07834507042253522 0.05457746478873239 
0 0.9654489436619719 0.5531103286384976 0.0682218309859155 0.05575117370892019 
0 0.9632482394366197 0.4935446009389671 0.06382042253521127 0.045774647887323945 
0 0.967649647887324 0.43779342723004694 0.05501760563380282 0.051643192488262914 
0 0.3457306338028169 0.5536971830985915 0.04621478873239437 0.03697183098591549 
0 0.40514964788732394 0.5545774647887324 0.04621478873239437 0.04107981220657277 
0 0.46192781690140844 0.5272887323943662 0.04709507042253521 0.02523474178403756 
0 0.46346830985915494 0.5648474178403756 0.05721830985915493 0.03814553990610329 
0 0.5878080985915493 0.5771713615023474 0.05501760563380282 0.027582159624413145 
0 0.5805457746478874 0.5393192488262911 0.04753521126760563 0.02464788732394366 
0 0.38116197183098594 0.7247652582159625 0.07042253521126761 0.023474178403755867 
0 0.8459507042253521 0.9178403755868545 0.06954225352112677 0.017605633802816902 
0 0.37940140845070425 0.7541079812206573 0.058098591549295774 0.023474178403755867 
0 0.46016725352112675 0.658744131455399 0.06382042253521127 0.02640845070422535 
0 0.8496919014084507 0.9586267605633803 0.07262323943661972 0.027582159624413145 
0 0.761443661971831 0.9856220657276995 0.06778169014084508 0.028755868544600938 
0 0.7931338028169014 0.551349765258216 0.07130281690140845 0.05575117370892019 
0 0.7935739436619719 0.4914906103286385 0.0528169014084507 0.04988262910798122 
0 0.6908010563380281 0.4903169014084507 0.07702464788732394 0.14847417840375587 
0 0.3617957746478873 0.8843896713615024 0.06514084507042253 0.029342723004694836 
0 0.28587147887323944 0.8755868544600939 0.06029929577464789 0.029342723004694836 
0 0.1500880281690141 0.9351525821596244 0.0528169014084507 0.05457746478873239 
0 0.21170774647887325 0.8817488262910798 0.05721830985915493 0.061619718309859156 
0 0.07834507042253522 0.8714788732394366 0.07482394366197183 0.04107981220657277 
0 0.706205985915493 0.7731807511737089 0.055897887323943664 0.03227699530516432 
0 0.9377200704225352 0.6945422535211268 0.06382042253521127 0.03697183098591549 
0 0.9414612676056338 0.7479460093896714 0.06514084507042253 0.03814553990610329 
0 0.9377200704225352 0.7878521126760564 0.06382042253521127 0.03227699530516432 
0 0.862455985915493 0.7913732394366197 0.05149647887323944 0.027582159624413145 
0 0.8613556338028169 0.7253521126760564 0.06954225352112677 0.02464788732394366 
0 0.8650968309859155 0.6725352112676056 0.0682218309859155 0.028169014084507043 
0 0.7077464788732394 0.6786971830985915 0.07922535211267606 0.027582159624413145 
0 0.6302816901408451 0.7438380281690141 0.06514084507042253 0.04401408450704225 
0 0.5488556338028169 0.687206572769953 0.0801056338028169 0.022300469483568074 
0 0.4722711267605634 0.7596830985915493 0.06602112676056338 0.02640845070422535 
0 0.4636883802816901 0.7297535211267606 0.061179577464788734 0.01936619718309859 
0 0.4680897887323944 0.6960093896713615 0.07262323943661972 0.022300469483568074 
0 0.3849031690140845 0.7937206572769953 0.06029929577464789 0.03814553990610329 
0 0.8646566901408451 0.5586854460093896 0.053257042253521125 0.056338028169014086 
0 0.5257482394366197 0.4592136150234742 0.042693661971830985 0.03227699530516432 
