0 0.9449823943661971 0.8186619718309859 0.06073943661971831 0.029342723004694836 
0 0.3175616197183099 0.2960680751173709 0.06998239436619719 0.04518779342723005 
0 0.40669014084507044 0.19982394366197184 0.06514084507042253 0.04988262910798122 
0 0.4295774647887324 0.5490023474178404 0.06954225352112677 0.04753521126760563 
0 0.4980193661971831 0.24413145539906103 0.07790492957746478 0.045774647887323945 
0 0.6789172535211268 0.2937206572769953 0.06734154929577464 0.04518779342723005 
0 0.9647887323943662 0.5985915492957746 0.04753521126760563 0.046948356807511735 
0 0.4997799295774648 0.2963615023474178 0.0664612676056338 0.03990610328638498 
0 0.8503521126760564 0.5140845070422535 0.0528169014084507 0.04929577464788732 
0 0.5873679577464789 0.24706572769953053 0.07262323943661972 0.04812206572769953 
0 0.40933098591549294 0.24442488262910797 0.07306338028169014 0.04870892018779343 
0 0.09793133802816902 0.5208333333333334 0.058538732394366196 0.04753521126760563 
0 0.8430897887323944 0.28169014084507044 0.06998239436619719 0.051643192488262914 
0 0.7790492957746479 0.45774647887323944 0.06514084507042253 0.04929577464788732 
0 0.8400088028169014 0.3386150234741784 0.06205985915492958 0.0528169014084507 
0 0.7638644366197183 0.33480046948356806 0.05941901408450704 0.051056338028169015 
0 0.44608274647887325 0.7687793427230047 0.07262323943661972 0.07042253521126761 
0 0.5242077464788732 0.7775821596244131 0.07042253521126761 0.05985915492957746 
0 0.10915492957746478 0.8312793427230047 0.05897887323943662 0.041666666666666664 
0 0.5294894366197183 0.8339201877934272 0.056338028169014086 0.0539906103286385 
0 0.19652288732394366 0.8207159624413145 0.06382042253521127 0.04870892018779343 
0 0.19278169014084506 0.76731220657277 0.06866197183098592 0.051056338028169015 
0 0.3591549295774648 0.8330399061032864 0.058098591549295774 0.03931924882629108 
0 0.7015845070422535 0.8444835680751174 0.06514084507042253 0.03873239436619718 
0 0.4432218309859155 0.8415492957746479 0.06073943661971831 0.04342723004694836 
0 0.7007042253521126 0.7860915492957746 0.06426056338028169 0.052230046948356805 
0 0.2779489436619718 0.8280516431924883 0.05413732394366197 0.051643192488262914 
0 0.7607834507042254 0.19571596244131456 0.07262323943661972 0.06279342723004695 
0 0.8481514084507042 0.19953051643192488 0.07130281690140845 0.05868544600938967 
0 0.03125 0.4642018779342723 0.05721830985915493 0.06338028169014084 
0 0.3202024647887324 0.24853286384976525 0.07262323943661972 0.04636150234741784 
0 0.09617077464788733 0.460387323943662 0.06382042253521127 0.04401408450704225 
0 0.8534330985915493 0.4495305164319249 0.05193661971830986 0.04929577464788732 
0 0.5933098591549296 0.28931924882629106 0.06514084507042253 0.04342723004694836 
0 0.9777728873239436 0.2743544600938967 0.04181338028169014 0.06748826291079812 
0 0.9773327464788732 0.20422535211267606 0.04533450704225352 0.05985915492957746 
0 0.980193661971831 0.960387323943662 0.03961267605633803 0.03697183098591549 
0 0.6731954225352113 0.9803403755868545 0.07966549295774648 0.03931924882629108 
0 0.5178257042253521 0.9876760563380281 0.05501760563380282 0.02464788732394366 
0 0.45686619718309857 0.9812206572769953 0.05369718309859155 0.035211267605633804 
0 0.3930457746478873 0.9865023474178404 0.04929577464788732 0.018779342723004695 
0 0.6087147887323944 0.48034037558685444 0.07482394366197183 0.09330985915492958 
0 0.6969630281690141 0.4753521126760563 0.07702464788732394 0.09272300469483569 
0 0.5200264084507042 0.4841549295774648 0.07350352112676056 0.09507042253521127 
0 0.4300176056338028 0.47857981220657275 0.07570422535211267 0.09800469483568075 
0 0.347931338028169 0.4779929577464789 0.07790492957746478 0.09096244131455399 
0 0.36223591549295775 0.7191901408450704 0.08626760563380281 0.08626760563380281 
0 0.7654049295774648 0.272593896713615 0.06778169014084508 0.06396713615023474 
0 0.26034330985915494 0.5892018779342723 0.06294014084507042 0.04929577464788732 
0 0.3600352112676056 0.7796361502347418 0.07042253521126761 0.051056338028169015 
0 0.18199823943661972 0.5149647887323944 0.061179577464788734 0.05575117370892019 
0 0.6954225352112676 0.533744131455399 0.07042253521126761 0.05575117370892019 
0 0.7816901408450704 0.5897887323943662 0.06954225352112677 0.04812206572769953 
0 0.6102552816901409 0.5894953051643192 0.07086267605633803 0.04753521126760563 
0 0.7805897887323944 0.5375586854460094 0.0682218309859155 0.05046948356807512 
0 0.6071742957746479 0.5352112676056338 0.06998239436619719 0.0539906103286385 
0 0.40360915492957744 0.28931924882629106 0.06778169014084508 0.04460093896713615 
0 0.5873679577464789 0.1983568075117371 0.06382042253521127 0.04929577464788732 
0 0.26430457746478875 0.5181924882629108 0.06205985915492958 0.05046948356807512 
0 0.11355633802816902 0.7599765258215962 0.06338028169014084 0.045774647887323945 
0 0.2319542253521127 0.31220657276995306 0.07482394366197183 0.04225352112676056 
0 0.49889964788732394 0.1983568075117371 0.0664612676056338 0.045774647887323945 
0 0.6930017605633803 0.590962441314554 0.06558098591549295 0.046948356807511735 
0 0.22997359154929578 0.3503521126760563 0.06910211267605634 0.04342723004694836 
0 0.9817341549295775 0.3415492957746479 0.03389084507042254 0.05868544600938967 
0 0.2623239436619718 0.4583333333333333 0.061619718309859156 0.045774647887323945 
0 0.11465669014084508 0.7027582159624414 0.07262323943661972 0.04988262910798122 
0 0.9097711267605634 0.6041666666666666 0.04753521126760563 0.04401408450704225 
0 0.030589788732394367 0.5360915492957746 0.05149647887323944 0.04284037558685446 
0 0.035431338028169015 0.5941901408450704 0.05501760563380282 0.04401408450704225 
0 0.09991197183098592 0.5903755868544601 0.056338028169014086 0.051643192488262914 
0 0.18023767605633803 0.5918427230046949 0.055897887323943664 0.05457746478873239 
0 0.9269366197183099 0.34242957746478875 0.061619718309859156 0.06044600938967136 
0 0.06360035211267606 0.204518779342723 0.06910211267605634 0.03931924882629108 
0 0.06470070422535211 0.25234741784037557 0.06954225352112677 0.035211267605633804 
0 0.06316021126760564 0.3028169014084507 0.0682218309859155 0.03403755868544601 
0 0.07064260563380281 0.35357981220657275 0.05941901408450704 0.03814553990610329 
0 0.152068661971831 0.2007042253521127 0.0682218309859155 0.046948356807511735 
0 0.23085387323943662 0.1983568075117371 0.06734154929577464 0.051643192488262914 
0 0.3204225352112676 0.1936619718309859 0.07042253521126761 0.035211267605633804 
0 0.22799295774647887 0.25440140845070425 0.06602112676056338 0.031103286384976527 
0 0.1542693661971831 0.2529342723004695 0.07262323943661972 0.04225352112676056 
0 0.14766725352112675 0.29694835680751175 0.0682218309859155 0.028169014084507043 
0 0.14898767605633803 0.3400821596244131 0.05501760563380282 0.03814553990610329 
0 0.31954225352112675 0.34976525821596244 0.07042253521126761 0.03990610328638498 
0 0.40250880281690143 0.3459507042253521 0.07350352112676056 0.04988262910798122 
0 0.49713908450704225 0.34683098591549294 0.06029929577464789 0.03051643192488263 
0 0.5856073943661971 0.3512323943661972 0.0682218309859155 0.04518779342723005 
0 0.6824383802816901 0.34683098591549294 0.0682218309859155 0.036384976525821594 
0 0.45928697183098594 0.6968896713615024 0.05501760563380282 0.04401408450704225 
0 0.6742957746478874 0.18838028169014084 0.07130281690140845 0.04225352112676056 
0 0.6747359154929577 0.2397300469483568 0.07482394366197183 0.03697183098591549 
0 0.19828345070422534 0.44571596244131456 0.050616197183098594 0.05575117370892019 
0 0.035431338028169015 0.9753521126760564 0.05413732394366197 0.04107981220657277 
0 0.09132922535211267 0.9876760563380281 0.05149647887323944 0.02464788732394366 
0 0.1483274647887324 0.9847417840375586 0.05985915492957746 0.03051643192488263 
0 0.8477112676056338 0.562206572769953 0.04841549295774648 0.04107981220657277 
0 0.18838028169014084 0.6980633802816901 0.05721830985915493 0.05575117370892019 
0 0.8518926056338029 0.6006455399061033 0.04181338028169014 0.03345070422535211 
0 0.9097711267605634 0.5492957746478874 0.03873239436619718 0.04225352112676056 
0 0.030589788732394367 0.6754694835680751 0.058538732394366196 0.036384976525821594 
0 0.034991197183098594 0.7144953051643192 0.06294014084507042 0.03227699530516432 
0 0.04159330985915493 0.7514671361502347 0.06029929577464789 0.027582159624413145 
0 0.04005281690140845 0.7937206572769953 0.05721830985915493 0.03227699530516432 
0 0.03829225352112676 0.8301056338028169 0.056338028169014086 0.04401408450704225 
0 0.28741197183098594 0.7400234741784038 0.0528169014084507 0.0539906103286385 
0 0.6142165492957746 0.8383215962441315 0.05941901408450704 0.056924882629107984 
0 0.7046654929577465 0.7136150234741784 0.06602112676056338 0.0539906103286385 
0 0.7849911971830986 0.7174295774647887 0.06382042253521127 0.03814553990610329 
0 0.8639964788732394 0.7180164319248826 0.07042253521126761 0.03345070422535211 
0 0.9465228873239436 0.7130281690140845 0.05941901408450704 0.029342723004694836 
0 0.9478433098591549 0.7532276995305164 0.05501760563380282 0.027582159624413145 
0 0.9438820422535211 0.7855046948356808 0.058538732394366196 0.027582159624413145 
0 0.3362676056338028 0.9909037558685446 0.0528169014084507 0.01584507042253521 
0 0.9421214788732394 0.8544600938967136 0.06382042253521127 0.03051643192488263 
0 0.866637323943662 0.7596830985915493 0.05721830985915493 0.04401408450704225 
0 0.862455985915493 0.8045774647887324 0.06029929577464789 0.036384976525821594 
0 0.8653169014084507 0.8509389671361502 0.0528169014084507 0.035211267605633804 
0 0.7865316901408451 0.7620305164319249 0.056338028169014086 0.02523474178403756 
0 0.785431338028169 0.8031103286384976 0.05413732394366197 0.03697183098591549 
0 0.7876320422535211 0.8509389671361502 0.05413732394366197 0.035211267605633804 
0 0.590669014084507 0.9624413145539906 0.0625 0.023474178403755867 
0 0.7636443661971831 0.9694835680751174 0.0721830985915493 0.046948356807511735 
0 0.8345070422535211 0.9630281690140845 0.06426056338028169 0.028169014084507043 
0 0.913512323943662 0.9615610328638498 0.0682218309859155 0.03697183098591549 
0 0.9174735915492958 0.45539906103286387 0.04533450704225352 0.045774647887323945 
0 0.9705105633802817 0.45774647887323944 0.03433098591549296 0.04107981220657277 
0 0.9071302816901409 0.5046948356807511 0.03961267605633803 0.04107981220657277 
0 0.9654489436619719 0.4988262910798122 0.037411971830985914 0.035211267605633804 
0 0.9691901408450704 0.5492957746478874 0.03609154929577465 0.045774647887323945 
0 0.2112676056338028 0.9870892018779343 0.058098591549295774 0.025821596244131457 
0 0.2764084507042254 0.988556338028169 0.058098591549295774 0.020539906103286387 
0 0.9449823943661971 0.8186619718309859 0.06073943661971831 0.029342723004694836 
0 0.3175616197183099 0.2960680751173709 0.06998239436619719 0.04518779342723005 
0 0.40669014084507044 0.19982394366197184 0.06514084507042253 0.04988262910798122 
0 0.4295774647887324 0.5490023474178404 0.06954225352112677 0.04753521126760563 
0 0.4980193661971831 0.24413145539906103 0.07790492957746478 0.045774647887323945 
0 0.6789172535211268 0.2937206572769953 0.06734154929577464 0.04518779342723005 
0 0.9647887323943662 0.5985915492957746 0.04753521126760563 0.046948356807511735 
0 0.4997799295774648 0.2963615023474178 0.0664612676056338 0.03990610328638498 
0 0.8503521126760564 0.5140845070422535 0.0528169014084507 0.04929577464788732 
0 0.5873679577464789 0.24706572769953053 0.07262323943661972 0.04812206572769953 
0 0.40933098591549294 0.24442488262910797 0.07306338028169014 0.04870892018779343 
0 0.09793133802816902 0.5208333333333334 0.058538732394366196 0.04753521126760563 
0 0.8430897887323944 0.28169014084507044 0.06998239436619719 0.051643192488262914 
0 0.7790492957746479 0.45774647887323944 0.06514084507042253 0.04929577464788732 
0 0.8400088028169014 0.3386150234741784 0.06205985915492958 0.0528169014084507 
0 0.7638644366197183 0.33480046948356806 0.05941901408450704 0.051056338028169015 
0 0.44608274647887325 0.7687793427230047 0.07262323943661972 0.07042253521126761 
0 0.5242077464788732 0.7775821596244131 0.07042253521126761 0.05985915492957746 
0 0.10915492957746478 0.8312793427230047 0.05897887323943662 0.041666666666666664 
0 0.5294894366197183 0.8339201877934272 0.056338028169014086 0.0539906103286385 
0 0.19652288732394366 0.8207159624413145 0.06382042253521127 0.04870892018779343 
0 0.19278169014084506 0.76731220657277 0.06866197183098592 0.051056338028169015 
0 0.3591549295774648 0.8330399061032864 0.058098591549295774 0.03931924882629108 
0 0.7015845070422535 0.8444835680751174 0.06514084507042253 0.03873239436619718 
0 0.4432218309859155 0.8415492957746479 0.06073943661971831 0.04342723004694836 
0 0.7007042253521126 0.7860915492957746 0.06426056338028169 0.052230046948356805 
0 0.2779489436619718 0.8280516431924883 0.05413732394366197 0.051643192488262914 
0 0.7607834507042254 0.19571596244131456 0.07262323943661972 0.06279342723004695 
0 0.8481514084507042 0.19953051643192488 0.07130281690140845 0.05868544600938967 
0 0.03125 0.4642018779342723 0.05721830985915493 0.06338028169014084 
0 0.3202024647887324 0.24853286384976525 0.07262323943661972 0.04636150234741784 
0 0.09617077464788733 0.460387323943662 0.06382042253521127 0.04401408450704225 
0 0.8534330985915493 0.4495305164319249 0.05193661971830986 0.04929577464788732 
0 0.5933098591549296 0.28931924882629106 0.06514084507042253 0.04342723004694836 
0 0.9777728873239436 0.2743544600938967 0.04181338028169014 0.06748826291079812 
0 0.9773327464788732 0.20422535211267606 0.04533450704225352 0.05985915492957746 
0 0.980193661971831 0.960387323943662 0.03961267605633803 0.03697183098591549 
0 0.6731954225352113 0.9803403755868545 0.07966549295774648 0.03931924882629108 
0 0.5178257042253521 0.9876760563380281 0.05501760563380282 0.02464788732394366 
0 0.45686619718309857 0.9812206572769953 0.05369718309859155 0.035211267605633804 
0 0.3930457746478873 0.9865023474178404 0.04929577464788732 0.018779342723004695 
0 0.6087147887323944 0.48034037558685444 0.07482394366197183 0.09330985915492958 
0 0.6969630281690141 0.4753521126760563 0.07702464788732394 0.09272300469483569 
0 0.5200264084507042 0.4841549295774648 0.07350352112676056 0.09507042253521127 
0 0.4300176056338028 0.47857981220657275 0.07570422535211267 0.09800469483568075 
0 0.347931338028169 0.4779929577464789 0.07790492957746478 0.09096244131455399 
0 0.36223591549295775 0.7191901408450704 0.08626760563380281 0.08626760563380281 
0 0.7654049295774648 0.272593896713615 0.06778169014084508 0.06396713615023474 
0 0.26034330985915494 0.5892018779342723 0.06294014084507042 0.04929577464788732 
0 0.3600352112676056 0.7796361502347418 0.07042253521126761 0.051056338028169015 
0 0.18199823943661972 0.5149647887323944 0.061179577464788734 0.05575117370892019 
0 0.6954225352112676 0.533744131455399 0.07042253521126761 0.05575117370892019 
0 0.7816901408450704 0.5897887323943662 0.06954225352112677 0.04812206572769953 
0 0.6102552816901409 0.5894953051643192 0.07086267605633803 0.04753521126760563 
0 0.7805897887323944 0.5375586854460094 0.0682218309859155 0.05046948356807512 
0 0.6071742957746479 0.5352112676056338 0.06998239436619719 0.0539906103286385 
0 0.40360915492957744 0.28931924882629106 0.06778169014084508 0.04460093896713615 
0 0.5873679577464789 0.1983568075117371 0.06382042253521127 0.04929577464788732 
0 0.26430457746478875 0.5181924882629108 0.06205985915492958 0.05046948356807512 
0 0.11355633802816902 0.7599765258215962 0.06338028169014084 0.045774647887323945 
0 0.2319542253521127 0.31220657276995306 0.07482394366197183 0.04225352112676056 
0 0.49889964788732394 0.1983568075117371 0.0664612676056338 0.045774647887323945 
0 0.6930017605633803 0.590962441314554 0.06558098591549295 0.046948356807511735 
0 0.22997359154929578 0.3503521126760563 0.06910211267605634 0.04342723004694836 
0 0.9817341549295775 0.3415492957746479 0.03389084507042254 0.05868544600938967 
0 0.2623239436619718 0.4583333333333333 0.061619718309859156 0.045774647887323945 
0 0.11465669014084508 0.7027582159624414 0.07262323943661972 0.04988262910798122 
0 0.9097711267605634 0.6041666666666666 0.04753521126760563 0.04401408450704225 
0 0.030589788732394367 0.5360915492957746 0.05149647887323944 0.04284037558685446 
0 0.035431338028169015 0.5941901408450704 0.05501760563380282 0.04401408450704225 
0 0.09991197183098592 0.5903755868544601 0.056338028169014086 0.051643192488262914 
0 0.18023767605633803 0.5918427230046949 0.055897887323943664 0.05457746478873239 
0 0.9269366197183099 0.34242957746478875 0.061619718309859156 0.06044600938967136 
0 0.06360035211267606 0.204518779342723 0.06910211267605634 0.03931924882629108 
0 0.06470070422535211 0.25234741784037557 0.06954225352112677 0.035211267605633804 
0 0.06316021126760564 0.3028169014084507 0.0682218309859155 0.03403755868544601 
0 0.07064260563380281 0.35357981220657275 0.05941901408450704 0.03814553990610329 
0 0.152068661971831 0.2007042253521127 0.0682218309859155 0.046948356807511735 
0 0.23085387323943662 0.1983568075117371 0.06734154929577464 0.051643192488262914 
0 0.3204225352112676 0.1936619718309859 0.07042253521126761 0.035211267605633804 
0 0.22799295774647887 0.25440140845070425 0.06602112676056338 0.031103286384976527 
0 0.1542693661971831 0.2529342723004695 0.07262323943661972 0.04225352112676056 
0 0.14766725352112675 0.29694835680751175 0.0682218309859155 0.028169014084507043 
0 0.14898767605633803 0.3400821596244131 0.05501760563380282 0.03814553990610329 
0 0.31954225352112675 0.34976525821596244 0.07042253521126761 0.03990610328638498 
0 0.40250880281690143 0.3459507042253521 0.07350352112676056 0.04988262910798122 
0 0.49713908450704225 0.34683098591549294 0.06029929577464789 0.03051643192488263 
0 0.5856073943661971 0.3512323943661972 0.0682218309859155 0.04518779342723005 
0 0.6824383802816901 0.34683098591549294 0.0682218309859155 0.036384976525821594 
0 0.45928697183098594 0.6968896713615024 0.05501760563380282 0.04401408450704225 
0 0.6742957746478874 0.18838028169014084 0.07130281690140845 0.04225352112676056 
0 0.6747359154929577 0.2397300469483568 0.07482394366197183 0.03697183098591549 
0 0.19828345070422534 0.44571596244131456 0.050616197183098594 0.05575117370892019 
0 0.035431338028169015 0.9753521126760564 0.05413732394366197 0.04107981220657277 
0 0.09132922535211267 0.9876760563380281 0.05149647887323944 0.02464788732394366 
0 0.1483274647887324 0.9847417840375586 0.05985915492957746 0.03051643192488263 
0 0.8477112676056338 0.562206572769953 0.04841549295774648 0.04107981220657277 
0 0.18838028169014084 0.6980633802816901 0.05721830985915493 0.05575117370892019 
0 0.8518926056338029 0.6006455399061033 0.04181338028169014 0.03345070422535211 
0 0.9097711267605634 0.5492957746478874 0.03873239436619718 0.04225352112676056 
0 0.030589788732394367 0.6754694835680751 0.058538732394366196 0.036384976525821594 
0 0.034991197183098594 0.7144953051643192 0.06294014084507042 0.03227699530516432 
0 0.04159330985915493 0.7514671361502347 0.06029929577464789 0.027582159624413145 
0 0.04005281690140845 0.7937206572769953 0.05721830985915493 0.03227699530516432 
0 0.03829225352112676 0.8301056338028169 0.056338028169014086 0.04401408450704225 
0 0.28741197183098594 0.7400234741784038 0.0528169014084507 0.0539906103286385 
0 0.6142165492957746 0.8383215962441315 0.05941901408450704 0.056924882629107984 
0 0.7046654929577465 0.7136150234741784 0.06602112676056338 0.0539906103286385 
0 0.7849911971830986 0.7174295774647887 0.06382042253521127 0.03814553990610329 
0 0.8639964788732394 0.7180164319248826 0.07042253521126761 0.03345070422535211 
0 0.9465228873239436 0.7130281690140845 0.05941901408450704 0.029342723004694836 
0 0.9478433098591549 0.7532276995305164 0.05501760563380282 0.027582159624413145 
0 0.9438820422535211 0.7855046948356808 0.058538732394366196 0.027582159624413145 
0 0.3362676056338028 0.9909037558685446 0.0528169014084507 0.01584507042253521 
0 0.9421214788732394 0.8544600938967136 0.06382042253521127 0.03051643192488263 
0 0.866637323943662 0.7596830985915493 0.05721830985915493 0.04401408450704225 
0 0.862455985915493 0.8045774647887324 0.06029929577464789 0.036384976525821594 
0 0.8653169014084507 0.8509389671361502 0.0528169014084507 0.035211267605633804 
0 0.7865316901408451 0.7620305164319249 0.056338028169014086 0.02523474178403756 
0 0.785431338028169 0.8031103286384976 0.05413732394366197 0.03697183098591549 
0 0.7876320422535211 0.8509389671361502 0.05413732394366197 0.035211267605633804 
0 0.590669014084507 0.9624413145539906 0.0625 0.023474178403755867 
0 0.7636443661971831 0.9694835680751174 0.0721830985915493 0.046948356807511735 
0 0.8345070422535211 0.9630281690140845 0.06426056338028169 0.028169014084507043 
0 0.913512323943662 0.9615610328638498 0.0682218309859155 0.03697183098591549 
0 0.9174735915492958 0.45539906103286387 0.04533450704225352 0.045774647887323945 
0 0.9705105633802817 0.45774647887323944 0.03433098591549296 0.04107981220657277 
0 0.9071302816901409 0.5046948356807511 0.03961267605633803 0.04107981220657277 
0 0.9654489436619719 0.4988262910798122 0.037411971830985914 0.035211267605633804 
0 0.9691901408450704 0.5492957746478874 0.03609154929577465 0.045774647887323945 
0 0.2112676056338028 0.9870892018779343 0.058098591549295774 0.025821596244131457 
0 0.2764084507042254 0.988556338028169 0.058098591549295774 0.020539906103286387 
0 0.9449823943661971 0.8186619718309859 0.06073943661971831 0.029342723004694836 
0 0.3175616197183099 0.2960680751173709 0.06998239436619719 0.04518779342723005 
0 0.40669014084507044 0.19982394366197184 0.06514084507042253 0.04988262910798122 
0 0.4295774647887324 0.5490023474178404 0.06954225352112677 0.04753521126760563 
0 0.4980193661971831 0.24413145539906103 0.07790492957746478 0.045774647887323945 
0 0.6789172535211268 0.2937206572769953 0.06734154929577464 0.04518779342723005 
0 0.9647887323943662 0.5985915492957746 0.04753521126760563 0.046948356807511735 
0 0.4997799295774648 0.2963615023474178 0.0664612676056338 0.03990610328638498 
0 0.8503521126760564 0.5140845070422535 0.0528169014084507 0.04929577464788732 
0 0.5873679577464789 0.24706572769953053 0.07262323943661972 0.04812206572769953 
0 0.40933098591549294 0.24442488262910797 0.07306338028169014 0.04870892018779343 
0 0.09793133802816902 0.5208333333333334 0.058538732394366196 0.04753521126760563 
0 0.8430897887323944 0.28169014084507044 0.06998239436619719 0.051643192488262914 
0 0.7790492957746479 0.45774647887323944 0.06514084507042253 0.04929577464788732 
0 0.8400088028169014 0.3386150234741784 0.06205985915492958 0.0528169014084507 
0 0.7638644366197183 0.33480046948356806 0.05941901408450704 0.051056338028169015 
0 0.44608274647887325 0.7687793427230047 0.07262323943661972 0.07042253521126761 
0 0.5242077464788732 0.7775821596244131 0.07042253521126761 0.05985915492957746 
0 0.10915492957746478 0.8312793427230047 0.05897887323943662 0.041666666666666664 
0 0.5294894366197183 0.8339201877934272 0.056338028169014086 0.0539906103286385 
0 0.19652288732394366 0.8207159624413145 0.06382042253521127 0.04870892018779343 
0 0.19278169014084506 0.76731220657277 0.06866197183098592 0.051056338028169015 
0 0.3591549295774648 0.8330399061032864 0.058098591549295774 0.03931924882629108 
0 0.7015845070422535 0.8444835680751174 0.06514084507042253 0.03873239436619718 
0 0.4432218309859155 0.8415492957746479 0.06073943661971831 0.04342723004694836 
0 0.7007042253521126 0.7860915492957746 0.06426056338028169 0.052230046948356805 
0 0.2779489436619718 0.8280516431924883 0.05413732394366197 0.051643192488262914 
0 0.7607834507042254 0.19571596244131456 0.07262323943661972 0.06279342723004695 
0 0.8481514084507042 0.19953051643192488 0.07130281690140845 0.05868544600938967 
0 0.03125 0.4642018779342723 0.05721830985915493 0.06338028169014084 
0 0.3202024647887324 0.24853286384976525 0.07262323943661972 0.04636150234741784 
0 0.09617077464788733 0.460387323943662 0.06382042253521127 0.04401408450704225 
0 0.8534330985915493 0.4495305164319249 0.05193661971830986 0.04929577464788732 
0 0.5933098591549296 0.28931924882629106 0.06514084507042253 0.04342723004694836 
0 0.9777728873239436 0.2743544600938967 0.04181338028169014 0.06748826291079812 
0 0.9773327464788732 0.20422535211267606 0.04533450704225352 0.05985915492957746 
0 0.980193661971831 0.960387323943662 0.03961267605633803 0.03697183098591549 
0 0.6731954225352113 0.9803403755868545 0.07966549295774648 0.03931924882629108 
0 0.5178257042253521 0.9876760563380281 0.05501760563380282 0.02464788732394366 
0 0.45686619718309857 0.9812206572769953 0.05369718309859155 0.035211267605633804 
0 0.3930457746478873 0.9865023474178404 0.04929577464788732 0.018779342723004695 
0 0.6087147887323944 0.48034037558685444 0.07482394366197183 0.09330985915492958 
0 0.6969630281690141 0.4753521126760563 0.07702464788732394 0.09272300469483569 
0 0.5200264084507042 0.4841549295774648 0.07350352112676056 0.09507042253521127 
0 0.4300176056338028 0.47857981220657275 0.07570422535211267 0.09800469483568075 
0 0.347931338028169 0.4779929577464789 0.07790492957746478 0.09096244131455399 
0 0.36223591549295775 0.7191901408450704 0.08626760563380281 0.08626760563380281 
0 0.7654049295774648 0.272593896713615 0.06778169014084508 0.06396713615023474 
0 0.26034330985915494 0.5892018779342723 0.06294014084507042 0.04929577464788732 
0 0.3600352112676056 0.7796361502347418 0.07042253521126761 0.051056338028169015 
0 0.18199823943661972 0.5149647887323944 0.061179577464788734 0.05575117370892019 
0 0.6954225352112676 0.533744131455399 0.07042253521126761 0.05575117370892019 
0 0.7816901408450704 0.5897887323943662 0.06954225352112677 0.04812206572769953 
0 0.6102552816901409 0.5894953051643192 0.07086267605633803 0.04753521126760563 
0 0.7805897887323944 0.5375586854460094 0.0682218309859155 0.05046948356807512 
0 0.6071742957746479 0.5352112676056338 0.06998239436619719 0.0539906103286385 
0 0.40360915492957744 0.28931924882629106 0.06778169014084508 0.04460093896713615 
0 0.5873679577464789 0.1983568075117371 0.06382042253521127 0.04929577464788732 
0 0.26430457746478875 0.5181924882629108 0.06205985915492958 0.05046948356807512 
0 0.11355633802816902 0.7599765258215962 0.06338028169014084 0.045774647887323945 
0 0.2319542253521127 0.31220657276995306 0.07482394366197183 0.04225352112676056 
0 0.49889964788732394 0.1983568075117371 0.0664612676056338 0.045774647887323945 
0 0.6930017605633803 0.590962441314554 0.06558098591549295 0.046948356807511735 
0 0.22997359154929578 0.3503521126760563 0.06910211267605634 0.04342723004694836 
0 0.9817341549295775 0.3415492957746479 0.03389084507042254 0.05868544600938967 
0 0.2623239436619718 0.4583333333333333 0.061619718309859156 0.045774647887323945 
0 0.11465669014084508 0.7027582159624414 0.07262323943661972 0.04988262910798122 
0 0.9097711267605634 0.6041666666666666 0.04753521126760563 0.04401408450704225 
0 0.030589788732394367 0.5360915492957746 0.05149647887323944 0.04284037558685446 
0 0.035431338028169015 0.5941901408450704 0.05501760563380282 0.04401408450704225 
0 0.09991197183098592 0.5903755868544601 0.056338028169014086 0.051643192488262914 
0 0.18023767605633803 0.5918427230046949 0.055897887323943664 0.05457746478873239 
0 0.9269366197183099 0.34242957746478875 0.061619718309859156 0.06044600938967136 
0 0.06360035211267606 0.204518779342723 0.06910211267605634 0.03931924882629108 
0 0.06470070422535211 0.25234741784037557 0.06954225352112677 0.035211267605633804 
0 0.06316021126760564 0.3028169014084507 0.0682218309859155 0.03403755868544601 
0 0.07064260563380281 0.35357981220657275 0.05941901408450704 0.03814553990610329 
0 0.152068661971831 0.2007042253521127 0.0682218309859155 0.046948356807511735 
0 0.23085387323943662 0.1983568075117371 0.06734154929577464 0.051643192488262914 
0 0.3204225352112676 0.1936619718309859 0.07042253521126761 0.035211267605633804 
0 0.22799295774647887 0.25440140845070425 0.06602112676056338 0.031103286384976527 
0 0.1542693661971831 0.2529342723004695 0.07262323943661972 0.04225352112676056 
0 0.14766725352112675 0.29694835680751175 0.0682218309859155 0.028169014084507043 
0 0.14898767605633803 0.3400821596244131 0.05501760563380282 0.03814553990610329 
0 0.31954225352112675 0.34976525821596244 0.07042253521126761 0.03990610328638498 
0 0.40250880281690143 0.3459507042253521 0.07350352112676056 0.04988262910798122 
0 0.49713908450704225 0.34683098591549294 0.06029929577464789 0.03051643192488263 
0 0.5856073943661971 0.3512323943661972 0.0682218309859155 0.04518779342723005 
0 0.6824383802816901 0.34683098591549294 0.0682218309859155 0.036384976525821594 
0 0.45928697183098594 0.6968896713615024 0.05501760563380282 0.04401408450704225 
0 0.6742957746478874 0.18838028169014084 0.07130281690140845 0.04225352112676056 
0 0.6747359154929577 0.2397300469483568 0.07482394366197183 0.03697183098591549 
0 0.19828345070422534 0.44571596244131456 0.050616197183098594 0.05575117370892019 
0 0.035431338028169015 0.9753521126760564 0.05413732394366197 0.04107981220657277 
0 0.09132922535211267 0.9876760563380281 0.05149647887323944 0.02464788732394366 
0 0.1483274647887324 0.9847417840375586 0.05985915492957746 0.03051643192488263 
0 0.8477112676056338 0.562206572769953 0.04841549295774648 0.04107981220657277 
0 0.18838028169014084 0.6980633802816901 0.05721830985915493 0.05575117370892019 
0 0.8518926056338029 0.6006455399061033 0.04181338028169014 0.03345070422535211 
0 0.9097711267605634 0.5492957746478874 0.03873239436619718 0.04225352112676056 
0 0.030589788732394367 0.6754694835680751 0.058538732394366196 0.036384976525821594 
0 0.034991197183098594 0.7144953051643192 0.06294014084507042 0.03227699530516432 
0 0.04159330985915493 0.7514671361502347 0.06029929577464789 0.027582159624413145 
0 0.04005281690140845 0.7937206572769953 0.05721830985915493 0.03227699530516432 
0 0.03829225352112676 0.8301056338028169 0.056338028169014086 0.04401408450704225 
0 0.28741197183098594 0.7400234741784038 0.0528169014084507 0.0539906103286385 
0 0.6142165492957746 0.8383215962441315 0.05941901408450704 0.056924882629107984 
0 0.7046654929577465 0.7136150234741784 0.06602112676056338 0.0539906103286385 
0 0.7849911971830986 0.7174295774647887 0.06382042253521127 0.03814553990610329 
0 0.8639964788732394 0.7180164319248826 0.07042253521126761 0.03345070422535211 
0 0.9465228873239436 0.7130281690140845 0.05941901408450704 0.029342723004694836 
0 0.9478433098591549 0.7532276995305164 0.05501760563380282 0.027582159624413145 
0 0.9438820422535211 0.7855046948356808 0.058538732394366196 0.027582159624413145 
0 0.3362676056338028 0.9909037558685446 0.0528169014084507 0.01584507042253521 
0 0.9421214788732394 0.8544600938967136 0.06382042253521127 0.03051643192488263 
0 0.866637323943662 0.7596830985915493 0.05721830985915493 0.04401408450704225 
0 0.862455985915493 0.8045774647887324 0.06029929577464789 0.036384976525821594 
0 0.8653169014084507 0.8509389671361502 0.0528169014084507 0.035211267605633804 
0 0.7865316901408451 0.7620305164319249 0.056338028169014086 0.02523474178403756 
0 0.785431338028169 0.8031103286384976 0.05413732394366197 0.03697183098591549 
0 0.7876320422535211 0.8509389671361502 0.05413732394366197 0.035211267605633804 
0 0.590669014084507 0.9624413145539906 0.0625 0.023474178403755867 
0 0.7636443661971831 0.9694835680751174 0.0721830985915493 0.046948356807511735 
0 0.8345070422535211 0.9630281690140845 0.06426056338028169 0.028169014084507043 
0 0.913512323943662 0.9615610328638498 0.0682218309859155 0.03697183098591549 
0 0.9174735915492958 0.45539906103286387 0.04533450704225352 0.045774647887323945 
0 0.9705105633802817 0.45774647887323944 0.03433098591549296 0.04107981220657277 
0 0.9071302816901409 0.5046948356807511 0.03961267605633803 0.04107981220657277 
0 0.9654489436619719 0.4988262910798122 0.037411971830985914 0.035211267605633804 
0 0.9691901408450704 0.5492957746478874 0.03609154929577465 0.045774647887323945 
0 0.2112676056338028 0.9870892018779343 0.058098591549295774 0.025821596244131457 
0 0.2764084507042254 0.988556338028169 0.058098591549295774 0.020539906103286387 
