0 0.9383802816901409 0.8450704225352113 0.07130281690140845 0.0528169014084507 
0 0.23393485915492956 0.585093896713615 0.08054577464788733 0.056338028169014086 
0 0.737455985915493 0.5410798122065728 0.0664612676056338 0.04460093896713615 
0 0.12544014084507044 0.2238849765258216 0.06954225352112677 0.0698356807511737 
0 0.6450264084507042 0.28843896713615025 0.07350352112676056 0.052230046948356805 
0 0.8063380281690141 0.08333333333333333 0.07570422535211267 0.06455399061032864 
0 0.8884242957746479 0.08568075117370892 0.08142605633802817 0.05985915492957746 
0 0.8129401408450704 0.34624413145539906 0.06690140845070422 0.045774647887323945 
0 0.8857834507042254 0.3529929577464789 0.053257042253521125 0.056924882629107984 
0 0.26034330985915494 0.7458920187793427 0.05237676056338028 0.0528169014084507 
0 0.8180017605633803 0.6047535211267606 0.06558098591549295 0.034624413145539906 
0 0.7216109154929577 0.9501173708920188 0.05765845070422535 0.06103286384976526 
0 0.09044894366197183 0.8101525821596244 0.047975352112676055 0.04753521126760563 
0 0.26122359154929575 0.8230633802816901 0.05941901408450704 0.03814553990610329 
0 0.7977552816901409 0.9465962441314554 0.0761443661971831 0.04460093896713615 
0 0.08450704225352113 0.02171361502347418 0.07570422535211267 0.035211267605633804 
0 0.08604753521126761 0.061326291079812204 0.08142605633802817 0.03814553990610329 
0 0.08604753521126761 0.10534037558685445 0.08582746478873239 0.03814553990610329 
0 0.17627640845070422 0.10710093896713616 0.08142605633802817 0.04988262910798122 
0 0.5466549295774648 0.931924882629108 0.06338028169014084 0.04812206572769953 
0 0.1736355633802817 0.0534037558685446 0.07350352112676056 0.04812206572769953 
0 0.061619718309859156 0.2943075117370892 0.08450704225352113 0.06866197183098592 
0 0.15360915492957747 0.5252347417840375 0.0721830985915493 0.05868544600938967 
0 0.9683098591549296 0.505868544600939 0.06338028169014084 0.04107981220657277 
0 0.9694102112676056 0.539906103286385 0.061179577464788734 0.03873239436619718 
0 0.9667693661971831 0.5713028169014085 0.0664612676056338 0.03697183098591549 
0 0.9665492957746479 0.6117957746478874 0.06602112676056338 0.04988262910798122 
0 0.8943661971830986 0.6065140845070423 0.06954225352112677 0.03931924882629108 
0 0.9003080985915493 0.5595657276995305 0.08142605633802817 0.051056338028169015 
0 0.8959066901408451 0.5161384976525821 0.07702464788732394 0.04988262910798122 
0 0.8987676056338029 0.4636150234741784 0.07394366197183098 0.06455399061032864 
0 0.4863556338028169 0.590669014084507 0.07042253521126761 0.04284037558685446 
0 0.8213028169014085 0.47007042253521125 0.08362676056338028 0.06338028169014084 
0 0.815580985915493 0.5610328638497653 0.07482394366197183 0.045774647887323945 
0 0.7299735915492958 0.5971244131455399 0.09022887323943662 0.0733568075117371 
0 0.6500880281690141 0.5868544600938967 0.07834507042253522 0.1056338028169014 
0 0.5686619718309859 0.5903755868544601 0.07570422535211267 0.06924882629107981 
0 0.3970070422535211 0.4686032863849765 0.08274647887323944 0.06279342723004695 
0 0.31558098591549294 0.5762910798122066 0.06954225352112677 0.05868544600938967 
0 0.21412852112676056 0.3541666666666667 0.07174295774647887 0.051056338028169015 
0 0.731294014084507 0.2749413145539906 0.06910211267605634 0.04988262910798122 
0 0.8202024647887324 0.5155516431924883 0.07702464788732394 0.04518779342723005 
0 0.17539612676056338 0.019072769953051644 0.07262323943661972 0.03227699530516432 
0 0.2550616197183099 0.014377934272300469 0.07174295774647887 0.02640845070422535 
0 0.258362676056338 0.05046948356807512 0.07834507042253522 0.036384976525821594 
0 0.5550176056338029 0.3615023474178404 0.08362676056338028 0.04812206572769953 
0 0.46963028169014087 0.35768779342723006 0.07570422535211267 0.03814553990610329 
0 0.4689700704225352 0.3107394366197183 0.07702464788732394 0.04401408450704225 
0 0.464568661971831 0.25088028169014087 0.08142605633802817 0.04988262910798122 
0 0.38380281690140844 0.3512323943661972 0.0801056338028169 0.05457746478873239 
0 0.38534330985915494 0.3057511737089202 0.08582746478873239 0.03990610328638498 
0 0.375 0.20246478873239437 0.08274647887323944 0.07042253521126761 
0 0.29643485915492956 0.21038732394366197 0.07702464788732394 0.06866197183098592 
0 0.5477552816901409 0.20158450704225353 0.07790492957746478 0.05457746478873239 
0 0.1368838028169014 0.3512323943661972 0.0721830985915493 0.06044600938967136 
0 0.05545774647887324 0.22359154929577466 0.07482394366197183 0.0715962441314554 
0 0.07130281690140845 0.44366197183098594 0.07130281690140845 0.051643192488262914 
0 0.0724031690140845 0.4765258215962441 0.06734154929577464 0.046948356807511735 
0 0.07724471830985916 0.5149647887323944 0.05941901408450704 0.03814553990610329 
0 0.0840669014084507 0.5536971830985915 0.061619718309859156 0.04870892018779343 
0 0.09110915492957747 0.5941901408450704 0.0625 0.03814553990610329 
0 0.1538292253521127 0.4592136150234742 0.07350352112676056 0.05575117370892019 
0 0.15779049295774647 0.5809859154929577 0.06382042253521127 0.0528169014084507 
0 0.06734154929577464 0.35710093896713613 0.07042253521126761 0.06279342723004695 
0 0.5543573943661971 0.3086854460093897 0.08670774647887323 0.04812206572769953 
0 0.954225352112676 0.20158450704225353 0.0528169014084507 0.05457746478873239 
0 0.9504841549295775 0.25146713615023475 0.055897887323943664 0.05457746478873239 
0 0.26122359154929575 0.09448356807511737 0.08142605633802817 0.051643192488262914 
0 0.3536531690140845 0.041666666666666664 0.07702464788732394 0.051643192488262914 
0 0.35079225352112675 0.09683098591549295 0.07394366197183098 0.046948356807511735 
0 0.4465228873239437 0.10123239436619719 0.08054577464788733 0.05575117370892019 
0 0.4399207746478873 0.03667840375586855 0.09110915492957747 0.04401408450704225 
0 0.5261883802816901 0.03227699530516432 0.08582746478873239 0.04107981220657277 
0 0.532350352112676 0.09683098591549295 0.09551056338028169 0.046948356807511735 
0 0.6276408450704225 0.09066901408450705 0.10123239436619719 0.061619718309859156 
0 0.6329225352112676 0.041666666666666664 0.09242957746478873 0.06924882629107981 
0 0.7139084507042254 0.03286384976525822 0.08890845070422536 0.057511737089201875 
0 0.7238116197183099 0.09008215962441314 0.08230633802816902 0.051056338028169015 
0 0.8096390845070423 0.024061032863849766 0.08230633802816902 0.045774647887323945 
0 0.8888644366197183 0.024061032863849766 0.07174295774647887 0.03990610328638498 
0 0.9669894366197183 0.08568075117370892 0.0625 0.09507042253521127 
0 0.8932658450704225 0.2051056338028169 0.055897887323943664 0.04988262910798122 
0 0.8932658450704225 0.2549882629107981 0.058538732394366196 0.03814553990610329 
0 0.8884242957746479 0.30428403755868544 0.050616197183098594 0.04870892018779343 
0 0.9482834507042254 0.3512323943661972 0.055897887323943664 0.051056338028169015 
0 0.9504841549295775 0.2984154929577465 0.058538732394366196 0.04518779342723005 
0 0.9674295774647887 0.4686032863849765 0.05721830985915493 0.04284037558685446 
0 0.0409330985915493 0.7127347417840375 0.03961267605633803 0.04401408450704225 
0 0.03587147887323944 0.7634976525821596 0.058538732394366196 0.04225352112676056 
0 0.03829225352112676 0.8060446009389671 0.058098591549295774 0.03931924882629108 
0 0.9606073943661971 0.9413145539906104 0.07878521126760564 0.03990610328638498 
0 0.9667693661971831 0.9809272300469484 0.0664612676056338 0.034624413145539906 
0 0.8893045774647887 0.988556338028169 0.0743838028169014 0.022887323943661973 
0 0.8054577464788732 0.9870892018779343 0.08274647887323944 0.025821596244131457 
0 0.7240316901408451 0.9876760563380281 0.06954225352112677 0.02464788732394366 
0 0.06954225352112677 0.920481220657277 0.05193661971830986 0.01936619718309859 
0 0.0820862676056338 0.8999413145539906 0.04621478873239437 0.013497652582159625 
0 0.11201584507042253 0.9512910798122066 0.05941901408450704 0.022300469483568074 
0 0.8818221830985915 0.9498239436619719 0.09463028169014084 0.05457746478873239 
0 0.8221830985915493 0.20715962441314553 0.07482394366197183 0.051643192488262914 
0 0.21280809859154928 0.28667840375586856 0.0682218309859155 0.06279342723004695 
0 0.6439260563380281 0.20833333333333334 0.07394366197183098 0.05985915492957746 
0 0.39590669014084506 0.5360915492957746 0.07086267605633803 0.04988262910798122 
0 0.6415052816901409 0.3438967136150235 0.07350352112676056 0.046948356807511735 
0 0.48129401408450706 0.5360915492957746 0.07086267605633803 0.056924882629107984 
0 0.3025968309859155 0.3482981220657277 0.06734154929577464 0.04636150234741784 
0 0.3996478873239437 0.5862676056338029 0.06514084507042253 0.04929577464788732 
0 0.23349471830985916 0.528755868544601 0.08582746478873239 0.051643192488262914 
0 0.7372359154929577 0.46566901408450706 0.07042253521126761 0.06279342723004695 
0 0.855193661971831 0.8148474178403756 0.061619718309859156 0.027582159624413145 
0 0.6388644366197183 0.9797535211267606 0.0761443661971831 0.040492957746478875 
0 0.551056338028169 0.9821009389671361 0.08274647887323944 0.03345070422535211 
0 0.9412411971830986 0.8001760563380281 0.07702464788732394 0.04284037558685446 
0 0.941681338028169 0.7570422535211268 0.08230633802816902 0.04107981220657277 
0 0.9509242957746479 0.7144953051643192 0.07702464788732394 0.04988262910798122 
0 0.050836267605633804 0.9416079812206573 0.04533450704225352 0.014671361502347418 
0 0.04005281690140845 0.9636150234741784 0.05017605633802817 0.01995305164319249 
0 0.030149647887323945 0.9891431924882629 0.05941901408450704 0.02171361502347418 
0 0.09793133802816902 0.9835680751173709 0.06294014084507042 0.03051643192488263 
0 0.12147887323943662 0.926349765258216 0.04929577464788732 0.01584507042253521 
0 0.13424295774647887 0.9081572769953051 0.05193661971830986 0.014671361502347418 
0 0.19586267605633803 0.92018779342723 0.06073943661971831 0.046948356807511735 
0 0.18265845070422534 0.9703638497652582 0.06954225352112677 0.03697183098591549 
0 0.2649647887323944 0.9304577464788732 0.06073943661971831 0.03931924882629108 
0 0.25308098591549294 0.977406103286385 0.06073943661971831 0.04518779342723005 
0 0.3217429577464789 0.977406103286385 0.05721830985915493 0.04518779342723005 
0 0.33692781690140844 0.9210680751173709 0.0682218309859155 0.04988262910798122 
0 0.4047095070422535 0.9298708920187794 0.07174295774647887 0.04988262910798122 
0 0.394806338028169 0.9753521126760564 0.07834507042253522 0.046948356807511735 
0 0.4669894366197183 0.9847417840375586 0.07042253521126761 0.03051643192488263 
0 0.4777728873239437 0.9424882629107981 0.05941901408450704 0.03990610328638498 
0 0.13006161971830985 0.29284037558685444 0.07262323943661972 0.06807511737089202 
0 0.8602552816901409 0.8515258215962441 0.0761443661971831 0.04225352112676056 
0 0.7321742957746479 0.2106807511737089 0.07174295774647887 0.057511737089201875 
0 0.46412852112676056 0.22711267605633803 0.08494718309859155 0.09624413145539906 
0 0.43617957746478875 0.829518779342723 0.07482394366197183 0.04870892018779343 
0 0.4381602112676056 0.7937206572769953 0.05941901408450704 0.03814553990610329 
0 0.4381602112676056 0.7473591549295775 0.0682218309859155 0.04518779342723005 
0 0.375 0.7508802816901409 0.0625 0.061619718309859156 
0 0.3849031690140845 0.79518779342723 0.055897887323943664 0.04107981220657277 
0 0.37874119718309857 0.8339201877934272 0.05501760563380282 0.04225352112676056 
0 0.32108274647887325 0.8251173708920188 0.06029929577464789 0.04225352112676056 
0 0.31558098591549294 0.7904929577464789 0.0625 0.04107981220657277 
0 0.5004401408450704 0.8403755868544601 0.04929577464788732 0.046948356807511735 
0 0.31932218309859156 0.7508802816901409 0.05941901408450704 0.04988262910798122 
0 0.20180457746478872 0.7479460093896714 0.05941901408450704 0.03227699530516432 
0 0.1993838028169014 0.7860915492957746 0.06602112676056338 0.03814553990610329 
0 0.19850352112676056 0.8286384976525821 0.07042253521126761 0.04107981220657277 
0 0.13622359154929578 0.8163145539906104 0.06294014084507042 0.04812206572769953 
0 0.14216549295774647 0.7849178403755869 0.03961267605633803 0.03227699530516432 
0 0.14348591549295775 0.7414906103286385 0.05721830985915493 0.04870892018779343 
0 0.08824823943661972 0.733274647887324 0.050616197183098594 0.03814553990610329 
0 0.08450704225352113 0.7664319248826291 0.06073943661971831 0.03403755868544601 
0 0.25880281690140844 0.7855046948356808 0.05721830985915493 0.02523474178403756 
0 0.5015404929577465 0.7928403755868545 0.055897887323943664 0.06338028169014084 
0 0.4977992957746479 0.7414906103286385 0.0528169014084507 0.03931924882629108 
0 0.5543573943661971 0.7400234741784038 0.05149647887323944 0.03990610328638498 
0 0.3798415492957746 0.25704225352112675 0.08538732394366197 0.04812206572769953 
0 0.8532130281690141 0.7825704225352113 0.08582746478873239 0.031103286384976527 
0 0.8620158450704225 0.744424882629108 0.09463028169014084 0.03931924882629108 
0 0.862455985915493 0.6974765258215962 0.08934859154929578 0.06279342723004695 
0 0.784330985915493 0.715962441314554 0.0801056338028169 0.08215962441314555 
0 0.785431338028169 0.7761150234741784 0.08054577464788733 0.04988262910798122 
0 0.7838908450704225 0.8374413145539906 0.08362676056338028 0.07042253521126761 
0 0.706205985915493 0.8348004694835681 0.07350352112676056 0.061619718309859156 
0 0.2990757042253521 0.2811032863849765 0.0682218309859155 0.057511737089201875 
0 0.8188820422535211 0.2846244131455399 0.07350352112676056 0.045774647887323945 
0 0.5673415492957746 0.5296361502347418 0.08098591549295775 0.061619718309859156 
0 0.7040052816901409 0.7567488262910798 0.08054577464788733 0.09096244131455399 
0 0.6210387323943662 0.7098004694835681 0.09242957746478873 0.061619718309859156 
0 0.6243397887323944 0.7590962441314554 0.08142605633802817 0.03931924882629108 
0 0.6254401408450704 0.7972417840375586 0.07482394366197183 0.03345070422535211 
0 0.6269806338028169 0.8345070422535211 0.06294014084507042 0.046948356807511735 
0 0.5532570422535211 0.8441901408450704 0.0625 0.03345070422535211 
0 0.5609595070422535 0.8139671361502347 0.058538732394366196 0.035211267605633804 
0 0.5580985915492958 0.7805164319248826 0.0528169014084507 0.035211267605633804 
0 0.5550176056338029 0.2573356807511737 0.08098591549295775 0.04284037558685446 
0 0.6379841549295775 0.9395539906103286 0.08670774647887323 0.036384976525821594 
0 0.32922535211267606 0.4988262910798122 0.05721830985915493 0.05868544600938967 
0 0.23415492957746478 0.4650821596244131 0.08714788732394366 0.061619718309859156 
0 0.9383802816901409 0.8450704225352113 0.07130281690140845 0.0528169014084507 
0 0.23393485915492956 0.585093896713615 0.08054577464788733 0.056338028169014086 
0 0.737455985915493 0.5410798122065728 0.0664612676056338 0.04460093896713615 
0 0.12544014084507044 0.2238849765258216 0.06954225352112677 0.0698356807511737 
0 0.6450264084507042 0.28843896713615025 0.07350352112676056 0.052230046948356805 
0 0.8063380281690141 0.08333333333333333 0.07570422535211267 0.06455399061032864 
0 0.8884242957746479 0.08568075117370892 0.08142605633802817 0.05985915492957746 
0 0.8129401408450704 0.34624413145539906 0.06690140845070422 0.045774647887323945 
0 0.8857834507042254 0.3529929577464789 0.053257042253521125 0.056924882629107984 
0 0.26034330985915494 0.7458920187793427 0.05237676056338028 0.0528169014084507 
0 0.8180017605633803 0.6047535211267606 0.06558098591549295 0.034624413145539906 
0 0.7216109154929577 0.9501173708920188 0.05765845070422535 0.06103286384976526 
0 0.09044894366197183 0.8101525821596244 0.047975352112676055 0.04753521126760563 
0 0.26122359154929575 0.8230633802816901 0.05941901408450704 0.03814553990610329 
0 0.7977552816901409 0.9465962441314554 0.0761443661971831 0.04460093896713615 
0 0.08450704225352113 0.02171361502347418 0.07570422535211267 0.035211267605633804 
0 0.08604753521126761 0.061326291079812204 0.08142605633802817 0.03814553990610329 
0 0.08604753521126761 0.10534037558685445 0.08582746478873239 0.03814553990610329 
0 0.17627640845070422 0.10710093896713616 0.08142605633802817 0.04988262910798122 
0 0.5466549295774648 0.931924882629108 0.06338028169014084 0.04812206572769953 
0 0.1736355633802817 0.0534037558685446 0.07350352112676056 0.04812206572769953 
0 0.061619718309859156 0.2943075117370892 0.08450704225352113 0.06866197183098592 
0 0.15360915492957747 0.5252347417840375 0.0721830985915493 0.05868544600938967 
0 0.9683098591549296 0.505868544600939 0.06338028169014084 0.04107981220657277 
0 0.9694102112676056 0.539906103286385 0.061179577464788734 0.03873239436619718 
0 0.9667693661971831 0.5713028169014085 0.0664612676056338 0.03697183098591549 
0 0.9665492957746479 0.6117957746478874 0.06602112676056338 0.04988262910798122 
0 0.8943661971830986 0.6065140845070423 0.06954225352112677 0.03931924882629108 
0 0.9003080985915493 0.5595657276995305 0.08142605633802817 0.051056338028169015 
0 0.8959066901408451 0.5161384976525821 0.07702464788732394 0.04988262910798122 
0 0.8987676056338029 0.4636150234741784 0.07394366197183098 0.06455399061032864 
0 0.4863556338028169 0.590669014084507 0.07042253521126761 0.04284037558685446 
0 0.8213028169014085 0.47007042253521125 0.08362676056338028 0.06338028169014084 
0 0.815580985915493 0.5610328638497653 0.07482394366197183 0.045774647887323945 
0 0.7299735915492958 0.5971244131455399 0.09022887323943662 0.0733568075117371 
0 0.6500880281690141 0.5868544600938967 0.07834507042253522 0.1056338028169014 
0 0.5686619718309859 0.5903755868544601 0.07570422535211267 0.06924882629107981 
0 0.3970070422535211 0.4686032863849765 0.08274647887323944 0.06279342723004695 
0 0.31558098591549294 0.5762910798122066 0.06954225352112677 0.05868544600938967 
0 0.21412852112676056 0.3541666666666667 0.07174295774647887 0.051056338028169015 
0 0.731294014084507 0.2749413145539906 0.06910211267605634 0.04988262910798122 
0 0.8202024647887324 0.5155516431924883 0.07702464788732394 0.04518779342723005 
0 0.17539612676056338 0.019072769953051644 0.07262323943661972 0.03227699530516432 
0 0.2550616197183099 0.014377934272300469 0.07174295774647887 0.02640845070422535 
0 0.258362676056338 0.05046948356807512 0.07834507042253522 0.036384976525821594 
0 0.5550176056338029 0.3615023474178404 0.08362676056338028 0.04812206572769953 
0 0.46963028169014087 0.35768779342723006 0.07570422535211267 0.03814553990610329 
0 0.4689700704225352 0.3107394366197183 0.07702464788732394 0.04401408450704225 
0 0.464568661971831 0.25088028169014087 0.08142605633802817 0.04988262910798122 
0 0.38380281690140844 0.3512323943661972 0.0801056338028169 0.05457746478873239 
0 0.38534330985915494 0.3057511737089202 0.08582746478873239 0.03990610328638498 
0 0.375 0.20246478873239437 0.08274647887323944 0.07042253521126761 
0 0.29643485915492956 0.21038732394366197 0.07702464788732394 0.06866197183098592 
0 0.5477552816901409 0.20158450704225353 0.07790492957746478 0.05457746478873239 
0 0.1368838028169014 0.3512323943661972 0.0721830985915493 0.06044600938967136 
0 0.05545774647887324 0.22359154929577466 0.07482394366197183 0.0715962441314554 
0 0.07130281690140845 0.44366197183098594 0.07130281690140845 0.051643192488262914 
0 0.0724031690140845 0.4765258215962441 0.06734154929577464 0.046948356807511735 
0 0.07724471830985916 0.5149647887323944 0.05941901408450704 0.03814553990610329 
0 0.0840669014084507 0.5536971830985915 0.061619718309859156 0.04870892018779343 
0 0.09110915492957747 0.5941901408450704 0.0625 0.03814553990610329 
0 0.1538292253521127 0.4592136150234742 0.07350352112676056 0.05575117370892019 
0 0.15779049295774647 0.5809859154929577 0.06382042253521127 0.0528169014084507 
0 0.06734154929577464 0.35710093896713613 0.07042253521126761 0.06279342723004695 
0 0.5543573943661971 0.3086854460093897 0.08670774647887323 0.04812206572769953 
0 0.954225352112676 0.20158450704225353 0.0528169014084507 0.05457746478873239 
0 0.9504841549295775 0.25146713615023475 0.055897887323943664 0.05457746478873239 
0 0.26122359154929575 0.09448356807511737 0.08142605633802817 0.051643192488262914 
0 0.3536531690140845 0.041666666666666664 0.07702464788732394 0.051643192488262914 
0 0.35079225352112675 0.09683098591549295 0.07394366197183098 0.046948356807511735 
0 0.4465228873239437 0.10123239436619719 0.08054577464788733 0.05575117370892019 
0 0.4399207746478873 0.03667840375586855 0.09110915492957747 0.04401408450704225 
0 0.5261883802816901 0.03227699530516432 0.08582746478873239 0.04107981220657277 
0 0.532350352112676 0.09683098591549295 0.09551056338028169 0.046948356807511735 
0 0.6276408450704225 0.09066901408450705 0.10123239436619719 0.061619718309859156 
0 0.6329225352112676 0.041666666666666664 0.09242957746478873 0.06924882629107981 
0 0.7139084507042254 0.03286384976525822 0.08890845070422536 0.057511737089201875 
0 0.7238116197183099 0.09008215962441314 0.08230633802816902 0.051056338028169015 
0 0.8096390845070423 0.024061032863849766 0.08230633802816902 0.045774647887323945 
0 0.8888644366197183 0.024061032863849766 0.07174295774647887 0.03990610328638498 
0 0.9669894366197183 0.08568075117370892 0.0625 0.09507042253521127 
0 0.8932658450704225 0.2051056338028169 0.055897887323943664 0.04988262910798122 
0 0.8932658450704225 0.2549882629107981 0.058538732394366196 0.03814553990610329 
0 0.8884242957746479 0.30428403755868544 0.050616197183098594 0.04870892018779343 
0 0.9482834507042254 0.3512323943661972 0.055897887323943664 0.051056338028169015 
0 0.9504841549295775 0.2984154929577465 0.058538732394366196 0.04518779342723005 
0 0.9674295774647887 0.4686032863849765 0.05721830985915493 0.04284037558685446 
0 0.0409330985915493 0.7127347417840375 0.03961267605633803 0.04401408450704225 
0 0.03587147887323944 0.7634976525821596 0.058538732394366196 0.04225352112676056 
0 0.03829225352112676 0.8060446009389671 0.058098591549295774 0.03931924882629108 
0 0.9606073943661971 0.9413145539906104 0.07878521126760564 0.03990610328638498 
0 0.9667693661971831 0.9809272300469484 0.0664612676056338 0.034624413145539906 
0 0.8893045774647887 0.988556338028169 0.0743838028169014 0.022887323943661973 
0 0.8054577464788732 0.9870892018779343 0.08274647887323944 0.025821596244131457 
0 0.7240316901408451 0.9876760563380281 0.06954225352112677 0.02464788732394366 
0 0.06954225352112677 0.920481220657277 0.05193661971830986 0.01936619718309859 
0 0.0820862676056338 0.8999413145539906 0.04621478873239437 0.013497652582159625 
0 0.11201584507042253 0.9512910798122066 0.05941901408450704 0.022300469483568074 
0 0.8818221830985915 0.9498239436619719 0.09463028169014084 0.05457746478873239 
0 0.8221830985915493 0.20715962441314553 0.07482394366197183 0.051643192488262914 
0 0.21280809859154928 0.28667840375586856 0.0682218309859155 0.06279342723004695 
0 0.6439260563380281 0.20833333333333334 0.07394366197183098 0.05985915492957746 
0 0.39590669014084506 0.5360915492957746 0.07086267605633803 0.04988262910798122 
0 0.6415052816901409 0.3438967136150235 0.07350352112676056 0.046948356807511735 
0 0.48129401408450706 0.5360915492957746 0.07086267605633803 0.056924882629107984 
0 0.3025968309859155 0.3482981220657277 0.06734154929577464 0.04636150234741784 
0 0.3996478873239437 0.5862676056338029 0.06514084507042253 0.04929577464788732 
0 0.23349471830985916 0.528755868544601 0.08582746478873239 0.051643192488262914 
0 0.7372359154929577 0.46566901408450706 0.07042253521126761 0.06279342723004695 
0 0.855193661971831 0.8148474178403756 0.061619718309859156 0.027582159624413145 
0 0.6388644366197183 0.9797535211267606 0.0761443661971831 0.040492957746478875 
0 0.551056338028169 0.9821009389671361 0.08274647887323944 0.03345070422535211 
0 0.9412411971830986 0.8001760563380281 0.07702464788732394 0.04284037558685446 
0 0.941681338028169 0.7570422535211268 0.08230633802816902 0.04107981220657277 
0 0.9509242957746479 0.7144953051643192 0.07702464788732394 0.04988262910798122 
0 0.050836267605633804 0.9416079812206573 0.04533450704225352 0.014671361502347418 
0 0.04005281690140845 0.9636150234741784 0.05017605633802817 0.01995305164319249 
0 0.030149647887323945 0.9891431924882629 0.05941901408450704 0.02171361502347418 
0 0.09793133802816902 0.9835680751173709 0.06294014084507042 0.03051643192488263 
0 0.12147887323943662 0.926349765258216 0.04929577464788732 0.01584507042253521 
0 0.13424295774647887 0.9081572769953051 0.05193661971830986 0.014671361502347418 
0 0.19586267605633803 0.92018779342723 0.06073943661971831 0.046948356807511735 
0 0.18265845070422534 0.9703638497652582 0.06954225352112677 0.03697183098591549 
0 0.2649647887323944 0.9304577464788732 0.06073943661971831 0.03931924882629108 
0 0.25308098591549294 0.977406103286385 0.06073943661971831 0.04518779342723005 
0 0.3217429577464789 0.977406103286385 0.05721830985915493 0.04518779342723005 
0 0.33692781690140844 0.9210680751173709 0.0682218309859155 0.04988262910798122 
0 0.4047095070422535 0.9298708920187794 0.07174295774647887 0.04988262910798122 
0 0.394806338028169 0.9753521126760564 0.07834507042253522 0.046948356807511735 
0 0.4669894366197183 0.9847417840375586 0.07042253521126761 0.03051643192488263 
0 0.4777728873239437 0.9424882629107981 0.05941901408450704 0.03990610328638498 
0 0.13006161971830985 0.29284037558685444 0.07262323943661972 0.06807511737089202 
0 0.8602552816901409 0.8515258215962441 0.0761443661971831 0.04225352112676056 
0 0.7321742957746479 0.2106807511737089 0.07174295774647887 0.057511737089201875 
0 0.46412852112676056 0.22711267605633803 0.08494718309859155 0.09624413145539906 
0 0.43617957746478875 0.829518779342723 0.07482394366197183 0.04870892018779343 
0 0.4381602112676056 0.7937206572769953 0.05941901408450704 0.03814553990610329 
0 0.4381602112676056 0.7473591549295775 0.0682218309859155 0.04518779342723005 
0 0.375 0.7508802816901409 0.0625 0.061619718309859156 
0 0.3849031690140845 0.79518779342723 0.055897887323943664 0.04107981220657277 
0 0.37874119718309857 0.8339201877934272 0.05501760563380282 0.04225352112676056 
0 0.32108274647887325 0.8251173708920188 0.06029929577464789 0.04225352112676056 
0 0.31558098591549294 0.7904929577464789 0.0625 0.04107981220657277 
0 0.5004401408450704 0.8403755868544601 0.04929577464788732 0.046948356807511735 
0 0.31932218309859156 0.7508802816901409 0.05941901408450704 0.04988262910798122 
0 0.20180457746478872 0.7479460093896714 0.05941901408450704 0.03227699530516432 
0 0.1993838028169014 0.7860915492957746 0.06602112676056338 0.03814553990610329 
0 0.19850352112676056 0.8286384976525821 0.07042253521126761 0.04107981220657277 
0 0.13622359154929578 0.8163145539906104 0.06294014084507042 0.04812206572769953 
0 0.14216549295774647 0.7849178403755869 0.03961267605633803 0.03227699530516432 
0 0.14348591549295775 0.7414906103286385 0.05721830985915493 0.04870892018779343 
0 0.08824823943661972 0.733274647887324 0.050616197183098594 0.03814553990610329 
0 0.08450704225352113 0.7664319248826291 0.06073943661971831 0.03403755868544601 
0 0.25880281690140844 0.7855046948356808 0.05721830985915493 0.02523474178403756 
0 0.5015404929577465 0.7928403755868545 0.055897887323943664 0.06338028169014084 
0 0.4977992957746479 0.7414906103286385 0.0528169014084507 0.03931924882629108 
0 0.5543573943661971 0.7400234741784038 0.05149647887323944 0.03990610328638498 
0 0.3798415492957746 0.25704225352112675 0.08538732394366197 0.04812206572769953 
0 0.8532130281690141 0.7825704225352113 0.08582746478873239 0.031103286384976527 
0 0.8620158450704225 0.744424882629108 0.09463028169014084 0.03931924882629108 
0 0.862455985915493 0.6974765258215962 0.08934859154929578 0.06279342723004695 
0 0.784330985915493 0.715962441314554 0.0801056338028169 0.08215962441314555 
0 0.785431338028169 0.7761150234741784 0.08054577464788733 0.04988262910798122 
0 0.7838908450704225 0.8374413145539906 0.08362676056338028 0.07042253521126761 
0 0.706205985915493 0.8348004694835681 0.07350352112676056 0.061619718309859156 
0 0.2990757042253521 0.2811032863849765 0.0682218309859155 0.057511737089201875 
0 0.8188820422535211 0.2846244131455399 0.07350352112676056 0.045774647887323945 
0 0.5673415492957746 0.5296361502347418 0.08098591549295775 0.061619718309859156 
0 0.7040052816901409 0.7567488262910798 0.08054577464788733 0.09096244131455399 
0 0.6210387323943662 0.7098004694835681 0.09242957746478873 0.061619718309859156 
0 0.6243397887323944 0.7590962441314554 0.08142605633802817 0.03931924882629108 
0 0.6254401408450704 0.7972417840375586 0.07482394366197183 0.03345070422535211 
0 0.6269806338028169 0.8345070422535211 0.06294014084507042 0.046948356807511735 
0 0.5532570422535211 0.8441901408450704 0.0625 0.03345070422535211 
0 0.5609595070422535 0.8139671361502347 0.058538732394366196 0.035211267605633804 
0 0.5580985915492958 0.7805164319248826 0.0528169014084507 0.035211267605633804 
0 0.5550176056338029 0.2573356807511737 0.08098591549295775 0.04284037558685446 
0 0.6379841549295775 0.9395539906103286 0.08670774647887323 0.036384976525821594 
0 0.32922535211267606 0.4988262910798122 0.05721830985915493 0.05868544600938967 
0 0.23415492957746478 0.4650821596244131 0.08714788732394366 0.061619718309859156 
0 0.9383802816901409 0.8450704225352113 0.07130281690140845 0.0528169014084507 
0 0.23393485915492956 0.585093896713615 0.08054577464788733 0.056338028169014086 
0 0.737455985915493 0.5410798122065728 0.0664612676056338 0.04460093896713615 
0 0.12544014084507044 0.2238849765258216 0.06954225352112677 0.0698356807511737 
0 0.6450264084507042 0.28843896713615025 0.07350352112676056 0.052230046948356805 
0 0.8063380281690141 0.08333333333333333 0.07570422535211267 0.06455399061032864 
0 0.8884242957746479 0.08568075117370892 0.08142605633802817 0.05985915492957746 
0 0.8129401408450704 0.34624413145539906 0.06690140845070422 0.045774647887323945 
0 0.8857834507042254 0.3529929577464789 0.053257042253521125 0.056924882629107984 
0 0.26034330985915494 0.7458920187793427 0.05237676056338028 0.0528169014084507 
0 0.8180017605633803 0.6047535211267606 0.06558098591549295 0.034624413145539906 
0 0.7216109154929577 0.9501173708920188 0.05765845070422535 0.06103286384976526 
0 0.09044894366197183 0.8101525821596244 0.047975352112676055 0.04753521126760563 
0 0.26122359154929575 0.8230633802816901 0.05941901408450704 0.03814553990610329 
0 0.7977552816901409 0.9465962441314554 0.0761443661971831 0.04460093896713615 
0 0.08450704225352113 0.02171361502347418 0.07570422535211267 0.035211267605633804 
0 0.08604753521126761 0.061326291079812204 0.08142605633802817 0.03814553990610329 
0 0.08604753521126761 0.10534037558685445 0.08582746478873239 0.03814553990610329 
0 0.17627640845070422 0.10710093896713616 0.08142605633802817 0.04988262910798122 
0 0.5466549295774648 0.931924882629108 0.06338028169014084 0.04812206572769953 
0 0.1736355633802817 0.0534037558685446 0.07350352112676056 0.04812206572769953 
0 0.061619718309859156 0.2943075117370892 0.08450704225352113 0.06866197183098592 
0 0.15360915492957747 0.5252347417840375 0.0721830985915493 0.05868544600938967 
0 0.9683098591549296 0.505868544600939 0.06338028169014084 0.04107981220657277 
0 0.9694102112676056 0.539906103286385 0.061179577464788734 0.03873239436619718 
0 0.9667693661971831 0.5713028169014085 0.0664612676056338 0.03697183098591549 
0 0.9665492957746479 0.6117957746478874 0.06602112676056338 0.04988262910798122 
0 0.8943661971830986 0.6065140845070423 0.06954225352112677 0.03931924882629108 
0 0.9003080985915493 0.5595657276995305 0.08142605633802817 0.051056338028169015 
0 0.8959066901408451 0.5161384976525821 0.07702464788732394 0.04988262910798122 
0 0.8987676056338029 0.4636150234741784 0.07394366197183098 0.06455399061032864 
0 0.4863556338028169 0.590669014084507 0.07042253521126761 0.04284037558685446 
0 0.8213028169014085 0.47007042253521125 0.08362676056338028 0.06338028169014084 
0 0.815580985915493 0.5610328638497653 0.07482394366197183 0.045774647887323945 
0 0.7299735915492958 0.5971244131455399 0.09022887323943662 0.0733568075117371 
0 0.6500880281690141 0.5868544600938967 0.07834507042253522 0.1056338028169014 
0 0.5686619718309859 0.5903755868544601 0.07570422535211267 0.06924882629107981 
0 0.3970070422535211 0.4686032863849765 0.08274647887323944 0.06279342723004695 
0 0.31558098591549294 0.5762910798122066 0.06954225352112677 0.05868544600938967 
0 0.21412852112676056 0.3541666666666667 0.07174295774647887 0.051056338028169015 
0 0.731294014084507 0.2749413145539906 0.06910211267605634 0.04988262910798122 
0 0.8202024647887324 0.5155516431924883 0.07702464788732394 0.04518779342723005 
0 0.17539612676056338 0.019072769953051644 0.07262323943661972 0.03227699530516432 
0 0.2550616197183099 0.014377934272300469 0.07174295774647887 0.02640845070422535 
0 0.258362676056338 0.05046948356807512 0.07834507042253522 0.036384976525821594 
0 0.5550176056338029 0.3615023474178404 0.08362676056338028 0.04812206572769953 
0 0.46963028169014087 0.35768779342723006 0.07570422535211267 0.03814553990610329 
0 0.4689700704225352 0.3107394366197183 0.07702464788732394 0.04401408450704225 
0 0.464568661971831 0.25088028169014087 0.08142605633802817 0.04988262910798122 
0 0.38380281690140844 0.3512323943661972 0.0801056338028169 0.05457746478873239 
0 0.38534330985915494 0.3057511737089202 0.08582746478873239 0.03990610328638498 
0 0.375 0.20246478873239437 0.08274647887323944 0.07042253521126761 
0 0.29643485915492956 0.21038732394366197 0.07702464788732394 0.06866197183098592 
0 0.5477552816901409 0.20158450704225353 0.07790492957746478 0.05457746478873239 
0 0.1368838028169014 0.3512323943661972 0.0721830985915493 0.06044600938967136 
0 0.05545774647887324 0.22359154929577466 0.07482394366197183 0.0715962441314554 
0 0.07130281690140845 0.44366197183098594 0.07130281690140845 0.051643192488262914 
0 0.0724031690140845 0.4765258215962441 0.06734154929577464 0.046948356807511735 
0 0.07724471830985916 0.5149647887323944 0.05941901408450704 0.03814553990610329 
0 0.0840669014084507 0.5536971830985915 0.061619718309859156 0.04870892018779343 
0 0.09110915492957747 0.5941901408450704 0.0625 0.03814553990610329 
0 0.1538292253521127 0.4592136150234742 0.07350352112676056 0.05575117370892019 
0 0.15779049295774647 0.5809859154929577 0.06382042253521127 0.0528169014084507 
0 0.06734154929577464 0.35710093896713613 0.07042253521126761 0.06279342723004695 
0 0.5543573943661971 0.3086854460093897 0.08670774647887323 0.04812206572769953 
0 0.954225352112676 0.20158450704225353 0.0528169014084507 0.05457746478873239 
0 0.9504841549295775 0.25146713615023475 0.055897887323943664 0.05457746478873239 
0 0.26122359154929575 0.09448356807511737 0.08142605633802817 0.051643192488262914 
0 0.3536531690140845 0.041666666666666664 0.07702464788732394 0.051643192488262914 
0 0.35079225352112675 0.09683098591549295 0.07394366197183098 0.046948356807511735 
0 0.4465228873239437 0.10123239436619719 0.08054577464788733 0.05575117370892019 
0 0.4399207746478873 0.03667840375586855 0.09110915492957747 0.04401408450704225 
0 0.5261883802816901 0.03227699530516432 0.08582746478873239 0.04107981220657277 
0 0.532350352112676 0.09683098591549295 0.09551056338028169 0.046948356807511735 
0 0.6276408450704225 0.09066901408450705 0.10123239436619719 0.061619718309859156 
0 0.6329225352112676 0.041666666666666664 0.09242957746478873 0.06924882629107981 
0 0.7139084507042254 0.03286384976525822 0.08890845070422536 0.057511737089201875 
0 0.7238116197183099 0.09008215962441314 0.08230633802816902 0.051056338028169015 
0 0.8096390845070423 0.024061032863849766 0.08230633802816902 0.045774647887323945 
0 0.8888644366197183 0.024061032863849766 0.07174295774647887 0.03990610328638498 
0 0.9669894366197183 0.08568075117370892 0.0625 0.09507042253521127 
0 0.8932658450704225 0.2051056338028169 0.055897887323943664 0.04988262910798122 
0 0.8932658450704225 0.2549882629107981 0.058538732394366196 0.03814553990610329 
0 0.8884242957746479 0.30428403755868544 0.050616197183098594 0.04870892018779343 
0 0.9482834507042254 0.3512323943661972 0.055897887323943664 0.051056338028169015 
0 0.9504841549295775 0.2984154929577465 0.058538732394366196 0.04518779342723005 
0 0.9674295774647887 0.4686032863849765 0.05721830985915493 0.04284037558685446 
0 0.0409330985915493 0.7127347417840375 0.03961267605633803 0.04401408450704225 
0 0.03587147887323944 0.7634976525821596 0.058538732394366196 0.04225352112676056 
0 0.03829225352112676 0.8060446009389671 0.058098591549295774 0.03931924882629108 
0 0.9606073943661971 0.9413145539906104 0.07878521126760564 0.03990610328638498 
0 0.9667693661971831 0.9809272300469484 0.0664612676056338 0.034624413145539906 
0 0.8893045774647887 0.988556338028169 0.0743838028169014 0.022887323943661973 
0 0.8054577464788732 0.9870892018779343 0.08274647887323944 0.025821596244131457 
0 0.7240316901408451 0.9876760563380281 0.06954225352112677 0.02464788732394366 
0 0.06954225352112677 0.920481220657277 0.05193661971830986 0.01936619718309859 
0 0.0820862676056338 0.8999413145539906 0.04621478873239437 0.013497652582159625 
0 0.11201584507042253 0.9512910798122066 0.05941901408450704 0.022300469483568074 
0 0.8818221830985915 0.9498239436619719 0.09463028169014084 0.05457746478873239 
0 0.8221830985915493 0.20715962441314553 0.07482394366197183 0.051643192488262914 
0 0.21280809859154928 0.28667840375586856 0.0682218309859155 0.06279342723004695 
0 0.6439260563380281 0.20833333333333334 0.07394366197183098 0.05985915492957746 
0 0.39590669014084506 0.5360915492957746 0.07086267605633803 0.04988262910798122 
0 0.6415052816901409 0.3438967136150235 0.07350352112676056 0.046948356807511735 
0 0.48129401408450706 0.5360915492957746 0.07086267605633803 0.056924882629107984 
0 0.3025968309859155 0.3482981220657277 0.06734154929577464 0.04636150234741784 
0 0.3996478873239437 0.5862676056338029 0.06514084507042253 0.04929577464788732 
0 0.23349471830985916 0.528755868544601 0.08582746478873239 0.051643192488262914 
0 0.7372359154929577 0.46566901408450706 0.07042253521126761 0.06279342723004695 
0 0.855193661971831 0.8148474178403756 0.061619718309859156 0.027582159624413145 
0 0.6388644366197183 0.9797535211267606 0.0761443661971831 0.040492957746478875 
0 0.551056338028169 0.9821009389671361 0.08274647887323944 0.03345070422535211 
0 0.9412411971830986 0.8001760563380281 0.07702464788732394 0.04284037558685446 
0 0.941681338028169 0.7570422535211268 0.08230633802816902 0.04107981220657277 
0 0.9509242957746479 0.7144953051643192 0.07702464788732394 0.04988262910798122 
0 0.050836267605633804 0.9416079812206573 0.04533450704225352 0.014671361502347418 
0 0.04005281690140845 0.9636150234741784 0.05017605633802817 0.01995305164319249 
0 0.030149647887323945 0.9891431924882629 0.05941901408450704 0.02171361502347418 
0 0.09793133802816902 0.9835680751173709 0.06294014084507042 0.03051643192488263 
0 0.12147887323943662 0.926349765258216 0.04929577464788732 0.01584507042253521 
0 0.13424295774647887 0.9081572769953051 0.05193661971830986 0.014671361502347418 
0 0.19586267605633803 0.92018779342723 0.06073943661971831 0.046948356807511735 
0 0.18265845070422534 0.9703638497652582 0.06954225352112677 0.03697183098591549 
0 0.2649647887323944 0.9304577464788732 0.06073943661971831 0.03931924882629108 
0 0.25308098591549294 0.977406103286385 0.06073943661971831 0.04518779342723005 
0 0.3217429577464789 0.977406103286385 0.05721830985915493 0.04518779342723005 
0 0.33692781690140844 0.9210680751173709 0.0682218309859155 0.04988262910798122 
0 0.4047095070422535 0.9298708920187794 0.07174295774647887 0.04988262910798122 
0 0.394806338028169 0.9753521126760564 0.07834507042253522 0.046948356807511735 
0 0.4669894366197183 0.9847417840375586 0.07042253521126761 0.03051643192488263 
0 0.4777728873239437 0.9424882629107981 0.05941901408450704 0.03990610328638498 
0 0.13006161971830985 0.29284037558685444 0.07262323943661972 0.06807511737089202 
0 0.8602552816901409 0.8515258215962441 0.0761443661971831 0.04225352112676056 
0 0.7321742957746479 0.2106807511737089 0.07174295774647887 0.057511737089201875 
0 0.46412852112676056 0.22711267605633803 0.08494718309859155 0.09624413145539906 
0 0.43617957746478875 0.829518779342723 0.07482394366197183 0.04870892018779343 
0 0.4381602112676056 0.7937206572769953 0.05941901408450704 0.03814553990610329 
0 0.4381602112676056 0.7473591549295775 0.0682218309859155 0.04518779342723005 
0 0.375 0.7508802816901409 0.0625 0.061619718309859156 
0 0.3849031690140845 0.79518779342723 0.055897887323943664 0.04107981220657277 
0 0.37874119718309857 0.8339201877934272 0.05501760563380282 0.04225352112676056 
0 0.32108274647887325 0.8251173708920188 0.06029929577464789 0.04225352112676056 
0 0.31558098591549294 0.7904929577464789 0.0625 0.04107981220657277 
0 0.5004401408450704 0.8403755868544601 0.04929577464788732 0.046948356807511735 
0 0.31932218309859156 0.7508802816901409 0.05941901408450704 0.04988262910798122 
0 0.20180457746478872 0.7479460093896714 0.05941901408450704 0.03227699530516432 
0 0.1993838028169014 0.7860915492957746 0.06602112676056338 0.03814553990610329 
0 0.19850352112676056 0.8286384976525821 0.07042253521126761 0.04107981220657277 
0 0.13622359154929578 0.8163145539906104 0.06294014084507042 0.04812206572769953 
0 0.14216549295774647 0.7849178403755869 0.03961267605633803 0.03227699530516432 
0 0.14348591549295775 0.7414906103286385 0.05721830985915493 0.04870892018779343 
0 0.08824823943661972 0.733274647887324 0.050616197183098594 0.03814553990610329 
0 0.08450704225352113 0.7664319248826291 0.06073943661971831 0.03403755868544601 
0 0.25880281690140844 0.7855046948356808 0.05721830985915493 0.02523474178403756 
0 0.5015404929577465 0.7928403755868545 0.055897887323943664 0.06338028169014084 
0 0.4977992957746479 0.7414906103286385 0.0528169014084507 0.03931924882629108 
0 0.5543573943661971 0.7400234741784038 0.05149647887323944 0.03990610328638498 
0 0.3798415492957746 0.25704225352112675 0.08538732394366197 0.04812206572769953 
0 0.8532130281690141 0.7825704225352113 0.08582746478873239 0.031103286384976527 
0 0.8620158450704225 0.744424882629108 0.09463028169014084 0.03931924882629108 
0 0.862455985915493 0.6974765258215962 0.08934859154929578 0.06279342723004695 
0 0.784330985915493 0.715962441314554 0.0801056338028169 0.08215962441314555 
0 0.785431338028169 0.7761150234741784 0.08054577464788733 0.04988262910798122 
0 0.7838908450704225 0.8374413145539906 0.08362676056338028 0.07042253521126761 
0 0.706205985915493 0.8348004694835681 0.07350352112676056 0.061619718309859156 
0 0.2990757042253521 0.2811032863849765 0.0682218309859155 0.057511737089201875 
0 0.8188820422535211 0.2846244131455399 0.07350352112676056 0.045774647887323945 
0 0.5673415492957746 0.5296361502347418 0.08098591549295775 0.061619718309859156 
0 0.7040052816901409 0.7567488262910798 0.08054577464788733 0.09096244131455399 
0 0.6210387323943662 0.7098004694835681 0.09242957746478873 0.061619718309859156 
0 0.6243397887323944 0.7590962441314554 0.08142605633802817 0.03931924882629108 
0 0.6254401408450704 0.7972417840375586 0.07482394366197183 0.03345070422535211 
0 0.6269806338028169 0.8345070422535211 0.06294014084507042 0.046948356807511735 
0 0.5532570422535211 0.8441901408450704 0.0625 0.03345070422535211 
0 0.5609595070422535 0.8139671361502347 0.058538732394366196 0.035211267605633804 
0 0.5580985915492958 0.7805164319248826 0.0528169014084507 0.035211267605633804 
0 0.5550176056338029 0.2573356807511737 0.08098591549295775 0.04284037558685446 
0 0.6379841549295775 0.9395539906103286 0.08670774647887323 0.036384976525821594 
0 0.32922535211267606 0.4988262910798122 0.05721830985915493 0.05868544600938967 
0 0.23415492957746478 0.4650821596244131 0.08714788732394366 0.061619718309859156 
