0 0.7737676056338029 0.7948943661971831 0.06602112676056338 0.04753521126760563 
0 0.6934419014084507 0.19278169014084506 0.0840669014084507 0.10504694835680752 
0 0.1230193661971831 0.4686032863849765 0.05149647887323944 0.051056338028169015 
0 0.33912852112676056 0.7529342723004695 0.07086267605633803 0.0903755868544601 
0 0.7737676056338029 0.335387323943662 0.07834507042253522 0.058098591549295774 
0 0.6868397887323944 0.33215962441314556 0.06998239436619719 0.04929577464788732 
0 0.7838908450704225 0.19248826291079812 0.0721830985915493 0.06572769953051644 
0 0.6839788732394366 0.267018779342723 0.0801056338028169 0.0528169014084507 
0 0.3496919014084507 0.31514084507042256 0.06294014084507042 0.03873239436619718 
0 0.5974911971830986 0.33480046948356806 0.07262323943661972 0.041666666666666664 
0 0.606294014084507 0.1875 0.08318661971830986 0.10152582159624413 
0 0.12169894366197183 0.5140845070422535 0.04533450704225352 0.036384976525821594 
0 0.27024647887323944 0.2634976525821596 0.07834507042253522 0.04342723004694836 
0 0.12632042253521128 0.5522300469483568 0.04929577464788732 0.03990610328638498 
0 0.07350352112676056 0.545481220657277 0.056338028169014086 0.061619718309859156 
0 0.0724031690140845 0.4809272300469484 0.04533450704225352 0.061619718309859156 
0 0.8457306338028169 0.9245892018779343 0.06470070422535211 0.04870892018779343 
0 0.9357394366197183 0.9269366197183099 0.07130281690140845 0.058098591549295774 
0 0.5422535211267606 0.9245892018779343 0.06690140845070422 0.03345070422535211 
0 0.6941021126760564 0.8221830985915493 0.07394366197183098 0.09859154929577464 
0 0.6115757042253521 0.8970070422535211 0.05677816901408451 0.04870892018779343 
0 0.6888204225352113 0.9025821596244131 0.0801056338028169 0.06103286384976526 
0 0.21412852112676056 0.8811619718309859 0.05941901408450704 0.03931924882629108 
0 0.2092869718309859 0.7796361502347418 0.05941901408450704 0.08392018779342723 
0 0.7660651408450704 0.9110915492957746 0.06205985915492958 0.058098591549295774 
0 0.972931338028169 0.5176056338028169 0.04621478873239437 0.05868544600938967 
0 0.7880721830985915 0.04870892018779343 0.08582746478873239 0.07511737089201878 
0 0.777068661971831 0.2687793427230047 0.07878521126760564 0.057511737089201875 
0 0.8789612676056338 0.04929577464788732 0.08450704225352113 0.0892018779342723 
0 0.9610475352112676 0.20187793427230047 0.08054577464788733 0.051643192488262914 
0 0.9575264084507042 0.3485915492957746 0.07790492957746478 0.04812206572769953 
0 0.9599471830985915 0.2811032863849765 0.08538732394366197 0.05516431924882629 
0 0.907350352112676 0.5950704225352113 0.050616197183098594 0.04460093896713615 
0 0.3578345070422535 0.255575117370892 0.061619718309859156 0.04284037558685446 
0 0.6525088028169014 0.522887323943662 0.05765845070422535 0.046948356807511735 
0 0.8642165492957746 0.3306924882629108 0.05941901408450704 0.06279342723004695 
0 0.17407570422535212 0.4240023474178404 0.06205985915492958 0.06396713615023474 
0 0.03125 0.8280516431924883 0.061619718309859156 0.06338028169014084 
0 0.17913732394366197 0.5223004694835681 0.06954225352112677 0.046948356807511735 
0 0.43221830985915494 0.28433098591549294 0.07394366197183098 0.04988262910798122 
0 0.4267165492957746 0.22505868544600938 0.06910211267605634 0.06044600938967136 
0 0.5092429577464789 0.32717136150234744 0.07394366197183098 0.05575117370892019 
0 0.5077024647887324 0.2828638497652582 0.07702464788732394 0.04107981220657277 
0 0.5070422535211268 0.24266431924882628 0.07570422535211267 0.03931924882629108 
0 0.5092429577464789 0.20363849765258216 0.08274647887323944 0.035211267605633804 
0 0.504181338028169 0.159037558685446 0.07702464788732394 0.04812206572769953 
0 0.8646566901408451 0.23386150234741784 0.07350352112676056 0.07805164319248827 
0 0.6859595070422535 0.7039319248826291 0.0682218309859155 0.02640845070422535 
0 0.7605633802816901 0.7056924882629108 0.07922535211267606 0.03814553990610329 
0 0.8470510563380281 0.7702464788732394 0.08670774647887323 0.04988262910798122 
0 0.8360475352112676 0.7136150234741784 0.08230633802816902 0.04812206572769953 
0 0.913512323943662 0.7121478873239436 0.07702464788732394 0.04284037558685446 
0 0.9273767605633803 0.7620305164319249 0.08274647887323944 0.056924882629107984 
0 0.9465228873239436 0.8368544600938967 0.09022887323943662 0.10093896713615023 
0 0.8613556338028169 0.8389084507042254 0.08450704225352113 0.10269953051643192 
0 0.6919014084507042 0.7479460093896714 0.07570422535211267 0.04401408450704225 
0 0.6210387323943662 0.8389084507042254 0.061619718309859156 0.04401408450704225 
0 0.6225792253521126 0.784037558685446 0.06470070422535211 0.06572769953051644 
0 0.6203785211267606 0.7253521126760564 0.06294014084507042 0.051643192488262914 
0 0.5532570422535211 0.7180164319248826 0.056338028169014086 0.031103286384976527 
0 0.5521566901408451 0.7423708920187794 0.05413732394366197 0.029342723004694836 
0 0.5525968309859155 0.7907863849765259 0.05941901408450704 0.0733568075117371 
0 0.5466549295774648 0.8485915492957746 0.06954225352112677 0.045774647887323945 
0 0.5466549295774648 0.8911384976525821 0.06073943661971831 0.03345070422535211 
0 0.4768926056338028 0.9022887323943662 0.06382042253521127 0.0733568075117371 
0 0.4746919014084507 0.8427230046948356 0.05501760563380282 0.03403755868544601 
0 0.4282570422535211 0.3283450704225352 0.07482394366197183 0.05575117370892019 
0 0.4779929577464789 0.7869718309859155 0.05721830985915493 0.07746478873239436 
0 0.3644366197183099 0.20099765258215962 0.07482394366197183 0.05575117370892019 
0 0.2638644366197183 0.22359154929577466 0.08494718309859155 0.03403755868544601 
0 0.1795774647887324 0.4818075117370892 0.06602112676056338 0.051643192488262914 
0 0.22711267605633803 0.05927230046948357 0.07922535211267606 0.05985915492957746 
0 0.3298855633802817 0.0539906103286385 0.08670774647887323 0.07042253521126761 
0 0.4179137323943662 0.04401408450704225 0.09815140845070422 0.08215962441314555 
0 0.5096830985915493 0.054870892018779344 0.09683098591549295 0.06866197183098592 
0 0.6005721830985915 0.04988262910798122 0.08494718309859155 0.09389671361502347 
0 0.6930017605633803 0.05134976525821596 0.09375 0.09096244131455399 
0 0.9680897887323944 0.07394366197183098 0.06294014084507042 0.06924882629107981 
0 0.02596830985915493 0.45539906103286387 0.03961267605633803 0.036384976525821594 
0 0.014084507042253521 0.5507629107981221 0.02640845070422535 0.051056338028169015 
0 0.024867957746478875 0.6338028169014085 0.0488556338028169 0.029342723004694836 
0 0.01936619718309859 0.6681338028169014 0.037852112676056336 0.03345070422535211 
0 0.14216549295774647 0.05868544600938967 0.0880281690140845 0.046948356807511735 
0 0.05435739436619718 0.04460093896713615 0.1034330985915493 0.06924882629107981 
0 0.03895246478873239 0.30927230046948356 0.0682218309859155 0.046948356807511735 
0 0.032350352112676055 0.2596830985915493 0.06382042253521127 0.040492957746478875 
0 0.030149647887323945 0.20892018779342722 0.05941901408450704 0.04225352112676056 
0 0.02948943661971831 0.15258215962441316 0.058098591549295774 0.0528169014084507 
0 0.1113556338028169 0.31161971830985913 0.07042253521126761 0.04812206572769953 
0 0.10651408450704225 0.2596830985915493 0.07130281690140845 0.04988262910798122 
0 0.09815140845070422 0.2068661971830986 0.07922535211267606 0.04988262910798122 
0 0.1780369718309859 0.1552230046948357 0.0761443661971831 0.03814553990610329 
0 0.1780369718309859 0.1942488262910798 0.06910211267605634 0.03403755868544601 
0 0.18639964788732394 0.23444835680751175 0.07262323943661972 0.04401408450704225 
0 0.1857394366197183 0.272593896713615 0.06514084507042253 0.04401408450704225 
0 0.18529929577464788 0.31015258215962443 0.06602112676056338 0.04518779342723005 
0 0.26870598591549294 0.3174882629107981 0.08142605633802817 0.036384976525821594 
0 0.25946302816901406 0.1693075117370892 0.08494718309859155 0.06866197183098592 
0 0.4795334507042254 0.7341549295774648 0.05413732394366197 0.028169014084507043 
0 0.09727112676056338 0.15258215962441316 0.07042253521126761 0.0528169014084507 
0 0.41901408450704225 0.6945422535211268 0.04929577464788732 0.03345070422535211 
0 0.7849911971830986 0.5132042253521126 0.0682218309859155 0.06748826291079812 
0 0.7205105633802817 0.5052816901408451 0.06954225352112677 0.05985915492957746 
0 0.7143485915492958 0.5586854460093896 0.06602112676056338 0.046948356807511735 
0 0.7084066901408451 0.6050469483568075 0.06734154929577464 0.03990610328638498 
0 0.6428257042253521 0.6006455399061033 0.07262323943661972 0.03931924882629108 
0 0.6452464788732394 0.5507629107981221 0.07042253521126761 0.04870892018779343 
0 0.5724031690140845 0.573650234741784 0.050616197183098594 0.04401408450704225 
0 0.5768045774647887 0.5316901408450704 0.0682218309859155 0.036384976525821594 
0 0.5757042253521126 0.477406103286385 0.07042253521126761 0.06866197183098592 
0 0.5121038732394366 0.47300469483568075 0.05941901408450704 0.051643192488262914 
0 0.5066021126760564 0.5190727699530516 0.06602112676056338 0.04988262910798122 
0 0.5048415492957746 0.5721830985915493 0.0625 0.046948356807511735 
0 0.4410211267605634 0.5748239436619719 0.07570422535211267 0.04401408450704225 
0 0.43617957746478875 0.5322769953051644 0.06602112676056338 0.04107981220657277 
0 0.43882042253521125 0.4794600938967136 0.056338028169014086 0.0528169014084507 
0 0.37389964788732394 0.4818075117370892 0.055897887323943664 0.06924882629107981 
0 0.375 0.5296361502347418 0.05193661971830986 0.03814553990610329 
0 0.3699383802816901 0.5713028169014085 0.05941901408450704 0.04284037558685446 
0 0.3001760563380282 0.5713028169014085 0.0625 0.03697183098591549 
0 0.3050176056338028 0.5346244131455399 0.06602112676056338 0.036384976525821594 
0 0.30127640845070425 0.4950117370892019 0.06470070422535211 0.03931924882629108 
0 0.3034771126760563 0.44366197183098594 0.06294014084507042 0.05985915492957746 
0 0.24735915492957747 0.431924882629108 0.06514084507042253 0.06338028169014084 
0 0.4828345070422535 0.6960093896713615 0.056338028169014086 0.03403755868544601 
0 0.2418573943661972 0.5663145539906104 0.06029929577464789 0.035211267605633804 
0 0.24295774647887325 0.5308098591549296 0.05369718309859155 0.04401408450704225 
0 0.18089788732394366 0.5586854460093896 0.061619718309859156 0.04107981220657277 
0 0.7827904929577465 0.5595657276995305 0.06382042253521127 0.04284037558685446 
0 0.7761883802816901 0.6041666666666666 0.06382042253521127 0.03227699530516432 
0 0.23965669014084506 0.4876760563380282 0.055897887323943664 0.045774647887323945 
0 0.8481514084507042 0.5619131455399061 0.07130281690140845 0.04401408450704225 
0 0.4102112676056338 0.7409037558685446 0.06954225352112677 0.0733568075117371 
0 0.8411091549295775 0.6035798122065728 0.061619718309859156 0.03931924882629108 
0 0.4117517605633803 0.7846244131455399 0.0682218309859155 0.04107981220657277 
0 0.4095510563380282 0.8274647887323944 0.05941901408450704 0.046948356807511735 
0 0.4102112676056338 0.9043427230046949 0.0625 0.036384976525821594 
0 0.40625 0.8641431924882629 0.05721830985915493 0.04401408450704225 
0 0.34419014084507044 0.9005281690140845 0.058098591549295774 0.03814553990610329 
0 0.3371478873239437 0.8641431924882629 0.061619718309859156 0.04401408450704225 
0 0.33912852112676056 0.8221830985915493 0.06382042253521127 0.03990610328638498 
0 0.27596830985915494 0.8573943661971831 0.06073943661971831 0.03403755868544601 
0 0.2788292253521127 0.7922535211267606 0.05501760563380282 0.09389671361502347 
0 0.2088468309859155 0.8433098591549296 0.055897887323943664 0.035211267605633804 
0 0.23415492957746478 0.7136150234741784 0.0448943661971831 0.04225352112676056 
0 0.24119718309859156 0.67018779342723 0.05721830985915493 0.04107981220657277 
0 0.28411091549295775 0.8961267605633803 0.0682218309859155 0.035211267605633804 
0 0.1698943661971831 0.7068661971830986 0.05721830985915493 0.04401408450704225 
0 0.18397887323943662 0.6666666666666666 0.05721830985915493 0.045774647887323945 
0 0.909330985915493 0.5625 0.061619718309859156 0.04284037558685446 
0 0.9685299295774648 0.5654342723004695 0.05501760563380282 0.03697183098591549 
0 0.9654489436619719 0.602112676056338 0.05501760563380282 0.04225352112676056 
0 0.045554577464788734 0.7546948356807511 0.06382042253521127 0.07746478873239436 
0 0.08934859154929578 0.7978286384976526 0.0528169014084507 0.061619718309859156 
0 0.09110915492957747 0.8550469483568075 0.05369718309859155 0.046948356807511735 
0 0.1505281690140845 0.875 0.06690140845070422 0.03403755868544601 
0 0.9071302816901409 0.5161384976525821 0.05721830985915493 0.061619718309859156 
0 0.8514524647887324 0.511150234741784 0.06029929577464789 0.057511737089201875 
0 0.14348591549295775 0.8303990610328639 0.061619718309859156 0.04107981220657277 
0 0.14502640845070422 0.7811032863849765 0.058538732394366196 0.08333333333333333 
0 0.7737676056338029 0.7948943661971831 0.06602112676056338 0.04753521126760563 
0 0.6934419014084507 0.19278169014084506 0.0840669014084507 0.10504694835680752 
0 0.1230193661971831 0.4686032863849765 0.05149647887323944 0.051056338028169015 
0 0.33912852112676056 0.7529342723004695 0.07086267605633803 0.0903755868544601 
0 0.7737676056338029 0.335387323943662 0.07834507042253522 0.058098591549295774 
0 0.6868397887323944 0.33215962441314556 0.06998239436619719 0.04929577464788732 
0 0.7838908450704225 0.19248826291079812 0.0721830985915493 0.06572769953051644 
0 0.6839788732394366 0.267018779342723 0.0801056338028169 0.0528169014084507 
0 0.3496919014084507 0.31514084507042256 0.06294014084507042 0.03873239436619718 
0 0.5974911971830986 0.33480046948356806 0.07262323943661972 0.041666666666666664 
0 0.606294014084507 0.1875 0.08318661971830986 0.10152582159624413 
0 0.12169894366197183 0.5140845070422535 0.04533450704225352 0.036384976525821594 
0 0.27024647887323944 0.2634976525821596 0.07834507042253522 0.04342723004694836 
0 0.12632042253521128 0.5522300469483568 0.04929577464788732 0.03990610328638498 
0 0.07350352112676056 0.545481220657277 0.056338028169014086 0.061619718309859156 
0 0.0724031690140845 0.4809272300469484 0.04533450704225352 0.061619718309859156 
0 0.8457306338028169 0.9245892018779343 0.06470070422535211 0.04870892018779343 
0 0.9357394366197183 0.9269366197183099 0.07130281690140845 0.058098591549295774 
0 0.5422535211267606 0.9245892018779343 0.06690140845070422 0.03345070422535211 
0 0.6941021126760564 0.8221830985915493 0.07394366197183098 0.09859154929577464 
0 0.6115757042253521 0.8970070422535211 0.05677816901408451 0.04870892018779343 
0 0.6888204225352113 0.9025821596244131 0.0801056338028169 0.06103286384976526 
0 0.21412852112676056 0.8811619718309859 0.05941901408450704 0.03931924882629108 
0 0.2092869718309859 0.7796361502347418 0.05941901408450704 0.08392018779342723 
0 0.7660651408450704 0.9110915492957746 0.06205985915492958 0.058098591549295774 
0 0.972931338028169 0.5176056338028169 0.04621478873239437 0.05868544600938967 
0 0.7880721830985915 0.04870892018779343 0.08582746478873239 0.07511737089201878 
0 0.777068661971831 0.2687793427230047 0.07878521126760564 0.057511737089201875 
0 0.8789612676056338 0.04929577464788732 0.08450704225352113 0.0892018779342723 
0 0.9610475352112676 0.20187793427230047 0.08054577464788733 0.051643192488262914 
0 0.9575264084507042 0.3485915492957746 0.07790492957746478 0.04812206572769953 
0 0.9599471830985915 0.2811032863849765 0.08538732394366197 0.05516431924882629 
0 0.907350352112676 0.5950704225352113 0.050616197183098594 0.04460093896713615 
0 0.3578345070422535 0.255575117370892 0.061619718309859156 0.04284037558685446 
0 0.6525088028169014 0.522887323943662 0.05765845070422535 0.046948356807511735 
0 0.8642165492957746 0.3306924882629108 0.05941901408450704 0.06279342723004695 
0 0.17407570422535212 0.4240023474178404 0.06205985915492958 0.06396713615023474 
0 0.03125 0.8280516431924883 0.061619718309859156 0.06338028169014084 
0 0.17913732394366197 0.5223004694835681 0.06954225352112677 0.046948356807511735 
0 0.43221830985915494 0.28433098591549294 0.07394366197183098 0.04988262910798122 
0 0.4267165492957746 0.22505868544600938 0.06910211267605634 0.06044600938967136 
0 0.5092429577464789 0.32717136150234744 0.07394366197183098 0.05575117370892019 
0 0.5077024647887324 0.2828638497652582 0.07702464788732394 0.04107981220657277 
0 0.5070422535211268 0.24266431924882628 0.07570422535211267 0.03931924882629108 
0 0.5092429577464789 0.20363849765258216 0.08274647887323944 0.035211267605633804 
0 0.504181338028169 0.159037558685446 0.07702464788732394 0.04812206572769953 
0 0.8646566901408451 0.23386150234741784 0.07350352112676056 0.07805164319248827 
0 0.6859595070422535 0.7039319248826291 0.0682218309859155 0.02640845070422535 
0 0.7605633802816901 0.7056924882629108 0.07922535211267606 0.03814553990610329 
0 0.8470510563380281 0.7702464788732394 0.08670774647887323 0.04988262910798122 
0 0.8360475352112676 0.7136150234741784 0.08230633802816902 0.04812206572769953 
0 0.913512323943662 0.7121478873239436 0.07702464788732394 0.04284037558685446 
0 0.9273767605633803 0.7620305164319249 0.08274647887323944 0.056924882629107984 
0 0.9465228873239436 0.8368544600938967 0.09022887323943662 0.10093896713615023 
0 0.8613556338028169 0.8389084507042254 0.08450704225352113 0.10269953051643192 
0 0.6919014084507042 0.7479460093896714 0.07570422535211267 0.04401408450704225 
0 0.6210387323943662 0.8389084507042254 0.061619718309859156 0.04401408450704225 
0 0.6225792253521126 0.784037558685446 0.06470070422535211 0.06572769953051644 
0 0.6203785211267606 0.7253521126760564 0.06294014084507042 0.051643192488262914 
0 0.5532570422535211 0.7180164319248826 0.056338028169014086 0.031103286384976527 
0 0.5521566901408451 0.7423708920187794 0.05413732394366197 0.029342723004694836 
0 0.5525968309859155 0.7907863849765259 0.05941901408450704 0.0733568075117371 
0 0.5466549295774648 0.8485915492957746 0.06954225352112677 0.045774647887323945 
0 0.5466549295774648 0.8911384976525821 0.06073943661971831 0.03345070422535211 
0 0.4768926056338028 0.9022887323943662 0.06382042253521127 0.0733568075117371 
0 0.4746919014084507 0.8427230046948356 0.05501760563380282 0.03403755868544601 
0 0.4282570422535211 0.3283450704225352 0.07482394366197183 0.05575117370892019 
0 0.4779929577464789 0.7869718309859155 0.05721830985915493 0.07746478873239436 
0 0.3644366197183099 0.20099765258215962 0.07482394366197183 0.05575117370892019 
0 0.2638644366197183 0.22359154929577466 0.08494718309859155 0.03403755868544601 
0 0.1795774647887324 0.4818075117370892 0.06602112676056338 0.051643192488262914 
0 0.22711267605633803 0.05927230046948357 0.07922535211267606 0.05985915492957746 
0 0.3298855633802817 0.0539906103286385 0.08670774647887323 0.07042253521126761 
0 0.4179137323943662 0.04401408450704225 0.09815140845070422 0.08215962441314555 
0 0.5096830985915493 0.054870892018779344 0.09683098591549295 0.06866197183098592 
0 0.6005721830985915 0.04988262910798122 0.08494718309859155 0.09389671361502347 
0 0.6930017605633803 0.05134976525821596 0.09375 0.09096244131455399 
0 0.9680897887323944 0.07394366197183098 0.06294014084507042 0.06924882629107981 
0 0.02596830985915493 0.45539906103286387 0.03961267605633803 0.036384976525821594 
0 0.014084507042253521 0.5507629107981221 0.02640845070422535 0.051056338028169015 
0 0.024867957746478875 0.6338028169014085 0.0488556338028169 0.029342723004694836 
0 0.01936619718309859 0.6681338028169014 0.037852112676056336 0.03345070422535211 
0 0.14216549295774647 0.05868544600938967 0.0880281690140845 0.046948356807511735 
0 0.05435739436619718 0.04460093896713615 0.1034330985915493 0.06924882629107981 
0 0.03895246478873239 0.30927230046948356 0.0682218309859155 0.046948356807511735 
0 0.032350352112676055 0.2596830985915493 0.06382042253521127 0.040492957746478875 
0 0.030149647887323945 0.20892018779342722 0.05941901408450704 0.04225352112676056 
0 0.02948943661971831 0.15258215962441316 0.058098591549295774 0.0528169014084507 
0 0.1113556338028169 0.31161971830985913 0.07042253521126761 0.04812206572769953 
0 0.10651408450704225 0.2596830985915493 0.07130281690140845 0.04988262910798122 
0 0.09815140845070422 0.2068661971830986 0.07922535211267606 0.04988262910798122 
0 0.1780369718309859 0.1552230046948357 0.0761443661971831 0.03814553990610329 
0 0.1780369718309859 0.1942488262910798 0.06910211267605634 0.03403755868544601 
0 0.18639964788732394 0.23444835680751175 0.07262323943661972 0.04401408450704225 
0 0.1857394366197183 0.272593896713615 0.06514084507042253 0.04401408450704225 
0 0.18529929577464788 0.31015258215962443 0.06602112676056338 0.04518779342723005 
0 0.26870598591549294 0.3174882629107981 0.08142605633802817 0.036384976525821594 
0 0.25946302816901406 0.1693075117370892 0.08494718309859155 0.06866197183098592 
0 0.4795334507042254 0.7341549295774648 0.05413732394366197 0.028169014084507043 
0 0.09727112676056338 0.15258215962441316 0.07042253521126761 0.0528169014084507 
0 0.41901408450704225 0.6945422535211268 0.04929577464788732 0.03345070422535211 
0 0.7849911971830986 0.5132042253521126 0.0682218309859155 0.06748826291079812 
0 0.7205105633802817 0.5052816901408451 0.06954225352112677 0.05985915492957746 
0 0.7143485915492958 0.5586854460093896 0.06602112676056338 0.046948356807511735 
0 0.7084066901408451 0.6050469483568075 0.06734154929577464 0.03990610328638498 
0 0.6428257042253521 0.6006455399061033 0.07262323943661972 0.03931924882629108 
0 0.6452464788732394 0.5507629107981221 0.07042253521126761 0.04870892018779343 
0 0.5724031690140845 0.573650234741784 0.050616197183098594 0.04401408450704225 
0 0.5768045774647887 0.5316901408450704 0.0682218309859155 0.036384976525821594 
0 0.5757042253521126 0.477406103286385 0.07042253521126761 0.06866197183098592 
0 0.5121038732394366 0.47300469483568075 0.05941901408450704 0.051643192488262914 
0 0.5066021126760564 0.5190727699530516 0.06602112676056338 0.04988262910798122 
0 0.5048415492957746 0.5721830985915493 0.0625 0.046948356807511735 
0 0.4410211267605634 0.5748239436619719 0.07570422535211267 0.04401408450704225 
0 0.43617957746478875 0.5322769953051644 0.06602112676056338 0.04107981220657277 
0 0.43882042253521125 0.4794600938967136 0.056338028169014086 0.0528169014084507 
0 0.37389964788732394 0.4818075117370892 0.055897887323943664 0.06924882629107981 
0 0.375 0.5296361502347418 0.05193661971830986 0.03814553990610329 
0 0.3699383802816901 0.5713028169014085 0.05941901408450704 0.04284037558685446 
0 0.3001760563380282 0.5713028169014085 0.0625 0.03697183098591549 
0 0.3050176056338028 0.5346244131455399 0.06602112676056338 0.036384976525821594 
0 0.30127640845070425 0.4950117370892019 0.06470070422535211 0.03931924882629108 
0 0.3034771126760563 0.44366197183098594 0.06294014084507042 0.05985915492957746 
0 0.24735915492957747 0.431924882629108 0.06514084507042253 0.06338028169014084 
0 0.4828345070422535 0.6960093896713615 0.056338028169014086 0.03403755868544601 
0 0.2418573943661972 0.5663145539906104 0.06029929577464789 0.035211267605633804 
0 0.24295774647887325 0.5308098591549296 0.05369718309859155 0.04401408450704225 
0 0.18089788732394366 0.5586854460093896 0.061619718309859156 0.04107981220657277 
0 0.7827904929577465 0.5595657276995305 0.06382042253521127 0.04284037558685446 
0 0.7761883802816901 0.6041666666666666 0.06382042253521127 0.03227699530516432 
0 0.23965669014084506 0.4876760563380282 0.055897887323943664 0.045774647887323945 
0 0.8481514084507042 0.5619131455399061 0.07130281690140845 0.04401408450704225 
0 0.4102112676056338 0.7409037558685446 0.06954225352112677 0.0733568075117371 
0 0.8411091549295775 0.6035798122065728 0.061619718309859156 0.03931924882629108 
0 0.4117517605633803 0.7846244131455399 0.0682218309859155 0.04107981220657277 
0 0.4095510563380282 0.8274647887323944 0.05941901408450704 0.046948356807511735 
0 0.4102112676056338 0.9043427230046949 0.0625 0.036384976525821594 
0 0.40625 0.8641431924882629 0.05721830985915493 0.04401408450704225 
0 0.34419014084507044 0.9005281690140845 0.058098591549295774 0.03814553990610329 
0 0.3371478873239437 0.8641431924882629 0.061619718309859156 0.04401408450704225 
0 0.33912852112676056 0.8221830985915493 0.06382042253521127 0.03990610328638498 
0 0.27596830985915494 0.8573943661971831 0.06073943661971831 0.03403755868544601 
0 0.2788292253521127 0.7922535211267606 0.05501760563380282 0.09389671361502347 
0 0.2088468309859155 0.8433098591549296 0.055897887323943664 0.035211267605633804 
0 0.23415492957746478 0.7136150234741784 0.0448943661971831 0.04225352112676056 
0 0.24119718309859156 0.67018779342723 0.05721830985915493 0.04107981220657277 
0 0.28411091549295775 0.8961267605633803 0.0682218309859155 0.035211267605633804 
0 0.1698943661971831 0.7068661971830986 0.05721830985915493 0.04401408450704225 
0 0.18397887323943662 0.6666666666666666 0.05721830985915493 0.045774647887323945 
0 0.909330985915493 0.5625 0.061619718309859156 0.04284037558685446 
0 0.9685299295774648 0.5654342723004695 0.05501760563380282 0.03697183098591549 
0 0.9654489436619719 0.602112676056338 0.05501760563380282 0.04225352112676056 
0 0.045554577464788734 0.7546948356807511 0.06382042253521127 0.07746478873239436 
0 0.08934859154929578 0.7978286384976526 0.0528169014084507 0.061619718309859156 
0 0.09110915492957747 0.8550469483568075 0.05369718309859155 0.046948356807511735 
0 0.1505281690140845 0.875 0.06690140845070422 0.03403755868544601 
0 0.9071302816901409 0.5161384976525821 0.05721830985915493 0.061619718309859156 
0 0.8514524647887324 0.511150234741784 0.06029929577464789 0.057511737089201875 
0 0.14348591549295775 0.8303990610328639 0.061619718309859156 0.04107981220657277 
0 0.14502640845070422 0.7811032863849765 0.058538732394366196 0.08333333333333333 
0 0.7737676056338029 0.7948943661971831 0.06602112676056338 0.04753521126760563 
0 0.6934419014084507 0.19278169014084506 0.0840669014084507 0.10504694835680752 
0 0.1230193661971831 0.4686032863849765 0.05149647887323944 0.051056338028169015 
0 0.33912852112676056 0.7529342723004695 0.07086267605633803 0.0903755868544601 
0 0.7737676056338029 0.335387323943662 0.07834507042253522 0.058098591549295774 
0 0.6868397887323944 0.33215962441314556 0.06998239436619719 0.04929577464788732 
0 0.7838908450704225 0.19248826291079812 0.0721830985915493 0.06572769953051644 
0 0.6839788732394366 0.267018779342723 0.0801056338028169 0.0528169014084507 
0 0.3496919014084507 0.31514084507042256 0.06294014084507042 0.03873239436619718 
0 0.5974911971830986 0.33480046948356806 0.07262323943661972 0.041666666666666664 
0 0.606294014084507 0.1875 0.08318661971830986 0.10152582159624413 
0 0.12169894366197183 0.5140845070422535 0.04533450704225352 0.036384976525821594 
0 0.27024647887323944 0.2634976525821596 0.07834507042253522 0.04342723004694836 
0 0.12632042253521128 0.5522300469483568 0.04929577464788732 0.03990610328638498 
0 0.07350352112676056 0.545481220657277 0.056338028169014086 0.061619718309859156 
0 0.0724031690140845 0.4809272300469484 0.04533450704225352 0.061619718309859156 
0 0.8457306338028169 0.9245892018779343 0.06470070422535211 0.04870892018779343 
0 0.9357394366197183 0.9269366197183099 0.07130281690140845 0.058098591549295774 
0 0.5422535211267606 0.9245892018779343 0.06690140845070422 0.03345070422535211 
0 0.6941021126760564 0.8221830985915493 0.07394366197183098 0.09859154929577464 
0 0.6115757042253521 0.8970070422535211 0.05677816901408451 0.04870892018779343 
0 0.6888204225352113 0.9025821596244131 0.0801056338028169 0.06103286384976526 
0 0.21412852112676056 0.8811619718309859 0.05941901408450704 0.03931924882629108 
0 0.2092869718309859 0.7796361502347418 0.05941901408450704 0.08392018779342723 
0 0.7660651408450704 0.9110915492957746 0.06205985915492958 0.058098591549295774 
0 0.972931338028169 0.5176056338028169 0.04621478873239437 0.05868544600938967 
0 0.7880721830985915 0.04870892018779343 0.08582746478873239 0.07511737089201878 
0 0.777068661971831 0.2687793427230047 0.07878521126760564 0.057511737089201875 
0 0.8789612676056338 0.04929577464788732 0.08450704225352113 0.0892018779342723 
0 0.9610475352112676 0.20187793427230047 0.08054577464788733 0.051643192488262914 
0 0.9575264084507042 0.3485915492957746 0.07790492957746478 0.04812206572769953 
0 0.9599471830985915 0.2811032863849765 0.08538732394366197 0.05516431924882629 
0 0.907350352112676 0.5950704225352113 0.050616197183098594 0.04460093896713615 
0 0.3578345070422535 0.255575117370892 0.061619718309859156 0.04284037558685446 
0 0.6525088028169014 0.522887323943662 0.05765845070422535 0.046948356807511735 
0 0.8642165492957746 0.3306924882629108 0.05941901408450704 0.06279342723004695 
0 0.17407570422535212 0.4240023474178404 0.06205985915492958 0.06396713615023474 
0 0.03125 0.8280516431924883 0.061619718309859156 0.06338028169014084 
0 0.17913732394366197 0.5223004694835681 0.06954225352112677 0.046948356807511735 
0 0.43221830985915494 0.28433098591549294 0.07394366197183098 0.04988262910798122 
0 0.4267165492957746 0.22505868544600938 0.06910211267605634 0.06044600938967136 
0 0.5092429577464789 0.32717136150234744 0.07394366197183098 0.05575117370892019 
0 0.5077024647887324 0.2828638497652582 0.07702464788732394 0.04107981220657277 
0 0.5070422535211268 0.24266431924882628 0.07570422535211267 0.03931924882629108 
0 0.5092429577464789 0.20363849765258216 0.08274647887323944 0.035211267605633804 
0 0.504181338028169 0.159037558685446 0.07702464788732394 0.04812206572769953 
0 0.8646566901408451 0.23386150234741784 0.07350352112676056 0.07805164319248827 
0 0.6859595070422535 0.7039319248826291 0.0682218309859155 0.02640845070422535 
0 0.7605633802816901 0.7056924882629108 0.07922535211267606 0.03814553990610329 
0 0.8470510563380281 0.7702464788732394 0.08670774647887323 0.04988262910798122 
0 0.8360475352112676 0.7136150234741784 0.08230633802816902 0.04812206572769953 
0 0.913512323943662 0.7121478873239436 0.07702464788732394 0.04284037558685446 
0 0.9273767605633803 0.7620305164319249 0.08274647887323944 0.056924882629107984 
0 0.9465228873239436 0.8368544600938967 0.09022887323943662 0.10093896713615023 
0 0.8613556338028169 0.8389084507042254 0.08450704225352113 0.10269953051643192 
0 0.6919014084507042 0.7479460093896714 0.07570422535211267 0.04401408450704225 
0 0.6210387323943662 0.8389084507042254 0.061619718309859156 0.04401408450704225 
0 0.6225792253521126 0.784037558685446 0.06470070422535211 0.06572769953051644 
0 0.6203785211267606 0.7253521126760564 0.06294014084507042 0.051643192488262914 
0 0.5532570422535211 0.7180164319248826 0.056338028169014086 0.031103286384976527 
0 0.5521566901408451 0.7423708920187794 0.05413732394366197 0.029342723004694836 
0 0.5525968309859155 0.7907863849765259 0.05941901408450704 0.0733568075117371 
0 0.5466549295774648 0.8485915492957746 0.06954225352112677 0.045774647887323945 
0 0.5466549295774648 0.8911384976525821 0.06073943661971831 0.03345070422535211 
0 0.4768926056338028 0.9022887323943662 0.06382042253521127 0.0733568075117371 
0 0.4746919014084507 0.8427230046948356 0.05501760563380282 0.03403755868544601 
0 0.4282570422535211 0.3283450704225352 0.07482394366197183 0.05575117370892019 
0 0.4779929577464789 0.7869718309859155 0.05721830985915493 0.07746478873239436 
0 0.3644366197183099 0.20099765258215962 0.07482394366197183 0.05575117370892019 
0 0.2638644366197183 0.22359154929577466 0.08494718309859155 0.03403755868544601 
0 0.1795774647887324 0.4818075117370892 0.06602112676056338 0.051643192488262914 
0 0.22711267605633803 0.05927230046948357 0.07922535211267606 0.05985915492957746 
0 0.3298855633802817 0.0539906103286385 0.08670774647887323 0.07042253521126761 
0 0.4179137323943662 0.04401408450704225 0.09815140845070422 0.08215962441314555 
0 0.5096830985915493 0.054870892018779344 0.09683098591549295 0.06866197183098592 
0 0.6005721830985915 0.04988262910798122 0.08494718309859155 0.09389671361502347 
0 0.6930017605633803 0.05134976525821596 0.09375 0.09096244131455399 
0 0.9680897887323944 0.07394366197183098 0.06294014084507042 0.06924882629107981 
0 0.02596830985915493 0.45539906103286387 0.03961267605633803 0.036384976525821594 
0 0.014084507042253521 0.5507629107981221 0.02640845070422535 0.051056338028169015 
0 0.024867957746478875 0.6338028169014085 0.0488556338028169 0.029342723004694836 
0 0.01936619718309859 0.6681338028169014 0.037852112676056336 0.03345070422535211 
0 0.14216549295774647 0.05868544600938967 0.0880281690140845 0.046948356807511735 
0 0.05435739436619718 0.04460093896713615 0.1034330985915493 0.06924882629107981 
0 0.03895246478873239 0.30927230046948356 0.0682218309859155 0.046948356807511735 
0 0.032350352112676055 0.2596830985915493 0.06382042253521127 0.040492957746478875 
0 0.030149647887323945 0.20892018779342722 0.05941901408450704 0.04225352112676056 
0 0.02948943661971831 0.15258215962441316 0.058098591549295774 0.0528169014084507 
0 0.1113556338028169 0.31161971830985913 0.07042253521126761 0.04812206572769953 
0 0.10651408450704225 0.2596830985915493 0.07130281690140845 0.04988262910798122 
0 0.09815140845070422 0.2068661971830986 0.07922535211267606 0.04988262910798122 
0 0.1780369718309859 0.1552230046948357 0.0761443661971831 0.03814553990610329 
0 0.1780369718309859 0.1942488262910798 0.06910211267605634 0.03403755868544601 
0 0.18639964788732394 0.23444835680751175 0.07262323943661972 0.04401408450704225 
0 0.1857394366197183 0.272593896713615 0.06514084507042253 0.04401408450704225 
0 0.18529929577464788 0.31015258215962443 0.06602112676056338 0.04518779342723005 
0 0.26870598591549294 0.3174882629107981 0.08142605633802817 0.036384976525821594 
0 0.25946302816901406 0.1693075117370892 0.08494718309859155 0.06866197183098592 
0 0.4795334507042254 0.7341549295774648 0.05413732394366197 0.028169014084507043 
0 0.09727112676056338 0.15258215962441316 0.07042253521126761 0.0528169014084507 
0 0.41901408450704225 0.6945422535211268 0.04929577464788732 0.03345070422535211 
0 0.7849911971830986 0.5132042253521126 0.0682218309859155 0.06748826291079812 
0 0.7205105633802817 0.5052816901408451 0.06954225352112677 0.05985915492957746 
0 0.7143485915492958 0.5586854460093896 0.06602112676056338 0.046948356807511735 
0 0.7084066901408451 0.6050469483568075 0.06734154929577464 0.03990610328638498 
0 0.6428257042253521 0.6006455399061033 0.07262323943661972 0.03931924882629108 
0 0.6452464788732394 0.5507629107981221 0.07042253521126761 0.04870892018779343 
0 0.5724031690140845 0.573650234741784 0.050616197183098594 0.04401408450704225 
0 0.5768045774647887 0.5316901408450704 0.0682218309859155 0.036384976525821594 
0 0.5757042253521126 0.477406103286385 0.07042253521126761 0.06866197183098592 
0 0.5121038732394366 0.47300469483568075 0.05941901408450704 0.051643192488262914 
0 0.5066021126760564 0.5190727699530516 0.06602112676056338 0.04988262910798122 
0 0.5048415492957746 0.5721830985915493 0.0625 0.046948356807511735 
0 0.4410211267605634 0.5748239436619719 0.07570422535211267 0.04401408450704225 
0 0.43617957746478875 0.5322769953051644 0.06602112676056338 0.04107981220657277 
0 0.43882042253521125 0.4794600938967136 0.056338028169014086 0.0528169014084507 
0 0.37389964788732394 0.4818075117370892 0.055897887323943664 0.06924882629107981 
0 0.375 0.5296361502347418 0.05193661971830986 0.03814553990610329 
0 0.3699383802816901 0.5713028169014085 0.05941901408450704 0.04284037558685446 
0 0.3001760563380282 0.5713028169014085 0.0625 0.03697183098591549 
0 0.3050176056338028 0.5346244131455399 0.06602112676056338 0.036384976525821594 
0 0.30127640845070425 0.4950117370892019 0.06470070422535211 0.03931924882629108 
0 0.3034771126760563 0.44366197183098594 0.06294014084507042 0.05985915492957746 
0 0.24735915492957747 0.431924882629108 0.06514084507042253 0.06338028169014084 
0 0.4828345070422535 0.6960093896713615 0.056338028169014086 0.03403755868544601 
0 0.2418573943661972 0.5663145539906104 0.06029929577464789 0.035211267605633804 
0 0.24295774647887325 0.5308098591549296 0.05369718309859155 0.04401408450704225 
0 0.18089788732394366 0.5586854460093896 0.061619718309859156 0.04107981220657277 
0 0.7827904929577465 0.5595657276995305 0.06382042253521127 0.04284037558685446 
0 0.7761883802816901 0.6041666666666666 0.06382042253521127 0.03227699530516432 
0 0.23965669014084506 0.4876760563380282 0.055897887323943664 0.045774647887323945 
0 0.8481514084507042 0.5619131455399061 0.07130281690140845 0.04401408450704225 
0 0.4102112676056338 0.7409037558685446 0.06954225352112677 0.0733568075117371 
0 0.8411091549295775 0.6035798122065728 0.061619718309859156 0.03931924882629108 
0 0.4117517605633803 0.7846244131455399 0.0682218309859155 0.04107981220657277 
0 0.4095510563380282 0.8274647887323944 0.05941901408450704 0.046948356807511735 
0 0.4102112676056338 0.9043427230046949 0.0625 0.036384976525821594 
0 0.40625 0.8641431924882629 0.05721830985915493 0.04401408450704225 
0 0.34419014084507044 0.9005281690140845 0.058098591549295774 0.03814553990610329 
0 0.3371478873239437 0.8641431924882629 0.061619718309859156 0.04401408450704225 
0 0.33912852112676056 0.8221830985915493 0.06382042253521127 0.03990610328638498 
0 0.27596830985915494 0.8573943661971831 0.06073943661971831 0.03403755868544601 
0 0.2788292253521127 0.7922535211267606 0.05501760563380282 0.09389671361502347 
0 0.2088468309859155 0.8433098591549296 0.055897887323943664 0.035211267605633804 
0 0.23415492957746478 0.7136150234741784 0.0448943661971831 0.04225352112676056 
0 0.24119718309859156 0.67018779342723 0.05721830985915493 0.04107981220657277 
0 0.28411091549295775 0.8961267605633803 0.0682218309859155 0.035211267605633804 
0 0.1698943661971831 0.7068661971830986 0.05721830985915493 0.04401408450704225 
0 0.18397887323943662 0.6666666666666666 0.05721830985915493 0.045774647887323945 
0 0.909330985915493 0.5625 0.061619718309859156 0.04284037558685446 
0 0.9685299295774648 0.5654342723004695 0.05501760563380282 0.03697183098591549 
0 0.9654489436619719 0.602112676056338 0.05501760563380282 0.04225352112676056 
0 0.045554577464788734 0.7546948356807511 0.06382042253521127 0.07746478873239436 
0 0.08934859154929578 0.7978286384976526 0.0528169014084507 0.061619718309859156 
0 0.09110915492957747 0.8550469483568075 0.05369718309859155 0.046948356807511735 
0 0.1505281690140845 0.875 0.06690140845070422 0.03403755868544601 
0 0.9071302816901409 0.5161384976525821 0.05721830985915493 0.061619718309859156 
0 0.8514524647887324 0.511150234741784 0.06029929577464789 0.057511737089201875 
0 0.14348591549295775 0.8303990610328639 0.061619718309859156 0.04107981220657277 
0 0.14502640845070422 0.7811032863849765 0.058538732394366196 0.08333333333333333 
