0 0.21390845070422534 0.13791079812206572 0.07042253521126761 0.035211267605633804 
0 0.39106514084507044 0.01995305164319249 0.09022887323943662 0.03873239436619718 
0 0.30963908450704225 0.08480046948356808 0.08142605633802817 0.03227699530516432 
0 0.04159330985915493 0.1311619718309859 0.07350352112676056 0.03931924882629108 
0 0.043133802816901406 0.17576291079812206 0.07482394366197183 0.04401408450704225 
0 0.12191901408450705 0.022593896713615023 0.08274647887323944 0.03345070422535211 
0 0.12411971830985916 0.05927230046948357 0.08274647887323944 0.036384976525821594 
0 0.22799295774647887 0.18104460093896713 0.09242957746478873 0.03697183098591549 
0 0.3034771126760563 0.04958920187793427 0.07790492957746478 0.04401408450704225 
0 0.12411971830985916 0.09536384976525822 0.0801056338028169 0.03814553990610329 
0 0.21808978873239437 0.056924882629107984 0.09463028169014084 0.046948356807511735 
0 0.129181338028169 0.13468309859154928 0.08142605633802817 0.03814553990610329 
0 0.12632042253521128 0.17370892018779344 0.08450704225352113 0.036384976525821594 
0 0.3985475352112676 0.06073943661971831 0.08142605633802817 0.04518779342723005 
0 0.21544894366197184 0.01584507042253521 0.08230633802816902 0.029342723004694836 
0 0.21720950704225353 0.09653755868544601 0.08142605633802817 0.04401408450704225 
0 0.3019366197183099 0.012030516431924883 0.07482394366197183 0.022887323943661973 
0 0.3981073943661972 0.11296948356807512 0.08054577464788733 0.04988262910798122 
0 0.7101672535211268 0.05927230046948357 0.09903169014084508 0.05985915492957746 
0 0.6056338028169014 0.014964788732394365 0.08362676056338028 0.028755868544600938 
0 0.1324823943661972 0.30633802816901406 0.07042253521126761 0.04107981220657277 
0 0.13358274647887325 0.3453638497652582 0.0682218309859155 0.03931924882629108 
0 0.12962147887323944 0.38497652582159625 0.07350352112676056 0.036384976525821594 
0 0.13732394366197184 0.42458920187793425 0.07130281690140845 0.03931924882629108 
0 0.048195422535211266 0.40757042253521125 0.05413732394366197 0.05575117370892019 
0 0.042693661971830985 0.3615023474178404 0.07570422535211267 0.04812206572769953 
0 0.9766725352112676 0.056924882629107984 0.04665492957746479 0.046948356807511735 
0 0.9755721830985915 0.11120892018779342 0.0488556338028169 0.040492957746478875 
0 0.4993397887323944 0.02171361502347418 0.06470070422535211 0.035211267605633804 
0 0.9746919014084507 0.1657863849765258 0.04533450704225352 0.04988262910798122 
0 0.903169014084507 0.11502347417840375 0.0801056338028169 0.03990610328638498 
0 0.9075704225352113 0.016725352112676055 0.08714788732394366 0.027582159624413145 
0 0.805237676056338 0.019072769953051644 0.08054577464788733 0.03227699530516432 
0 0.04159330985915493 0.08773474178403756 0.07790492957746478 0.03814553990610329 
0 0.13182218309859156 0.26085680751173707 0.07174295774647887 0.04401408450704225 
0 0.21170774647887325 0.2538145539906103 0.08362676056338028 0.03227699530516432 
0 0.7112676056338029 0.013791079812206572 0.08362676056338028 0.02523474178403756 
0 0.6054137323943662 0.056924882629107984 0.09022887323943662 0.046948356807511735 
0 0.9005281690140845 0.16784037558685447 0.0880281690140845 0.05985915492957746 
0 0.03873239436619718 0.03961267605633803 0.07482394366197183 0.05575117370892019 
0 0.9055897887323944 0.6261737089201878 0.08846830985915492 0.07042253521126761 
0 0.6841989436619719 0.8474178403755869 0.05413732394366197 0.0528169014084507 
0 0.30809859154929575 0.1637323943661972 0.07482394366197183 0.03990610328638498 
0 0.6080545774647887 0.16607981220657278 0.07966549295774648 0.03403755868544601 
0 0.5022007042253521 0.09272300469483569 0.07834507042253522 0.05046948356807512 
0 0.7304137323943662 0.6778169014084507 0.0682218309859155 0.051643192488262914 
0 0.7328345070422535 0.5580985915492958 0.06778169014084508 0.05516431924882629 
0 0.6443661971830986 0.5557511737089202 0.07482394366197183 0.0539906103286385 
0 0.7407570422535211 0.3606220657276995 0.07658450704225352 0.06279342723004695 
0 0.6421654929577465 0.681631455399061 0.07042253521126761 0.04636150234741784 
0 0.5006602112676056 0.15316901408450703 0.0761443661971831 0.05046948356807512 
0 0.6472271126760564 0.3647300469483568 0.07526408450704225 0.056924882629107984 
0 0.5642605633802817 0.3562206572769953 0.08890845070422536 0.07394366197183098 
0 0.6459066901408451 0.42458920187793425 0.07350352112676056 0.056924882629107984 
0 0.5631602112676056 0.4272300469483568 0.07790492957746478 0.05516431924882629 
0 0.6404049295774648 0.6185446009389671 0.06866197183098592 0.046948356807511735 
0 0.7341549295774648 0.6161971830985915 0.07394366197183098 0.05046948356807512 
0 0.2147887323943662 0.2960680751173709 0.07922535211267606 0.04401408450704225 
0 0.7339348591549296 0.42458920187793425 0.06734154929577464 0.04870892018779343 
0 0.40338908450704225 0.159037558685446 0.07086267605633803 0.03990610328638498 
0 0.6128961267605634 0.8485915492957746 0.05237676056338028 0.0528169014084507 
0 0.8096390845070423 0.8518192488262911 0.05413732394366197 0.056924882629107984 
0 0.7068661971830986 0.1176643192488263 0.07746478873239436 0.04284037558685446 
0 0.9350792253521126 0.8418427230046949 0.047975352112676055 0.05457746478873239 
0 0.9016285211267606 0.07012910798122066 0.07526408450704225 0.04870892018779343 
0 0.9082306338028169 0.556631455399061 0.09639084507042253 0.08392018779342723 
0 0.9115316901408451 0.2904929577464789 0.08362676056338028 0.04929577464788732 
0 0.8032570422535211 0.1710680751173709 0.07922535211267606 0.041666666666666664 
0 0.8182218309859155 0.6713615023474179 0.07834507042253522 0.07394366197183098 
0 0.9025088028169014 0.6854460093896714 0.07702464788732394 0.06690140845070422 
0 0.8252640845070423 0.43339201877934275 0.07306338028169014 0.06044600938967136 
0 0.8263644366197183 0.36384976525821594 0.07966549295774648 0.05868544600938967 
0 0.8219630281690141 0.2860915492957746 0.08494718309859155 0.05927230046948357 
0 0.09903169014084508 0.8213028169014085 0.040492957746478875 0.0698356807511737 
0 0.3248239436619718 0.6734154929577465 0.06602112676056338 0.052230046948356805 
0 0.8034771126760564 0.11854460093896714 0.07878521126760564 0.03873239436619718 
0 0.30721830985915494 0.12294600938967136 0.08098591549295775 0.03931924882629108 
0 0.8043573943661971 0.06543427230046948 0.08230633802816902 0.04636150234741784 
0 0.606294014084507 0.11326291079812206 0.08582746478873239 0.04460093896713615 
0 0.910431338028169 0.34683098591549294 0.07702464788732394 0.04225352112676056 
0 0.9069102112676056 0.392018779342723 0.07702464788732394 0.045774647887323945 
0 0.21588908450704225 0.34330985915492956 0.08582746478873239 0.04107981220657277 
0 0.02948943661971831 0.6103286384976526 0.05369718309859155 0.046948356807511735 
0 0.2150088028169014 0.42752347417840375 0.07702464788732394 0.04284037558685446 
0 0.1538292253521127 0.8315727699530516 0.06294014084507042 0.035211267605633804 
0 0.21214788732394366 0.8368544600938967 0.06514084507042253 0.03403755868544601 
0 0.21654929577464788 0.7816901408450704 0.07130281690140845 0.06455399061032864 
0 0.28411091549295775 0.7884389671361502 0.06382042253521127 0.0721830985915493 
0 0.2777288732394366 0.8515258215962441 0.06602112676056338 0.045774647887323945 
0 0.27992957746478875 0.8846830985915493 0.061619718309859156 0.04401408450704225 
0 0.2797095070422535 0.9248826291079812 0.050616197183098594 0.03051643192488263 
0 0.22095070422535212 0.9184272300469484 0.06954225352112677 0.04107981220657277 
0 0.21148767605633803 0.8779342723004695 0.07262323943661972 0.04812206572769953 
0 0.15118838028169015 0.9116784037558685 0.07262323943661972 0.04870892018779343 
0 0.15074823943661972 0.8744131455399061 0.055897887323943664 0.046948356807511735 
0 0.09991197183098592 0.897593896713615 0.05369718309859155 0.061619718309859156 
0 0.0488556338028169 0.8934859154929577 0.07042253521126761 0.04401408450704225 
0 0.050616197183098594 0.8345070422535211 0.043133802816901406 0.06455399061032864 
0 0.030589788732394367 0.6613849765258216 0.058538732394366196 0.046948356807511735 
0 0.025088028169014086 0.5601525821596244 0.04929577464788732 0.04988262910798122 
0 0.025088028169014086 0.5140845070422535 0.04753521126760563 0.03990610328638498 
0 0.09881161971830986 0.6660798122065728 0.08494718309859155 0.04107981220657277 
0 0.09727112676056338 0.6167840375586855 0.08362676056338028 0.051643192488262914 
0 0.3496919014084507 0.8274647887323944 0.06294014084507042 0.08215962441314555 
0 0.3457306338028169 0.8799882629107981 0.07262323943661972 0.04401408450704225 
0 0.34463028169014087 0.9181338028169014 0.061619718309859156 0.04988262910798122 
0 0.4069102112676056 0.9269366197183099 0.06294014084507042 0.03814553990610329 
0 0.1538292253521127 0.7790492957746479 0.05149647887323944 0.04636150234741784 
0 0.7447183098591549 0.846244131455399 0.058098591549295774 0.05868544600938967 
0 0.8023767605633803 0.9005281690140845 0.05721830985915493 0.04401408450704225 
0 0.7997359154929577 0.9439553990610329 0.058098591549295774 0.03931924882629108 
0 0.8679577464788732 0.9416079812206573 0.06514084507042253 0.04988262910798122 
0 0.8672975352112676 0.9019953051643192 0.06382042253521127 0.046948356807511735 
0 0.8727992957746479 0.8597417840375586 0.07042253521126761 0.07042253521126761 
0 0.9324383802816901 0.9008215962441315 0.06382042253521127 0.04107981220657277 
0 0.9313380281690141 0.9439553990610329 0.07042253521126761 0.04518779342723005 
0 0.0878080985915493 0.5721830985915493 0.0761443661971831 0.0528169014084507 
0 0.6797975352112676 0.9410211267605634 0.06294014084507042 0.04518779342723005 
0 0.6148767605633803 0.9028755868544601 0.06073943661971831 0.04870892018779343 
0 0.542693661971831 0.8397887323943662 0.06602112676056338 0.0715962441314554 
0 0.5517165492957746 0.886150234741784 0.08142605633802817 0.046948356807511735 
0 0.543794014084507 0.9196009389671361 0.06382042253521127 0.0528169014084507 
0 0.4784330985915493 0.9234154929577465 0.07394366197183098 0.051056338028169015 
0 0.47997359154929575 0.8661971830985915 0.06382042253521127 0.057511737089201875 
0 0.4828345070422535 0.8230633802816901 0.058098591549295774 0.04401408450704225 
0 0.41571302816901406 0.8471244131455399 0.058538732394366196 0.04870892018779343 
0 0.4086707746478873 0.8876173708920188 0.05501760563380282 0.03814553990610329 
0 0.6148767605633803 0.9424882629107981 0.06073943661971831 0.036384976525821594 
0 0.0917693661971831 0.5120305164319249 0.0682218309859155 0.04401408450704225 
0 0.1641725352112676 0.5164319248826291 0.07482394366197183 0.04107981220657277 
0 0.16483274647887325 0.5528169014084507 0.06910211267605634 0.035211267605633804 
0 0.8151408450704225 0.5894953051643192 0.07130281690140845 0.06748826291079812 
0 0.9075704225352113 0.44571596244131456 0.08274647887323944 0.061619718309859156 
0 0.9819542253521126 0.44278169014084506 0.035211267605633804 0.05575117370892019 
0 0.9762323943661971 0.3902582159624413 0.03961267605633803 0.0528169014084507 
0 0.983274647887324 0.3389084507042254 0.03345070422535211 0.0357981220657277 
0 0.9784330985915493 0.2919600938967136 0.03961267605633803 0.05575117370892019 
0 0.7330545774647887 0.2822769953051643 0.08142605633802817 0.07746478873239436 
0 0.648987676056338 0.289612676056338 0.08494718309859155 0.07453051643192488 
0 0.5576584507042254 0.2860915492957746 0.08450704225352113 0.07922535211267606 
0 0.9735915492957746 0.6176643192488263 0.03873239436619718 0.0733568075117371 
0 0.472931338028169 0.2852112676056338 0.07790492957746478 0.05985915492957746 
0 0.4762323943661972 0.4369131455399061 0.08274647887323944 0.04401408450704225 
0 0.4837147887323944 0.3873239436619718 0.0801056338028169 0.05868544600938967 
0 0.3926056338028169 0.4216549295774648 0.08714788732394366 0.06044600938967136 
0 0.39194542253521125 0.34976525821596244 0.08582746478873239 0.07746478873239436 
0 0.39370598591549294 0.2822769953051643 0.08494718309859155 0.06924882629107981 
0 0.3100792253521127 0.28433098591549294 0.08494718309859155 0.05575117370892019 
0 0.3122799295774648 0.33274647887323944 0.08054577464788733 0.046948356807511735 
0 0.3122799295774648 0.38585680751173707 0.07790492957746478 0.04988262910798122 
0 0.3107394366197183 0.4269366197183099 0.08362676056338028 0.04988262910798122 
0 0.480193661971831 0.3386150234741784 0.0880281690140845 0.046948356807511735 
0 0.21720950704225353 0.3870305164319249 0.08142605633802817 0.03814553990610329 
0 0.7440580985915493 0.9404342723004695 0.06382042253521127 0.03227699530516432 
0 0.5598591549295775 0.5190727699530516 0.08274647887323944 0.05575117370892019 
0 0.16527288732394366 0.5947769953051644 0.07702464788732394 0.03697183098591549 
0 0.16549295774647887 0.6291079812206573 0.07482394366197183 0.04107981220657277 
0 0.1742957746478873 0.6740023474178404 0.07042253521126761 0.03697183098591549 
0 0.24955985915492956 0.6769366197183099 0.07834507042253522 0.04518779342723005 
0 0.24735915492957747 0.6320422535211268 0.08714788732394366 0.046948356807511735 
0 0.2418573943661972 0.5839201877934272 0.08230633802816902 0.04107981220657277 
0 0.24339788732394366 0.534037558685446 0.08362676056338028 0.0528169014084507 
0 0.3386883802816901 0.5557511737089202 0.05413732394366197 0.0528169014084507 
0 0.4007482394366197 0.693075117370892 0.07262323943661972 0.04812206572769953 
0 0.9753521126760564 0.6842723004694836 0.03961267605633803 0.06572769953051644 
0 0.39766725352112675 0.6382042253521126 0.07262323943661972 0.04988262910798122 
0 0.4784330985915493 0.5267018779342723 0.08274647887323944 0.04988262910798122 
0 0.4795334507042254 0.5713028169014085 0.08054577464788733 0.03931924882629108 
0 0.4788732394366197 0.6029929577464789 0.0880281690140845 0.03227699530516432 
0 0.4784330985915493 0.6440727699530516 0.07394366197183098 0.03814553990610329 
0 0.48349471830985913 0.6833920187793427 0.08582746478873239 0.04401408450704225 
0 0.5576584507042254 0.6921948356807511 0.07394366197183098 0.03814553990610329 
0 0.5572183098591549 0.6461267605633803 0.07922535211267606 0.0539906103286385 
0 0.5598591549295775 0.6109154929577465 0.08274647887323944 0.04812206572769953 
0 0.5587588028169014 0.5674882629107981 0.08230633802816902 0.046948356807511735 
0 0.39920774647887325 0.5859741784037559 0.07394366197183098 0.06279342723004695 
0 0.32350352112676056 0.6264671361502347 0.06338028169014084 0.03697183098591549 
0 0.686399647887324 0.9005281690140845 0.06910211267605634 0.05575117370892019 
0 0.7447183098591549 0.8984741784037559 0.058098591549295774 0.04812206572769953 
0 0.21390845070422534 0.13791079812206572 0.07042253521126761 0.035211267605633804 
0 0.39106514084507044 0.01995305164319249 0.09022887323943662 0.03873239436619718 
0 0.30963908450704225 0.08480046948356808 0.08142605633802817 0.03227699530516432 
0 0.04159330985915493 0.1311619718309859 0.07350352112676056 0.03931924882629108 
0 0.043133802816901406 0.17576291079812206 0.07482394366197183 0.04401408450704225 
0 0.12191901408450705 0.022593896713615023 0.08274647887323944 0.03345070422535211 
0 0.12411971830985916 0.05927230046948357 0.08274647887323944 0.036384976525821594 
0 0.22799295774647887 0.18104460093896713 0.09242957746478873 0.03697183098591549 
0 0.3034771126760563 0.04958920187793427 0.07790492957746478 0.04401408450704225 
0 0.12411971830985916 0.09536384976525822 0.0801056338028169 0.03814553990610329 
0 0.21808978873239437 0.056924882629107984 0.09463028169014084 0.046948356807511735 
0 0.129181338028169 0.13468309859154928 0.08142605633802817 0.03814553990610329 
0 0.12632042253521128 0.17370892018779344 0.08450704225352113 0.036384976525821594 
0 0.3985475352112676 0.06073943661971831 0.08142605633802817 0.04518779342723005 
0 0.21544894366197184 0.01584507042253521 0.08230633802816902 0.029342723004694836 
0 0.21720950704225353 0.09653755868544601 0.08142605633802817 0.04401408450704225 
0 0.3019366197183099 0.012030516431924883 0.07482394366197183 0.022887323943661973 
0 0.3981073943661972 0.11296948356807512 0.08054577464788733 0.04988262910798122 
0 0.7101672535211268 0.05927230046948357 0.09903169014084508 0.05985915492957746 
0 0.6056338028169014 0.014964788732394365 0.08362676056338028 0.028755868544600938 
0 0.1324823943661972 0.30633802816901406 0.07042253521126761 0.04107981220657277 
0 0.13358274647887325 0.3453638497652582 0.0682218309859155 0.03931924882629108 
0 0.12962147887323944 0.38497652582159625 0.07350352112676056 0.036384976525821594 
0 0.13732394366197184 0.42458920187793425 0.07130281690140845 0.03931924882629108 
0 0.048195422535211266 0.40757042253521125 0.05413732394366197 0.05575117370892019 
0 0.042693661971830985 0.3615023474178404 0.07570422535211267 0.04812206572769953 
0 0.9766725352112676 0.056924882629107984 0.04665492957746479 0.046948356807511735 
0 0.9755721830985915 0.11120892018779342 0.0488556338028169 0.040492957746478875 
0 0.4993397887323944 0.02171361502347418 0.06470070422535211 0.035211267605633804 
0 0.9746919014084507 0.1657863849765258 0.04533450704225352 0.04988262910798122 
0 0.903169014084507 0.11502347417840375 0.0801056338028169 0.03990610328638498 
0 0.9075704225352113 0.016725352112676055 0.08714788732394366 0.027582159624413145 
0 0.805237676056338 0.019072769953051644 0.08054577464788733 0.03227699530516432 
0 0.04159330985915493 0.08773474178403756 0.07790492957746478 0.03814553990610329 
0 0.13182218309859156 0.26085680751173707 0.07174295774647887 0.04401408450704225 
0 0.21170774647887325 0.2538145539906103 0.08362676056338028 0.03227699530516432 
0 0.7112676056338029 0.013791079812206572 0.08362676056338028 0.02523474178403756 
0 0.6054137323943662 0.056924882629107984 0.09022887323943662 0.046948356807511735 
0 0.9005281690140845 0.16784037558685447 0.0880281690140845 0.05985915492957746 
0 0.03873239436619718 0.03961267605633803 0.07482394366197183 0.05575117370892019 
0 0.9055897887323944 0.6261737089201878 0.08846830985915492 0.07042253521126761 
0 0.6841989436619719 0.8474178403755869 0.05413732394366197 0.0528169014084507 
0 0.30809859154929575 0.1637323943661972 0.07482394366197183 0.03990610328638498 
0 0.6080545774647887 0.16607981220657278 0.07966549295774648 0.03403755868544601 
0 0.5022007042253521 0.09272300469483569 0.07834507042253522 0.05046948356807512 
0 0.7304137323943662 0.6778169014084507 0.0682218309859155 0.051643192488262914 
0 0.7328345070422535 0.5580985915492958 0.06778169014084508 0.05516431924882629 
0 0.6443661971830986 0.5557511737089202 0.07482394366197183 0.0539906103286385 
0 0.7407570422535211 0.3606220657276995 0.07658450704225352 0.06279342723004695 
0 0.6421654929577465 0.681631455399061 0.07042253521126761 0.04636150234741784 
0 0.5006602112676056 0.15316901408450703 0.0761443661971831 0.05046948356807512 
0 0.6472271126760564 0.3647300469483568 0.07526408450704225 0.056924882629107984 
0 0.5642605633802817 0.3562206572769953 0.08890845070422536 0.07394366197183098 
0 0.6459066901408451 0.42458920187793425 0.07350352112676056 0.056924882629107984 
0 0.5631602112676056 0.4272300469483568 0.07790492957746478 0.05516431924882629 
0 0.6404049295774648 0.6185446009389671 0.06866197183098592 0.046948356807511735 
0 0.7341549295774648 0.6161971830985915 0.07394366197183098 0.05046948356807512 
0 0.2147887323943662 0.2960680751173709 0.07922535211267606 0.04401408450704225 
0 0.7339348591549296 0.42458920187793425 0.06734154929577464 0.04870892018779343 
0 0.40338908450704225 0.159037558685446 0.07086267605633803 0.03990610328638498 
0 0.6128961267605634 0.8485915492957746 0.05237676056338028 0.0528169014084507 
0 0.8096390845070423 0.8518192488262911 0.05413732394366197 0.056924882629107984 
0 0.7068661971830986 0.1176643192488263 0.07746478873239436 0.04284037558685446 
0 0.9350792253521126 0.8418427230046949 0.047975352112676055 0.05457746478873239 
0 0.9016285211267606 0.07012910798122066 0.07526408450704225 0.04870892018779343 
0 0.9082306338028169 0.556631455399061 0.09639084507042253 0.08392018779342723 
0 0.9115316901408451 0.2904929577464789 0.08362676056338028 0.04929577464788732 
0 0.8032570422535211 0.1710680751173709 0.07922535211267606 0.041666666666666664 
0 0.8182218309859155 0.6713615023474179 0.07834507042253522 0.07394366197183098 
0 0.9025088028169014 0.6854460093896714 0.07702464788732394 0.06690140845070422 
0 0.8252640845070423 0.43339201877934275 0.07306338028169014 0.06044600938967136 
0 0.8263644366197183 0.36384976525821594 0.07966549295774648 0.05868544600938967 
0 0.8219630281690141 0.2860915492957746 0.08494718309859155 0.05927230046948357 
0 0.09903169014084508 0.8213028169014085 0.040492957746478875 0.0698356807511737 
0 0.3248239436619718 0.6734154929577465 0.06602112676056338 0.052230046948356805 
0 0.8034771126760564 0.11854460093896714 0.07878521126760564 0.03873239436619718 
0 0.30721830985915494 0.12294600938967136 0.08098591549295775 0.03931924882629108 
0 0.8043573943661971 0.06543427230046948 0.08230633802816902 0.04636150234741784 
0 0.606294014084507 0.11326291079812206 0.08582746478873239 0.04460093896713615 
0 0.910431338028169 0.34683098591549294 0.07702464788732394 0.04225352112676056 
0 0.9069102112676056 0.392018779342723 0.07702464788732394 0.045774647887323945 
0 0.21588908450704225 0.34330985915492956 0.08582746478873239 0.04107981220657277 
0 0.02948943661971831 0.6103286384976526 0.05369718309859155 0.046948356807511735 
0 0.2150088028169014 0.42752347417840375 0.07702464788732394 0.04284037558685446 
0 0.1538292253521127 0.8315727699530516 0.06294014084507042 0.035211267605633804 
0 0.21214788732394366 0.8368544600938967 0.06514084507042253 0.03403755868544601 
0 0.21654929577464788 0.7816901408450704 0.07130281690140845 0.06455399061032864 
0 0.28411091549295775 0.7884389671361502 0.06382042253521127 0.0721830985915493 
0 0.2777288732394366 0.8515258215962441 0.06602112676056338 0.045774647887323945 
0 0.27992957746478875 0.8846830985915493 0.061619718309859156 0.04401408450704225 
0 0.2797095070422535 0.9248826291079812 0.050616197183098594 0.03051643192488263 
0 0.22095070422535212 0.9184272300469484 0.06954225352112677 0.04107981220657277 
0 0.21148767605633803 0.8779342723004695 0.07262323943661972 0.04812206572769953 
0 0.15118838028169015 0.9116784037558685 0.07262323943661972 0.04870892018779343 
0 0.15074823943661972 0.8744131455399061 0.055897887323943664 0.046948356807511735 
0 0.09991197183098592 0.897593896713615 0.05369718309859155 0.061619718309859156 
0 0.0488556338028169 0.8934859154929577 0.07042253521126761 0.04401408450704225 
0 0.050616197183098594 0.8345070422535211 0.043133802816901406 0.06455399061032864 
0 0.030589788732394367 0.6613849765258216 0.058538732394366196 0.046948356807511735 
0 0.025088028169014086 0.5601525821596244 0.04929577464788732 0.04988262910798122 
0 0.025088028169014086 0.5140845070422535 0.04753521126760563 0.03990610328638498 
0 0.09881161971830986 0.6660798122065728 0.08494718309859155 0.04107981220657277 
0 0.09727112676056338 0.6167840375586855 0.08362676056338028 0.051643192488262914 
0 0.3496919014084507 0.8274647887323944 0.06294014084507042 0.08215962441314555 
0 0.3457306338028169 0.8799882629107981 0.07262323943661972 0.04401408450704225 
0 0.34463028169014087 0.9181338028169014 0.061619718309859156 0.04988262910798122 
0 0.4069102112676056 0.9269366197183099 0.06294014084507042 0.03814553990610329 
0 0.1538292253521127 0.7790492957746479 0.05149647887323944 0.04636150234741784 
0 0.7447183098591549 0.846244131455399 0.058098591549295774 0.05868544600938967 
0 0.8023767605633803 0.9005281690140845 0.05721830985915493 0.04401408450704225 
0 0.7997359154929577 0.9439553990610329 0.058098591549295774 0.03931924882629108 
0 0.8679577464788732 0.9416079812206573 0.06514084507042253 0.04988262910798122 
0 0.8672975352112676 0.9019953051643192 0.06382042253521127 0.046948356807511735 
0 0.8727992957746479 0.8597417840375586 0.07042253521126761 0.07042253521126761 
0 0.9324383802816901 0.9008215962441315 0.06382042253521127 0.04107981220657277 
0 0.9313380281690141 0.9439553990610329 0.07042253521126761 0.04518779342723005 
0 0.0878080985915493 0.5721830985915493 0.0761443661971831 0.0528169014084507 
0 0.6797975352112676 0.9410211267605634 0.06294014084507042 0.04518779342723005 
0 0.6148767605633803 0.9028755868544601 0.06073943661971831 0.04870892018779343 
0 0.542693661971831 0.8397887323943662 0.06602112676056338 0.0715962441314554 
0 0.5517165492957746 0.886150234741784 0.08142605633802817 0.046948356807511735 
0 0.543794014084507 0.9196009389671361 0.06382042253521127 0.0528169014084507 
0 0.4784330985915493 0.9234154929577465 0.07394366197183098 0.051056338028169015 
0 0.47997359154929575 0.8661971830985915 0.06382042253521127 0.057511737089201875 
0 0.4828345070422535 0.8230633802816901 0.058098591549295774 0.04401408450704225 
0 0.41571302816901406 0.8471244131455399 0.058538732394366196 0.04870892018779343 
0 0.4086707746478873 0.8876173708920188 0.05501760563380282 0.03814553990610329 
0 0.6148767605633803 0.9424882629107981 0.06073943661971831 0.036384976525821594 
0 0.0917693661971831 0.5120305164319249 0.0682218309859155 0.04401408450704225 
0 0.1641725352112676 0.5164319248826291 0.07482394366197183 0.04107981220657277 
0 0.16483274647887325 0.5528169014084507 0.06910211267605634 0.035211267605633804 
0 0.8151408450704225 0.5894953051643192 0.07130281690140845 0.06748826291079812 
0 0.9075704225352113 0.44571596244131456 0.08274647887323944 0.061619718309859156 
0 0.9819542253521126 0.44278169014084506 0.035211267605633804 0.05575117370892019 
0 0.9762323943661971 0.3902582159624413 0.03961267605633803 0.0528169014084507 
0 0.983274647887324 0.3389084507042254 0.03345070422535211 0.0357981220657277 
0 0.9784330985915493 0.2919600938967136 0.03961267605633803 0.05575117370892019 
0 0.7330545774647887 0.2822769953051643 0.08142605633802817 0.07746478873239436 
0 0.648987676056338 0.289612676056338 0.08494718309859155 0.07453051643192488 
0 0.5576584507042254 0.2860915492957746 0.08450704225352113 0.07922535211267606 
0 0.9735915492957746 0.6176643192488263 0.03873239436619718 0.0733568075117371 
0 0.472931338028169 0.2852112676056338 0.07790492957746478 0.05985915492957746 
0 0.4762323943661972 0.4369131455399061 0.08274647887323944 0.04401408450704225 
0 0.4837147887323944 0.3873239436619718 0.0801056338028169 0.05868544600938967 
0 0.3926056338028169 0.4216549295774648 0.08714788732394366 0.06044600938967136 
0 0.39194542253521125 0.34976525821596244 0.08582746478873239 0.07746478873239436 
0 0.39370598591549294 0.2822769953051643 0.08494718309859155 0.06924882629107981 
0 0.3100792253521127 0.28433098591549294 0.08494718309859155 0.05575117370892019 
0 0.3122799295774648 0.33274647887323944 0.08054577464788733 0.046948356807511735 
0 0.3122799295774648 0.38585680751173707 0.07790492957746478 0.04988262910798122 
0 0.3107394366197183 0.4269366197183099 0.08362676056338028 0.04988262910798122 
0 0.480193661971831 0.3386150234741784 0.0880281690140845 0.046948356807511735 
0 0.21720950704225353 0.3870305164319249 0.08142605633802817 0.03814553990610329 
0 0.7440580985915493 0.9404342723004695 0.06382042253521127 0.03227699530516432 
0 0.5598591549295775 0.5190727699530516 0.08274647887323944 0.05575117370892019 
0 0.16527288732394366 0.5947769953051644 0.07702464788732394 0.03697183098591549 
0 0.16549295774647887 0.6291079812206573 0.07482394366197183 0.04107981220657277 
0 0.1742957746478873 0.6740023474178404 0.07042253521126761 0.03697183098591549 
0 0.24955985915492956 0.6769366197183099 0.07834507042253522 0.04518779342723005 
0 0.24735915492957747 0.6320422535211268 0.08714788732394366 0.046948356807511735 
0 0.2418573943661972 0.5839201877934272 0.08230633802816902 0.04107981220657277 
0 0.24339788732394366 0.534037558685446 0.08362676056338028 0.0528169014084507 
0 0.3386883802816901 0.5557511737089202 0.05413732394366197 0.0528169014084507 
0 0.4007482394366197 0.693075117370892 0.07262323943661972 0.04812206572769953 
0 0.9753521126760564 0.6842723004694836 0.03961267605633803 0.06572769953051644 
0 0.39766725352112675 0.6382042253521126 0.07262323943661972 0.04988262910798122 
0 0.4784330985915493 0.5267018779342723 0.08274647887323944 0.04988262910798122 
0 0.4795334507042254 0.5713028169014085 0.08054577464788733 0.03931924882629108 
0 0.4788732394366197 0.6029929577464789 0.0880281690140845 0.03227699530516432 
0 0.4784330985915493 0.6440727699530516 0.07394366197183098 0.03814553990610329 
0 0.48349471830985913 0.6833920187793427 0.08582746478873239 0.04401408450704225 
0 0.5576584507042254 0.6921948356807511 0.07394366197183098 0.03814553990610329 
0 0.5572183098591549 0.6461267605633803 0.07922535211267606 0.0539906103286385 
0 0.5598591549295775 0.6109154929577465 0.08274647887323944 0.04812206572769953 
0 0.5587588028169014 0.5674882629107981 0.08230633802816902 0.046948356807511735 
0 0.39920774647887325 0.5859741784037559 0.07394366197183098 0.06279342723004695 
0 0.32350352112676056 0.6264671361502347 0.06338028169014084 0.03697183098591549 
0 0.686399647887324 0.9005281690140845 0.06910211267605634 0.05575117370892019 
0 0.7447183098591549 0.8984741784037559 0.058098591549295774 0.04812206572769953 
0 0.21390845070422534 0.13791079812206572 0.07042253521126761 0.035211267605633804 
0 0.39106514084507044 0.01995305164319249 0.09022887323943662 0.03873239436619718 
0 0.30963908450704225 0.08480046948356808 0.08142605633802817 0.03227699530516432 
0 0.04159330985915493 0.1311619718309859 0.07350352112676056 0.03931924882629108 
0 0.043133802816901406 0.17576291079812206 0.07482394366197183 0.04401408450704225 
0 0.12191901408450705 0.022593896713615023 0.08274647887323944 0.03345070422535211 
0 0.12411971830985916 0.05927230046948357 0.08274647887323944 0.036384976525821594 
0 0.22799295774647887 0.18104460093896713 0.09242957746478873 0.03697183098591549 
0 0.3034771126760563 0.04958920187793427 0.07790492957746478 0.04401408450704225 
0 0.12411971830985916 0.09536384976525822 0.0801056338028169 0.03814553990610329 
0 0.21808978873239437 0.056924882629107984 0.09463028169014084 0.046948356807511735 
0 0.129181338028169 0.13468309859154928 0.08142605633802817 0.03814553990610329 
0 0.12632042253521128 0.17370892018779344 0.08450704225352113 0.036384976525821594 
0 0.3985475352112676 0.06073943661971831 0.08142605633802817 0.04518779342723005 
0 0.21544894366197184 0.01584507042253521 0.08230633802816902 0.029342723004694836 
0 0.21720950704225353 0.09653755868544601 0.08142605633802817 0.04401408450704225 
0 0.3019366197183099 0.012030516431924883 0.07482394366197183 0.022887323943661973 
0 0.3981073943661972 0.11296948356807512 0.08054577464788733 0.04988262910798122 
0 0.7101672535211268 0.05927230046948357 0.09903169014084508 0.05985915492957746 
0 0.6056338028169014 0.014964788732394365 0.08362676056338028 0.028755868544600938 
0 0.1324823943661972 0.30633802816901406 0.07042253521126761 0.04107981220657277 
0 0.13358274647887325 0.3453638497652582 0.0682218309859155 0.03931924882629108 
0 0.12962147887323944 0.38497652582159625 0.07350352112676056 0.036384976525821594 
0 0.13732394366197184 0.42458920187793425 0.07130281690140845 0.03931924882629108 
0 0.048195422535211266 0.40757042253521125 0.05413732394366197 0.05575117370892019 
0 0.042693661971830985 0.3615023474178404 0.07570422535211267 0.04812206572769953 
0 0.9766725352112676 0.056924882629107984 0.04665492957746479 0.046948356807511735 
0 0.9755721830985915 0.11120892018779342 0.0488556338028169 0.040492957746478875 
0 0.4993397887323944 0.02171361502347418 0.06470070422535211 0.035211267605633804 
0 0.9746919014084507 0.1657863849765258 0.04533450704225352 0.04988262910798122 
0 0.903169014084507 0.11502347417840375 0.0801056338028169 0.03990610328638498 
0 0.9075704225352113 0.016725352112676055 0.08714788732394366 0.027582159624413145 
0 0.805237676056338 0.019072769953051644 0.08054577464788733 0.03227699530516432 
0 0.04159330985915493 0.08773474178403756 0.07790492957746478 0.03814553990610329 
0 0.13182218309859156 0.26085680751173707 0.07174295774647887 0.04401408450704225 
0 0.21170774647887325 0.2538145539906103 0.08362676056338028 0.03227699530516432 
0 0.7112676056338029 0.013791079812206572 0.08362676056338028 0.02523474178403756 
0 0.6054137323943662 0.056924882629107984 0.09022887323943662 0.046948356807511735 
0 0.9005281690140845 0.16784037558685447 0.0880281690140845 0.05985915492957746 
0 0.03873239436619718 0.03961267605633803 0.07482394366197183 0.05575117370892019 
0 0.9055897887323944 0.6261737089201878 0.08846830985915492 0.07042253521126761 
0 0.6841989436619719 0.8474178403755869 0.05413732394366197 0.0528169014084507 
0 0.30809859154929575 0.1637323943661972 0.07482394366197183 0.03990610328638498 
0 0.6080545774647887 0.16607981220657278 0.07966549295774648 0.03403755868544601 
0 0.5022007042253521 0.09272300469483569 0.07834507042253522 0.05046948356807512 
0 0.7304137323943662 0.6778169014084507 0.0682218309859155 0.051643192488262914 
0 0.7328345070422535 0.5580985915492958 0.06778169014084508 0.05516431924882629 
0 0.6443661971830986 0.5557511737089202 0.07482394366197183 0.0539906103286385 
0 0.7407570422535211 0.3606220657276995 0.07658450704225352 0.06279342723004695 
0 0.6421654929577465 0.681631455399061 0.07042253521126761 0.04636150234741784 
0 0.5006602112676056 0.15316901408450703 0.0761443661971831 0.05046948356807512 
0 0.6472271126760564 0.3647300469483568 0.07526408450704225 0.056924882629107984 
0 0.5642605633802817 0.3562206572769953 0.08890845070422536 0.07394366197183098 
0 0.6459066901408451 0.42458920187793425 0.07350352112676056 0.056924882629107984 
0 0.5631602112676056 0.4272300469483568 0.07790492957746478 0.05516431924882629 
0 0.6404049295774648 0.6185446009389671 0.06866197183098592 0.046948356807511735 
0 0.7341549295774648 0.6161971830985915 0.07394366197183098 0.05046948356807512 
0 0.2147887323943662 0.2960680751173709 0.07922535211267606 0.04401408450704225 
0 0.7339348591549296 0.42458920187793425 0.06734154929577464 0.04870892018779343 
0 0.40338908450704225 0.159037558685446 0.07086267605633803 0.03990610328638498 
0 0.6128961267605634 0.8485915492957746 0.05237676056338028 0.0528169014084507 
0 0.8096390845070423 0.8518192488262911 0.05413732394366197 0.056924882629107984 
0 0.7068661971830986 0.1176643192488263 0.07746478873239436 0.04284037558685446 
0 0.9350792253521126 0.8418427230046949 0.047975352112676055 0.05457746478873239 
0 0.9016285211267606 0.07012910798122066 0.07526408450704225 0.04870892018779343 
0 0.9082306338028169 0.556631455399061 0.09639084507042253 0.08392018779342723 
0 0.9115316901408451 0.2904929577464789 0.08362676056338028 0.04929577464788732 
0 0.8032570422535211 0.1710680751173709 0.07922535211267606 0.041666666666666664 
0 0.8182218309859155 0.6713615023474179 0.07834507042253522 0.07394366197183098 
0 0.9025088028169014 0.6854460093896714 0.07702464788732394 0.06690140845070422 
0 0.8252640845070423 0.43339201877934275 0.07306338028169014 0.06044600938967136 
0 0.8263644366197183 0.36384976525821594 0.07966549295774648 0.05868544600938967 
0 0.8219630281690141 0.2860915492957746 0.08494718309859155 0.05927230046948357 
0 0.09903169014084508 0.8213028169014085 0.040492957746478875 0.0698356807511737 
0 0.3248239436619718 0.6734154929577465 0.06602112676056338 0.052230046948356805 
0 0.8034771126760564 0.11854460093896714 0.07878521126760564 0.03873239436619718 
0 0.30721830985915494 0.12294600938967136 0.08098591549295775 0.03931924882629108 
0 0.8043573943661971 0.06543427230046948 0.08230633802816902 0.04636150234741784 
0 0.606294014084507 0.11326291079812206 0.08582746478873239 0.04460093896713615 
0 0.910431338028169 0.34683098591549294 0.07702464788732394 0.04225352112676056 
0 0.9069102112676056 0.392018779342723 0.07702464788732394 0.045774647887323945 
0 0.21588908450704225 0.34330985915492956 0.08582746478873239 0.04107981220657277 
0 0.02948943661971831 0.6103286384976526 0.05369718309859155 0.046948356807511735 
0 0.2150088028169014 0.42752347417840375 0.07702464788732394 0.04284037558685446 
0 0.1538292253521127 0.8315727699530516 0.06294014084507042 0.035211267605633804 
0 0.21214788732394366 0.8368544600938967 0.06514084507042253 0.03403755868544601 
0 0.21654929577464788 0.7816901408450704 0.07130281690140845 0.06455399061032864 
0 0.28411091549295775 0.7884389671361502 0.06382042253521127 0.0721830985915493 
0 0.2777288732394366 0.8515258215962441 0.06602112676056338 0.045774647887323945 
0 0.27992957746478875 0.8846830985915493 0.061619718309859156 0.04401408450704225 
0 0.2797095070422535 0.9248826291079812 0.050616197183098594 0.03051643192488263 
0 0.22095070422535212 0.9184272300469484 0.06954225352112677 0.04107981220657277 
0 0.21148767605633803 0.8779342723004695 0.07262323943661972 0.04812206572769953 
0 0.15118838028169015 0.9116784037558685 0.07262323943661972 0.04870892018779343 
0 0.15074823943661972 0.8744131455399061 0.055897887323943664 0.046948356807511735 
0 0.09991197183098592 0.897593896713615 0.05369718309859155 0.061619718309859156 
0 0.0488556338028169 0.8934859154929577 0.07042253521126761 0.04401408450704225 
0 0.050616197183098594 0.8345070422535211 0.043133802816901406 0.06455399061032864 
0 0.030589788732394367 0.6613849765258216 0.058538732394366196 0.046948356807511735 
0 0.025088028169014086 0.5601525821596244 0.04929577464788732 0.04988262910798122 
0 0.025088028169014086 0.5140845070422535 0.04753521126760563 0.03990610328638498 
0 0.09881161971830986 0.6660798122065728 0.08494718309859155 0.04107981220657277 
0 0.09727112676056338 0.6167840375586855 0.08362676056338028 0.051643192488262914 
0 0.3496919014084507 0.8274647887323944 0.06294014084507042 0.08215962441314555 
0 0.3457306338028169 0.8799882629107981 0.07262323943661972 0.04401408450704225 
0 0.34463028169014087 0.9181338028169014 0.061619718309859156 0.04988262910798122 
0 0.4069102112676056 0.9269366197183099 0.06294014084507042 0.03814553990610329 
0 0.1538292253521127 0.7790492957746479 0.05149647887323944 0.04636150234741784 
0 0.7447183098591549 0.846244131455399 0.058098591549295774 0.05868544600938967 
0 0.8023767605633803 0.9005281690140845 0.05721830985915493 0.04401408450704225 
0 0.7997359154929577 0.9439553990610329 0.058098591549295774 0.03931924882629108 
0 0.8679577464788732 0.9416079812206573 0.06514084507042253 0.04988262910798122 
0 0.8672975352112676 0.9019953051643192 0.06382042253521127 0.046948356807511735 
0 0.8727992957746479 0.8597417840375586 0.07042253521126761 0.07042253521126761 
0 0.9324383802816901 0.9008215962441315 0.06382042253521127 0.04107981220657277 
0 0.9313380281690141 0.9439553990610329 0.07042253521126761 0.04518779342723005 
0 0.0878080985915493 0.5721830985915493 0.0761443661971831 0.0528169014084507 
0 0.6797975352112676 0.9410211267605634 0.06294014084507042 0.04518779342723005 
0 0.6148767605633803 0.9028755868544601 0.06073943661971831 0.04870892018779343 
0 0.542693661971831 0.8397887323943662 0.06602112676056338 0.0715962441314554 
0 0.5517165492957746 0.886150234741784 0.08142605633802817 0.046948356807511735 
0 0.543794014084507 0.9196009389671361 0.06382042253521127 0.0528169014084507 
0 0.4784330985915493 0.9234154929577465 0.07394366197183098 0.051056338028169015 
0 0.47997359154929575 0.8661971830985915 0.06382042253521127 0.057511737089201875 
0 0.4828345070422535 0.8230633802816901 0.058098591549295774 0.04401408450704225 
0 0.41571302816901406 0.8471244131455399 0.058538732394366196 0.04870892018779343 
0 0.4086707746478873 0.8876173708920188 0.05501760563380282 0.03814553990610329 
0 0.6148767605633803 0.9424882629107981 0.06073943661971831 0.036384976525821594 
0 0.0917693661971831 0.5120305164319249 0.0682218309859155 0.04401408450704225 
0 0.1641725352112676 0.5164319248826291 0.07482394366197183 0.04107981220657277 
0 0.16483274647887325 0.5528169014084507 0.06910211267605634 0.035211267605633804 
0 0.8151408450704225 0.5894953051643192 0.07130281690140845 0.06748826291079812 
0 0.9075704225352113 0.44571596244131456 0.08274647887323944 0.061619718309859156 
0 0.9819542253521126 0.44278169014084506 0.035211267605633804 0.05575117370892019 
0 0.9762323943661971 0.3902582159624413 0.03961267605633803 0.0528169014084507 
0 0.983274647887324 0.3389084507042254 0.03345070422535211 0.0357981220657277 
0 0.9784330985915493 0.2919600938967136 0.03961267605633803 0.05575117370892019 
0 0.7330545774647887 0.2822769953051643 0.08142605633802817 0.07746478873239436 
0 0.648987676056338 0.289612676056338 0.08494718309859155 0.07453051643192488 
0 0.5576584507042254 0.2860915492957746 0.08450704225352113 0.07922535211267606 
0 0.9735915492957746 0.6176643192488263 0.03873239436619718 0.0733568075117371 
0 0.472931338028169 0.2852112676056338 0.07790492957746478 0.05985915492957746 
0 0.4762323943661972 0.4369131455399061 0.08274647887323944 0.04401408450704225 
0 0.4837147887323944 0.3873239436619718 0.0801056338028169 0.05868544600938967 
0 0.3926056338028169 0.4216549295774648 0.08714788732394366 0.06044600938967136 
0 0.39194542253521125 0.34976525821596244 0.08582746478873239 0.07746478873239436 
0 0.39370598591549294 0.2822769953051643 0.08494718309859155 0.06924882629107981 
0 0.3100792253521127 0.28433098591549294 0.08494718309859155 0.05575117370892019 
0 0.3122799295774648 0.33274647887323944 0.08054577464788733 0.046948356807511735 
0 0.3122799295774648 0.38585680751173707 0.07790492957746478 0.04988262910798122 
0 0.3107394366197183 0.4269366197183099 0.08362676056338028 0.04988262910798122 
0 0.480193661971831 0.3386150234741784 0.0880281690140845 0.046948356807511735 
0 0.21720950704225353 0.3870305164319249 0.08142605633802817 0.03814553990610329 
0 0.7440580985915493 0.9404342723004695 0.06382042253521127 0.03227699530516432 
0 0.5598591549295775 0.5190727699530516 0.08274647887323944 0.05575117370892019 
0 0.16527288732394366 0.5947769953051644 0.07702464788732394 0.03697183098591549 
0 0.16549295774647887 0.6291079812206573 0.07482394366197183 0.04107981220657277 
0 0.1742957746478873 0.6740023474178404 0.07042253521126761 0.03697183098591549 
0 0.24955985915492956 0.6769366197183099 0.07834507042253522 0.04518779342723005 
0 0.24735915492957747 0.6320422535211268 0.08714788732394366 0.046948356807511735 
0 0.2418573943661972 0.5839201877934272 0.08230633802816902 0.04107981220657277 
0 0.24339788732394366 0.534037558685446 0.08362676056338028 0.0528169014084507 
0 0.3386883802816901 0.5557511737089202 0.05413732394366197 0.0528169014084507 
0 0.4007482394366197 0.693075117370892 0.07262323943661972 0.04812206572769953 
0 0.9753521126760564 0.6842723004694836 0.03961267605633803 0.06572769953051644 
0 0.39766725352112675 0.6382042253521126 0.07262323943661972 0.04988262910798122 
0 0.4784330985915493 0.5267018779342723 0.08274647887323944 0.04988262910798122 
0 0.4795334507042254 0.5713028169014085 0.08054577464788733 0.03931924882629108 
0 0.4788732394366197 0.6029929577464789 0.0880281690140845 0.03227699530516432 
0 0.4784330985915493 0.6440727699530516 0.07394366197183098 0.03814553990610329 
0 0.48349471830985913 0.6833920187793427 0.08582746478873239 0.04401408450704225 
0 0.5576584507042254 0.6921948356807511 0.07394366197183098 0.03814553990610329 
0 0.5572183098591549 0.6461267605633803 0.07922535211267606 0.0539906103286385 
0 0.5598591549295775 0.6109154929577465 0.08274647887323944 0.04812206572769953 
0 0.5587588028169014 0.5674882629107981 0.08230633802816902 0.046948356807511735 
0 0.39920774647887325 0.5859741784037559 0.07394366197183098 0.06279342723004695 
0 0.32350352112676056 0.6264671361502347 0.06338028169014084 0.03697183098591549 
0 0.686399647887324 0.9005281690140845 0.06910211267605634 0.05575117370892019 
0 0.7447183098591549 0.8984741784037559 0.058098591549295774 0.04812206572769953 
