0 0.4465228873239437 0.539906103286385 0.0761443661971831 0.046948356807511735 
0 0.9548855633802817 0.48914319248826293 0.08230633802816902 0.051056338028169015 
0 0.9509242957746479 0.5346244131455399 0.07262323943661972 0.045774647887323945 
0 0.9592869718309859 0.579518779342723 0.07790492957746478 0.04401408450704225 
0 0.06866197183098592 0.6584507042253521 0.07042253521126761 0.04107981220657277 
0 0.06404049295774648 0.715669014084507 0.07262323943661972 0.04988262910798122 
0 0.06866197183098592 0.76731220657277 0.07482394366197183 0.03814553990610329 
0 0.1423855633802817 0.7831572769953051 0.06382042253521127 0.03227699530516432 
0 0.14502640845070422 0.8154342723004695 0.08054577464788733 0.04401408450704225 
0 0.14106514084507044 0.7453051643192489 0.07262323943661972 0.04107981220657277 
0 0.9722711267605634 0.971537558685446 0.04929577464788732 0.056924882629107984 
0 0.9102112676056338 0.9730046948356808 0.06602112676056338 0.0539906103286385 
0 0.8474911971830986 0.9738849765258216 0.05941901408450704 0.052230046948356805 
0 0.7814700704225352 0.9688967136150235 0.07262323943661972 0.0539906103286385 
0 0.7139084507042254 0.971537558685446 0.06514084507042253 0.056924882629107984 
0 0.6511883802816901 0.9703638497652582 0.06470070422535211 0.051056338028169015 
0 0.8734595070422535 0.4788732394366197 0.08670774647887323 0.05985915492957746 
0 0.8679577464788732 0.5308098591549296 0.0801056338028169 0.05575117370892019 
0 0.695862676056338 0.42077464788732394 0.07922535211267606 0.06455399061032864 
0 0.6076144366197183 0.43427230046948356 0.07262323943661972 0.07042253521126761 
0 0.19080105633802816 0.494424882629108 0.07702464788732394 0.04401408450704225 
0 0.18794014084507044 0.5322769953051644 0.07130281690140845 0.035211267605633804 
0 0.18838028169014084 0.5713028169014085 0.07042253521126761 0.03697183098591549 
0 0.2788292253521127 0.5742370892018779 0.08142605633802817 0.04518779342723005 
0 0.7007042253521126 0.5674882629107981 0.07834507042253522 0.06455399061032864 
0 0.28213028169014087 0.5346244131455399 0.07482394366197183 0.04225352112676056 
0 0.28587147887323944 0.49295774647887325 0.08054577464788733 0.0528169014084507 
0 0.2847711267605634 0.43779342723004694 0.07570422535211267 0.05985915492957746 
0 0.3633362676056338 0.43779342723004694 0.08142605633802817 0.06338028169014084 
0 0.36399647887323944 0.49413145539906106 0.07570422535211267 0.06455399061032864 
0 0.3613556338028169 0.5625 0.07042253521126761 0.06044600938967136 
0 0.4515845070422535 0.5780516431924883 0.07482394366197183 0.04107981220657277 
0 0.44608274647887325 0.4964788732394366 0.0682218309859155 0.051643192488262914 
0 0.445862676056338 0.4386737089201878 0.07922535211267606 0.061619718309859156 
0 0.5264084507042254 0.4339788732394366 0.07922535211267606 0.061619718309859156 
0 0.5891285211267606 0.9703638497652582 0.05941901408450704 0.051056338028169015 
0 0.5191461267605634 0.9665492957746479 0.06470070422535211 0.046948356807511735 
0 0.4555457746478873 0.9556924882629108 0.0528169014084507 0.051056338028169015 
0 0.3857834507042254 0.9782863849765259 0.05765845070422535 0.04342723004694836 
0 0.6142165492957746 0.761443661971831 0.08582746478873239 0.06396713615023474 
0 0.5279489436619719 0.7112676056338029 0.06910211267605634 0.04107981220657277 
0 0.5319102112676056 0.6690140845070423 0.07702464788732394 0.035211267605633804 
0 0.453125 0.6716549295774648 0.07790492957746478 0.03227699530516432 
0 0.45026408450704225 0.7165492957746479 0.07482394366197183 0.04225352112676056 
0 0.4513644366197183 0.7517605633802817 0.07262323943661972 0.04225352112676056 
0 0.45422535211267606 0.789906103286385 0.07394366197183098 0.03990610328638498 
0 0.453125 0.8324530516431925 0.06910211267605634 0.03345070422535211 
0 0.3743397887323944 0.8303990610328639 0.07702464788732394 0.0528169014084507 
0 0.3727992957746479 0.7802230046948356 0.07394366197183098 0.04988262910798122 
0 0.37059859154929575 0.7350352112676056 0.07834507042253522 0.04988262910798122 
0 0.3149207746478873 0.70481220657277 0.05501760563380282 0.045774647887323945 
0 0.21985035211267606 0.7775821596244131 0.08230633802816902 0.04107981220657277 
0 0.22161091549295775 0.7321009389671361 0.08142605633802817 0.05575117370892019 
0 0.21610915492957747 0.6784037558685446 0.07922535211267606 0.06924882629107981 
0 0.7847711267605634 0.5038145539906104 0.07922535211267606 0.051056338028169015 
0 0.18463908450704225 0.4465962441314554 0.08230633802816902 0.051643192488262914 
0 0.6998239436619719 0.49559859154929575 0.0818661971830986 0.0733568075117371 
0 0.46742957746478875 0.30809859154929575 0.07394366197183098 0.04929577464788732 
0 0.323943661971831 0.9727112676056338 0.061619718309859156 0.04401408450704225 
0 0.2522007042253521 0.983274647887324 0.06602112676056338 0.03345070422535211 
0 0.1894806338028169 0.982981220657277 0.05501760563380282 0.029342723004694836 
0 0.12984154929577466 0.9803403755868545 0.06073943661971831 0.03931924882629108 
0 0.07306338028169014 0.9556924882629108 0.0528169014084507 0.056924882629107984 
0 0.954225352112676 0.6778169014084507 0.07042253521126761 0.07042253521126761 
0 0.785431338028169 0.7341549295774648 0.07350352112676056 0.0892018779342723 
0 0.6996038732394366 0.687206572769953 0.08054577464788733 0.0715962441314554 
0 0.6148767605633803 0.6907276995305164 0.08450704225352113 0.07629107981220658 
0 0.5257482394366197 0.7928403755868545 0.06734154929577464 0.045774647887323945 
0 0.5290492957746479 0.7526408450704225 0.06954225352112677 0.03227699530516432 
0 0.7915933098591549 0.5727699530516432 0.08582746478873239 0.0539906103286385 
0 0.8758802816901409 0.7690727699530516 0.07922535211267606 0.052230046948356805 
0 0.7647447183098591 0.15669014084507044 0.08230633802816902 0.06455399061032864 
0 0.46919014084507044 0.23327464788732394 0.07570422535211267 0.0534037558685446 
0 0.694762323943662 0.7585093896713615 0.08318661971830986 0.06396713615023474 
0 0.18970070422535212 0.4061032863849765 0.07482394366197183 0.04107981220657277 
0 0.10871478873239436 0.4113849765258216 0.07130281690140845 0.04225352112676056 
0 0.1113556338028169 0.45539906103286387 0.07042253521126761 0.03990610328638498 
0 0.03125 0.20158450704225353 0.05721830985915493 0.04284037558685446 
0 0.10871478873239436 0.335093896713615 0.06514084507042253 0.045774647887323945 
0 0.10387323943661972 0.29313380281690143 0.06602112676056338 0.02640845070422535 
0 0.10651408450704225 0.25440140845070425 0.07394366197183098 0.031103286384976527 
0 0.10871478873239436 0.1722417840375587 0.0801056338028169 0.04518779342723005 
0 0.7860915492957746 0.812793427230047 0.08098591549295775 0.0880281690140845 
0 0.025088028169014086 0.24559859154929578 0.0448943661971831 0.03697183098591549 
0 0.12830105633802816 0.9330985915492958 0.06294014084507042 0.05516431924882629 
0 0.530149647887324 0.835093896713615 0.0761443661971831 0.03990610328638498 
0 0.19344190140845072 0.9339788732394366 0.06734154929577464 0.05927230046948357 
0 0.06580105633802817 0.8166079812206573 0.058538732394366196 0.04636150234741784 
0 0.25704225352112675 0.9330985915492958 0.06338028169014084 0.0528169014084507 
0 0.22535211267605634 0.8213028169014085 0.06514084507042253 0.03931924882629108 
0 0.296875 0.8119131455399061 0.05765845070422535 0.03345070422535211 
0 0.29577464788732394 0.7769953051643192 0.061619718309859156 0.04460093896713615 
0 0.030589788732394367 0.2852112676056338 0.05413732394366197 0.045774647887323945 
0 0.029049295774647887 0.335093896713615 0.04841549295774648 0.036384976525821594 
0 0.19828345070422534 0.17370892018779344 0.07262323943661972 0.03990610328638498 
0 0.5675616197183099 0.21185446009389672 0.08230633802816902 0.057511737089201875 
0 0.570862676056338 0.14935446009389672 0.09595070422535211 0.061619718309859156 
0 0.46742957746478875 0.17077464788732394 0.08450704225352113 0.06924882629107981 
0 0.3650968309859155 0.31954225352112675 0.07790492957746478 0.04988262910798122 
0 0.36619718309859156 0.27582159624413144 0.07130281690140845 0.035211267605633804 
0 0.3690580985915493 0.17576291079812206 0.09022887323943662 0.06748826291079812 
0 0.2814700704225352 0.16784037558685447 0.07174295774647887 0.04225352112676056 
0 0.2792693661971831 0.2074530516431925 0.06734154929577464 0.03345070422535211 
0 0.2777288732394366 0.25 0.07042253521126761 0.02464788732394366 
0 0.2847711267605634 0.32541079812206575 0.06954225352112677 0.03814553990610329 
0 0.27992957746478875 0.27992957746478875 0.07042253521126761 0.023474178403755867 
0 0.19190140845070422 0.33039906103286387 0.07042253521126761 0.03403755868544601 
0 0.19388204225352113 0.2948943661971831 0.0682218309859155 0.03227699530516432 
0 0.19608274647887325 0.2535211267605634 0.07262323943661972 0.046948356807511735 
0 0.19960387323943662 0.21038732394366197 0.07262323943661972 0.03931924882629108 
0 0.9595070422535211 0.82981220657277 0.07394366197183098 0.04929577464788732 
0 0.140625 0.659330985915493 0.07174295774647887 0.04284037558685446 
0 0.6126760563380281 0.8265845070422535 0.08274647887323944 0.04870892018779343 
0 0.8734595070422535 0.8265845070422535 0.08318661971830986 0.06396713615023474 
0 0.9588468309859155 0.7570422535211268 0.06998239436619719 0.07042253521126761 
0 0.5321302816901409 0.5137910798122066 0.06602112676056338 0.04870892018779343 
0 0.5363116197183099 0.5730633802816901 0.07878521126760564 0.04518779342723005 
0 0.6170774647887324 0.511150234741784 0.07834507042253522 0.06338028169014084 
0 0.5675616197183099 0.2676056338028169 0.08934859154929578 0.04812206572769953 
0 0.6720950704225352 0.318075117370892 0.0801056338028169 0.046948356807511735 
0 0.6709947183098591 0.15082159624413147 0.09815140845070422 0.05868544600938967 
0 0.7629841549295775 0.3210093896713615 0.09022887323943662 0.04107981220657277 
0 0.8525528169014085 0.3248239436619718 0.07570422535211267 0.056924882629107984 
0 0.8558538732394366 0.2640845070422535 0.08934859154929578 0.04107981220657277 
0 0.8598151408450704 0.2147887323943662 0.09022887323943662 0.051643192488262914 
0 0.03389084507042254 0.5090962441314554 0.06690140845070422 0.04401408450704225 
0 0.03609154929577465 0.5595657276995305 0.06690140845070422 0.05457746478873239 
0 0.11267605633802817 0.5762910798122066 0.07042253521126761 0.035211267605633804 
0 0.11421654929577464 0.539612676056338 0.07350352112676056 0.04401408450704225 
0 0.6148767605633803 0.5786384976525821 0.07834507042253522 0.05985915492957746 
0 0.6998239436619719 0.823650234741784 0.07570422535211267 0.06631455399061033 
0 0.6694542253521126 0.26789906103286387 0.07746478873239436 0.04284037558685446 
0 0.5699823943661971 0.31690140845070425 0.08714788732394366 0.035211267605633804 
0 0.8723591549295775 0.42634976525821594 0.08274647887323944 0.056924882629107984 
0 0.9482834507042254 0.21742957746478872 0.08230633802816902 0.040492957746478875 
0 0.945862676056338 0.3230633802816901 0.0801056338028169 0.040492957746478875 
0 0.7629841549295775 0.2755281690140845 0.0840669014084507 0.040492957746478875 
0 0.950044014084507 0.2687793427230047 0.08142605633802817 0.057511737089201875 
0 0.9590669014084507 0.43221830985915494 0.07130281690140845 0.04284037558685446 
0 0.6703345070422535 0.20715962441314553 0.07922535211267606 0.046948356807511735 
0 0.7563820422535211 0.21244131455399062 0.0761443661971831 0.04812206572769953 
0 0.871919014084507 0.5803990610328639 0.08098591549295775 0.04460093896713615 
0 0.9478433098591549 0.15815727699530516 0.08758802816901408 0.05575117370892019 
0 0.879181338028169 0.6971830985915493 0.0840669014084507 0.057511737089201875 
0 0.8573943661971831 0.16343896713615025 0.07922535211267606 0.06044600938967136 
0 0.3701584507042254 0.23591549295774647 0.08538732394366197 0.04812206572769953 
0 0.1131161971830986 0.494424882629108 0.07130281690140845 0.040492957746478875 
0 0.10893485915492958 0.2147887323943662 0.06470070422535211 0.05046948356807512 
0 0.7830105633802817 0.4295774647887324 0.08098591549295775 0.07981220657276995 
0 0.14216549295774647 0.7053990610328639 0.07922535211267606 0.035211267605633804 
0 0.4465228873239437 0.539906103286385 0.0761443661971831 0.046948356807511735 
0 0.9548855633802817 0.48914319248826293 0.08230633802816902 0.051056338028169015 
0 0.9509242957746479 0.5346244131455399 0.07262323943661972 0.045774647887323945 
0 0.9592869718309859 0.579518779342723 0.07790492957746478 0.04401408450704225 
0 0.06866197183098592 0.6584507042253521 0.07042253521126761 0.04107981220657277 
0 0.06404049295774648 0.715669014084507 0.07262323943661972 0.04988262910798122 
0 0.06866197183098592 0.76731220657277 0.07482394366197183 0.03814553990610329 
0 0.1423855633802817 0.7831572769953051 0.06382042253521127 0.03227699530516432 
0 0.14502640845070422 0.8154342723004695 0.08054577464788733 0.04401408450704225 
0 0.14106514084507044 0.7453051643192489 0.07262323943661972 0.04107981220657277 
0 0.9722711267605634 0.971537558685446 0.04929577464788732 0.056924882629107984 
0 0.9102112676056338 0.9730046948356808 0.06602112676056338 0.0539906103286385 
0 0.8474911971830986 0.9738849765258216 0.05941901408450704 0.052230046948356805 
0 0.7814700704225352 0.9688967136150235 0.07262323943661972 0.0539906103286385 
0 0.7139084507042254 0.971537558685446 0.06514084507042253 0.056924882629107984 
0 0.6511883802816901 0.9703638497652582 0.06470070422535211 0.051056338028169015 
0 0.8734595070422535 0.4788732394366197 0.08670774647887323 0.05985915492957746 
0 0.8679577464788732 0.5308098591549296 0.0801056338028169 0.05575117370892019 
0 0.695862676056338 0.42077464788732394 0.07922535211267606 0.06455399061032864 
0 0.6076144366197183 0.43427230046948356 0.07262323943661972 0.07042253521126761 
0 0.19080105633802816 0.494424882629108 0.07702464788732394 0.04401408450704225 
0 0.18794014084507044 0.5322769953051644 0.07130281690140845 0.035211267605633804 
0 0.18838028169014084 0.5713028169014085 0.07042253521126761 0.03697183098591549 
0 0.2788292253521127 0.5742370892018779 0.08142605633802817 0.04518779342723005 
0 0.7007042253521126 0.5674882629107981 0.07834507042253522 0.06455399061032864 
0 0.28213028169014087 0.5346244131455399 0.07482394366197183 0.04225352112676056 
0 0.28587147887323944 0.49295774647887325 0.08054577464788733 0.0528169014084507 
0 0.2847711267605634 0.43779342723004694 0.07570422535211267 0.05985915492957746 
0 0.3633362676056338 0.43779342723004694 0.08142605633802817 0.06338028169014084 
0 0.36399647887323944 0.49413145539906106 0.07570422535211267 0.06455399061032864 
0 0.3613556338028169 0.5625 0.07042253521126761 0.06044600938967136 
0 0.4515845070422535 0.5780516431924883 0.07482394366197183 0.04107981220657277 
0 0.44608274647887325 0.4964788732394366 0.0682218309859155 0.051643192488262914 
0 0.445862676056338 0.4386737089201878 0.07922535211267606 0.061619718309859156 
0 0.5264084507042254 0.4339788732394366 0.07922535211267606 0.061619718309859156 
0 0.5891285211267606 0.9703638497652582 0.05941901408450704 0.051056338028169015 
0 0.5191461267605634 0.9665492957746479 0.06470070422535211 0.046948356807511735 
0 0.4555457746478873 0.9556924882629108 0.0528169014084507 0.051056338028169015 
0 0.3857834507042254 0.9782863849765259 0.05765845070422535 0.04342723004694836 
0 0.6142165492957746 0.761443661971831 0.08582746478873239 0.06396713615023474 
0 0.5279489436619719 0.7112676056338029 0.06910211267605634 0.04107981220657277 
0 0.5319102112676056 0.6690140845070423 0.07702464788732394 0.035211267605633804 
0 0.453125 0.6716549295774648 0.07790492957746478 0.03227699530516432 
0 0.45026408450704225 0.7165492957746479 0.07482394366197183 0.04225352112676056 
0 0.4513644366197183 0.7517605633802817 0.07262323943661972 0.04225352112676056 
0 0.45422535211267606 0.789906103286385 0.07394366197183098 0.03990610328638498 
0 0.453125 0.8324530516431925 0.06910211267605634 0.03345070422535211 
0 0.3743397887323944 0.8303990610328639 0.07702464788732394 0.0528169014084507 
0 0.3727992957746479 0.7802230046948356 0.07394366197183098 0.04988262910798122 
0 0.37059859154929575 0.7350352112676056 0.07834507042253522 0.04988262910798122 
0 0.3149207746478873 0.70481220657277 0.05501760563380282 0.045774647887323945 
0 0.21985035211267606 0.7775821596244131 0.08230633802816902 0.04107981220657277 
0 0.22161091549295775 0.7321009389671361 0.08142605633802817 0.05575117370892019 
0 0.21610915492957747 0.6784037558685446 0.07922535211267606 0.06924882629107981 
0 0.7847711267605634 0.5038145539906104 0.07922535211267606 0.051056338028169015 
0 0.18463908450704225 0.4465962441314554 0.08230633802816902 0.051643192488262914 
0 0.6998239436619719 0.49559859154929575 0.0818661971830986 0.0733568075117371 
0 0.46742957746478875 0.30809859154929575 0.07394366197183098 0.04929577464788732 
0 0.323943661971831 0.9727112676056338 0.061619718309859156 0.04401408450704225 
0 0.2522007042253521 0.983274647887324 0.06602112676056338 0.03345070422535211 
0 0.1894806338028169 0.982981220657277 0.05501760563380282 0.029342723004694836 
0 0.12984154929577466 0.9803403755868545 0.06073943661971831 0.03931924882629108 
0 0.07306338028169014 0.9556924882629108 0.0528169014084507 0.056924882629107984 
0 0.954225352112676 0.6778169014084507 0.07042253521126761 0.07042253521126761 
0 0.785431338028169 0.7341549295774648 0.07350352112676056 0.0892018779342723 
0 0.6996038732394366 0.687206572769953 0.08054577464788733 0.0715962441314554 
0 0.6148767605633803 0.6907276995305164 0.08450704225352113 0.07629107981220658 
0 0.5257482394366197 0.7928403755868545 0.06734154929577464 0.045774647887323945 
0 0.5290492957746479 0.7526408450704225 0.06954225352112677 0.03227699530516432 
0 0.7915933098591549 0.5727699530516432 0.08582746478873239 0.0539906103286385 
0 0.8758802816901409 0.7690727699530516 0.07922535211267606 0.052230046948356805 
0 0.7647447183098591 0.15669014084507044 0.08230633802816902 0.06455399061032864 
0 0.46919014084507044 0.23327464788732394 0.07570422535211267 0.0534037558685446 
0 0.694762323943662 0.7585093896713615 0.08318661971830986 0.06396713615023474 
0 0.18970070422535212 0.4061032863849765 0.07482394366197183 0.04107981220657277 
0 0.10871478873239436 0.4113849765258216 0.07130281690140845 0.04225352112676056 
0 0.1113556338028169 0.45539906103286387 0.07042253521126761 0.03990610328638498 
0 0.03125 0.20158450704225353 0.05721830985915493 0.04284037558685446 
0 0.10871478873239436 0.335093896713615 0.06514084507042253 0.045774647887323945 
0 0.10387323943661972 0.29313380281690143 0.06602112676056338 0.02640845070422535 
0 0.10651408450704225 0.25440140845070425 0.07394366197183098 0.031103286384976527 
0 0.10871478873239436 0.1722417840375587 0.0801056338028169 0.04518779342723005 
0 0.7860915492957746 0.812793427230047 0.08098591549295775 0.0880281690140845 
0 0.025088028169014086 0.24559859154929578 0.0448943661971831 0.03697183098591549 
0 0.12830105633802816 0.9330985915492958 0.06294014084507042 0.05516431924882629 
0 0.530149647887324 0.835093896713615 0.0761443661971831 0.03990610328638498 
0 0.19344190140845072 0.9339788732394366 0.06734154929577464 0.05927230046948357 
0 0.06580105633802817 0.8166079812206573 0.058538732394366196 0.04636150234741784 
0 0.25704225352112675 0.9330985915492958 0.06338028169014084 0.0528169014084507 
0 0.22535211267605634 0.8213028169014085 0.06514084507042253 0.03931924882629108 
0 0.296875 0.8119131455399061 0.05765845070422535 0.03345070422535211 
0 0.29577464788732394 0.7769953051643192 0.061619718309859156 0.04460093896713615 
0 0.030589788732394367 0.2852112676056338 0.05413732394366197 0.045774647887323945 
0 0.029049295774647887 0.335093896713615 0.04841549295774648 0.036384976525821594 
0 0.19828345070422534 0.17370892018779344 0.07262323943661972 0.03990610328638498 
0 0.5675616197183099 0.21185446009389672 0.08230633802816902 0.057511737089201875 
0 0.570862676056338 0.14935446009389672 0.09595070422535211 0.061619718309859156 
0 0.46742957746478875 0.17077464788732394 0.08450704225352113 0.06924882629107981 
0 0.3650968309859155 0.31954225352112675 0.07790492957746478 0.04988262910798122 
0 0.36619718309859156 0.27582159624413144 0.07130281690140845 0.035211267605633804 
0 0.3690580985915493 0.17576291079812206 0.09022887323943662 0.06748826291079812 
0 0.2814700704225352 0.16784037558685447 0.07174295774647887 0.04225352112676056 
0 0.2792693661971831 0.2074530516431925 0.06734154929577464 0.03345070422535211 
0 0.2777288732394366 0.25 0.07042253521126761 0.02464788732394366 
0 0.2847711267605634 0.32541079812206575 0.06954225352112677 0.03814553990610329 
0 0.27992957746478875 0.27992957746478875 0.07042253521126761 0.023474178403755867 
0 0.19190140845070422 0.33039906103286387 0.07042253521126761 0.03403755868544601 
0 0.19388204225352113 0.2948943661971831 0.0682218309859155 0.03227699530516432 
0 0.19608274647887325 0.2535211267605634 0.07262323943661972 0.046948356807511735 
0 0.19960387323943662 0.21038732394366197 0.07262323943661972 0.03931924882629108 
0 0.9595070422535211 0.82981220657277 0.07394366197183098 0.04929577464788732 
0 0.140625 0.659330985915493 0.07174295774647887 0.04284037558685446 
0 0.6126760563380281 0.8265845070422535 0.08274647887323944 0.04870892018779343 
0 0.8734595070422535 0.8265845070422535 0.08318661971830986 0.06396713615023474 
0 0.9588468309859155 0.7570422535211268 0.06998239436619719 0.07042253521126761 
0 0.5321302816901409 0.5137910798122066 0.06602112676056338 0.04870892018779343 
0 0.5363116197183099 0.5730633802816901 0.07878521126760564 0.04518779342723005 
0 0.6170774647887324 0.511150234741784 0.07834507042253522 0.06338028169014084 
0 0.5675616197183099 0.2676056338028169 0.08934859154929578 0.04812206572769953 
0 0.6720950704225352 0.318075117370892 0.0801056338028169 0.046948356807511735 
0 0.6709947183098591 0.15082159624413147 0.09815140845070422 0.05868544600938967 
0 0.7629841549295775 0.3210093896713615 0.09022887323943662 0.04107981220657277 
0 0.8525528169014085 0.3248239436619718 0.07570422535211267 0.056924882629107984 
0 0.8558538732394366 0.2640845070422535 0.08934859154929578 0.04107981220657277 
0 0.8598151408450704 0.2147887323943662 0.09022887323943662 0.051643192488262914 
0 0.03389084507042254 0.5090962441314554 0.06690140845070422 0.04401408450704225 
0 0.03609154929577465 0.5595657276995305 0.06690140845070422 0.05457746478873239 
0 0.11267605633802817 0.5762910798122066 0.07042253521126761 0.035211267605633804 
0 0.11421654929577464 0.539612676056338 0.07350352112676056 0.04401408450704225 
0 0.6148767605633803 0.5786384976525821 0.07834507042253522 0.05985915492957746 
0 0.6998239436619719 0.823650234741784 0.07570422535211267 0.06631455399061033 
0 0.6694542253521126 0.26789906103286387 0.07746478873239436 0.04284037558685446 
0 0.5699823943661971 0.31690140845070425 0.08714788732394366 0.035211267605633804 
0 0.8723591549295775 0.42634976525821594 0.08274647887323944 0.056924882629107984 
0 0.9482834507042254 0.21742957746478872 0.08230633802816902 0.040492957746478875 
0 0.945862676056338 0.3230633802816901 0.0801056338028169 0.040492957746478875 
0 0.7629841549295775 0.2755281690140845 0.0840669014084507 0.040492957746478875 
0 0.950044014084507 0.2687793427230047 0.08142605633802817 0.057511737089201875 
0 0.9590669014084507 0.43221830985915494 0.07130281690140845 0.04284037558685446 
0 0.6703345070422535 0.20715962441314553 0.07922535211267606 0.046948356807511735 
0 0.7563820422535211 0.21244131455399062 0.0761443661971831 0.04812206572769953 
0 0.871919014084507 0.5803990610328639 0.08098591549295775 0.04460093896713615 
0 0.9478433098591549 0.15815727699530516 0.08758802816901408 0.05575117370892019 
0 0.879181338028169 0.6971830985915493 0.0840669014084507 0.057511737089201875 
0 0.8573943661971831 0.16343896713615025 0.07922535211267606 0.06044600938967136 
0 0.3701584507042254 0.23591549295774647 0.08538732394366197 0.04812206572769953 
0 0.1131161971830986 0.494424882629108 0.07130281690140845 0.040492957746478875 
0 0.10893485915492958 0.2147887323943662 0.06470070422535211 0.05046948356807512 
0 0.7830105633802817 0.4295774647887324 0.08098591549295775 0.07981220657276995 
0 0.14216549295774647 0.7053990610328639 0.07922535211267606 0.035211267605633804 
0 0.4465228873239437 0.539906103286385 0.0761443661971831 0.046948356807511735 
0 0.9548855633802817 0.48914319248826293 0.08230633802816902 0.051056338028169015 
0 0.9509242957746479 0.5346244131455399 0.07262323943661972 0.045774647887323945 
0 0.9592869718309859 0.579518779342723 0.07790492957746478 0.04401408450704225 
0 0.06866197183098592 0.6584507042253521 0.07042253521126761 0.04107981220657277 
0 0.06404049295774648 0.715669014084507 0.07262323943661972 0.04988262910798122 
0 0.06866197183098592 0.76731220657277 0.07482394366197183 0.03814553990610329 
0 0.1423855633802817 0.7831572769953051 0.06382042253521127 0.03227699530516432 
0 0.14502640845070422 0.8154342723004695 0.08054577464788733 0.04401408450704225 
0 0.14106514084507044 0.7453051643192489 0.07262323943661972 0.04107981220657277 
0 0.9722711267605634 0.971537558685446 0.04929577464788732 0.056924882629107984 
0 0.9102112676056338 0.9730046948356808 0.06602112676056338 0.0539906103286385 
0 0.8474911971830986 0.9738849765258216 0.05941901408450704 0.052230046948356805 
0 0.7814700704225352 0.9688967136150235 0.07262323943661972 0.0539906103286385 
0 0.7139084507042254 0.971537558685446 0.06514084507042253 0.056924882629107984 
0 0.6511883802816901 0.9703638497652582 0.06470070422535211 0.051056338028169015 
0 0.8734595070422535 0.4788732394366197 0.08670774647887323 0.05985915492957746 
0 0.8679577464788732 0.5308098591549296 0.0801056338028169 0.05575117370892019 
0 0.695862676056338 0.42077464788732394 0.07922535211267606 0.06455399061032864 
0 0.6076144366197183 0.43427230046948356 0.07262323943661972 0.07042253521126761 
0 0.19080105633802816 0.494424882629108 0.07702464788732394 0.04401408450704225 
0 0.18794014084507044 0.5322769953051644 0.07130281690140845 0.035211267605633804 
0 0.18838028169014084 0.5713028169014085 0.07042253521126761 0.03697183098591549 
0 0.2788292253521127 0.5742370892018779 0.08142605633802817 0.04518779342723005 
0 0.7007042253521126 0.5674882629107981 0.07834507042253522 0.06455399061032864 
0 0.28213028169014087 0.5346244131455399 0.07482394366197183 0.04225352112676056 
0 0.28587147887323944 0.49295774647887325 0.08054577464788733 0.0528169014084507 
0 0.2847711267605634 0.43779342723004694 0.07570422535211267 0.05985915492957746 
0 0.3633362676056338 0.43779342723004694 0.08142605633802817 0.06338028169014084 
0 0.36399647887323944 0.49413145539906106 0.07570422535211267 0.06455399061032864 
0 0.3613556338028169 0.5625 0.07042253521126761 0.06044600938967136 
0 0.4515845070422535 0.5780516431924883 0.07482394366197183 0.04107981220657277 
0 0.44608274647887325 0.4964788732394366 0.0682218309859155 0.051643192488262914 
0 0.445862676056338 0.4386737089201878 0.07922535211267606 0.061619718309859156 
0 0.5264084507042254 0.4339788732394366 0.07922535211267606 0.061619718309859156 
0 0.5891285211267606 0.9703638497652582 0.05941901408450704 0.051056338028169015 
0 0.5191461267605634 0.9665492957746479 0.06470070422535211 0.046948356807511735 
0 0.4555457746478873 0.9556924882629108 0.0528169014084507 0.051056338028169015 
0 0.3857834507042254 0.9782863849765259 0.05765845070422535 0.04342723004694836 
0 0.6142165492957746 0.761443661971831 0.08582746478873239 0.06396713615023474 
0 0.5279489436619719 0.7112676056338029 0.06910211267605634 0.04107981220657277 
0 0.5319102112676056 0.6690140845070423 0.07702464788732394 0.035211267605633804 
0 0.453125 0.6716549295774648 0.07790492957746478 0.03227699530516432 
0 0.45026408450704225 0.7165492957746479 0.07482394366197183 0.04225352112676056 
0 0.4513644366197183 0.7517605633802817 0.07262323943661972 0.04225352112676056 
0 0.45422535211267606 0.789906103286385 0.07394366197183098 0.03990610328638498 
0 0.453125 0.8324530516431925 0.06910211267605634 0.03345070422535211 
0 0.3743397887323944 0.8303990610328639 0.07702464788732394 0.0528169014084507 
0 0.3727992957746479 0.7802230046948356 0.07394366197183098 0.04988262910798122 
0 0.37059859154929575 0.7350352112676056 0.07834507042253522 0.04988262910798122 
0 0.3149207746478873 0.70481220657277 0.05501760563380282 0.045774647887323945 
0 0.21985035211267606 0.7775821596244131 0.08230633802816902 0.04107981220657277 
0 0.22161091549295775 0.7321009389671361 0.08142605633802817 0.05575117370892019 
0 0.21610915492957747 0.6784037558685446 0.07922535211267606 0.06924882629107981 
0 0.7847711267605634 0.5038145539906104 0.07922535211267606 0.051056338028169015 
0 0.18463908450704225 0.4465962441314554 0.08230633802816902 0.051643192488262914 
0 0.6998239436619719 0.49559859154929575 0.0818661971830986 0.0733568075117371 
0 0.46742957746478875 0.30809859154929575 0.07394366197183098 0.04929577464788732 
0 0.323943661971831 0.9727112676056338 0.061619718309859156 0.04401408450704225 
0 0.2522007042253521 0.983274647887324 0.06602112676056338 0.03345070422535211 
0 0.1894806338028169 0.982981220657277 0.05501760563380282 0.029342723004694836 
0 0.12984154929577466 0.9803403755868545 0.06073943661971831 0.03931924882629108 
0 0.07306338028169014 0.9556924882629108 0.0528169014084507 0.056924882629107984 
0 0.954225352112676 0.6778169014084507 0.07042253521126761 0.07042253521126761 
0 0.785431338028169 0.7341549295774648 0.07350352112676056 0.0892018779342723 
0 0.6996038732394366 0.687206572769953 0.08054577464788733 0.0715962441314554 
0 0.6148767605633803 0.6907276995305164 0.08450704225352113 0.07629107981220658 
0 0.5257482394366197 0.7928403755868545 0.06734154929577464 0.045774647887323945 
0 0.5290492957746479 0.7526408450704225 0.06954225352112677 0.03227699530516432 
0 0.7915933098591549 0.5727699530516432 0.08582746478873239 0.0539906103286385 
0 0.8758802816901409 0.7690727699530516 0.07922535211267606 0.052230046948356805 
0 0.7647447183098591 0.15669014084507044 0.08230633802816902 0.06455399061032864 
0 0.46919014084507044 0.23327464788732394 0.07570422535211267 0.0534037558685446 
0 0.694762323943662 0.7585093896713615 0.08318661971830986 0.06396713615023474 
0 0.18970070422535212 0.4061032863849765 0.07482394366197183 0.04107981220657277 
0 0.10871478873239436 0.4113849765258216 0.07130281690140845 0.04225352112676056 
0 0.1113556338028169 0.45539906103286387 0.07042253521126761 0.03990610328638498 
0 0.03125 0.20158450704225353 0.05721830985915493 0.04284037558685446 
0 0.10871478873239436 0.335093896713615 0.06514084507042253 0.045774647887323945 
0 0.10387323943661972 0.29313380281690143 0.06602112676056338 0.02640845070422535 
0 0.10651408450704225 0.25440140845070425 0.07394366197183098 0.031103286384976527 
0 0.10871478873239436 0.1722417840375587 0.0801056338028169 0.04518779342723005 
0 0.7860915492957746 0.812793427230047 0.08098591549295775 0.0880281690140845 
0 0.025088028169014086 0.24559859154929578 0.0448943661971831 0.03697183098591549 
0 0.12830105633802816 0.9330985915492958 0.06294014084507042 0.05516431924882629 
0 0.530149647887324 0.835093896713615 0.0761443661971831 0.03990610328638498 
0 0.19344190140845072 0.9339788732394366 0.06734154929577464 0.05927230046948357 
0 0.06580105633802817 0.8166079812206573 0.058538732394366196 0.04636150234741784 
0 0.25704225352112675 0.9330985915492958 0.06338028169014084 0.0528169014084507 
0 0.22535211267605634 0.8213028169014085 0.06514084507042253 0.03931924882629108 
0 0.296875 0.8119131455399061 0.05765845070422535 0.03345070422535211 
0 0.29577464788732394 0.7769953051643192 0.061619718309859156 0.04460093896713615 
0 0.030589788732394367 0.2852112676056338 0.05413732394366197 0.045774647887323945 
0 0.029049295774647887 0.335093896713615 0.04841549295774648 0.036384976525821594 
0 0.19828345070422534 0.17370892018779344 0.07262323943661972 0.03990610328638498 
0 0.5675616197183099 0.21185446009389672 0.08230633802816902 0.057511737089201875 
0 0.570862676056338 0.14935446009389672 0.09595070422535211 0.061619718309859156 
0 0.46742957746478875 0.17077464788732394 0.08450704225352113 0.06924882629107981 
0 0.3650968309859155 0.31954225352112675 0.07790492957746478 0.04988262910798122 
0 0.36619718309859156 0.27582159624413144 0.07130281690140845 0.035211267605633804 
0 0.3690580985915493 0.17576291079812206 0.09022887323943662 0.06748826291079812 
0 0.2814700704225352 0.16784037558685447 0.07174295774647887 0.04225352112676056 
0 0.2792693661971831 0.2074530516431925 0.06734154929577464 0.03345070422535211 
0 0.2777288732394366 0.25 0.07042253521126761 0.02464788732394366 
0 0.2847711267605634 0.32541079812206575 0.06954225352112677 0.03814553990610329 
0 0.27992957746478875 0.27992957746478875 0.07042253521126761 0.023474178403755867 
0 0.19190140845070422 0.33039906103286387 0.07042253521126761 0.03403755868544601 
0 0.19388204225352113 0.2948943661971831 0.0682218309859155 0.03227699530516432 
0 0.19608274647887325 0.2535211267605634 0.07262323943661972 0.046948356807511735 
0 0.19960387323943662 0.21038732394366197 0.07262323943661972 0.03931924882629108 
0 0.9595070422535211 0.82981220657277 0.07394366197183098 0.04929577464788732 
0 0.140625 0.659330985915493 0.07174295774647887 0.04284037558685446 
0 0.6126760563380281 0.8265845070422535 0.08274647887323944 0.04870892018779343 
0 0.8734595070422535 0.8265845070422535 0.08318661971830986 0.06396713615023474 
0 0.9588468309859155 0.7570422535211268 0.06998239436619719 0.07042253521126761 
0 0.5321302816901409 0.5137910798122066 0.06602112676056338 0.04870892018779343 
0 0.5363116197183099 0.5730633802816901 0.07878521126760564 0.04518779342723005 
0 0.6170774647887324 0.511150234741784 0.07834507042253522 0.06338028169014084 
0 0.5675616197183099 0.2676056338028169 0.08934859154929578 0.04812206572769953 
0 0.6720950704225352 0.318075117370892 0.0801056338028169 0.046948356807511735 
0 0.6709947183098591 0.15082159624413147 0.09815140845070422 0.05868544600938967 
0 0.7629841549295775 0.3210093896713615 0.09022887323943662 0.04107981220657277 
0 0.8525528169014085 0.3248239436619718 0.07570422535211267 0.056924882629107984 
0 0.8558538732394366 0.2640845070422535 0.08934859154929578 0.04107981220657277 
0 0.8598151408450704 0.2147887323943662 0.09022887323943662 0.051643192488262914 
0 0.03389084507042254 0.5090962441314554 0.06690140845070422 0.04401408450704225 
0 0.03609154929577465 0.5595657276995305 0.06690140845070422 0.05457746478873239 
0 0.11267605633802817 0.5762910798122066 0.07042253521126761 0.035211267605633804 
0 0.11421654929577464 0.539612676056338 0.07350352112676056 0.04401408450704225 
0 0.6148767605633803 0.5786384976525821 0.07834507042253522 0.05985915492957746 
0 0.6998239436619719 0.823650234741784 0.07570422535211267 0.06631455399061033 
0 0.6694542253521126 0.26789906103286387 0.07746478873239436 0.04284037558685446 
0 0.5699823943661971 0.31690140845070425 0.08714788732394366 0.035211267605633804 
0 0.8723591549295775 0.42634976525821594 0.08274647887323944 0.056924882629107984 
0 0.9482834507042254 0.21742957746478872 0.08230633802816902 0.040492957746478875 
0 0.945862676056338 0.3230633802816901 0.0801056338028169 0.040492957746478875 
0 0.7629841549295775 0.2755281690140845 0.0840669014084507 0.040492957746478875 
0 0.950044014084507 0.2687793427230047 0.08142605633802817 0.057511737089201875 
0 0.9590669014084507 0.43221830985915494 0.07130281690140845 0.04284037558685446 
0 0.6703345070422535 0.20715962441314553 0.07922535211267606 0.046948356807511735 
0 0.7563820422535211 0.21244131455399062 0.0761443661971831 0.04812206572769953 
0 0.871919014084507 0.5803990610328639 0.08098591549295775 0.04460093896713615 
0 0.9478433098591549 0.15815727699530516 0.08758802816901408 0.05575117370892019 
0 0.879181338028169 0.6971830985915493 0.0840669014084507 0.057511737089201875 
0 0.8573943661971831 0.16343896713615025 0.07922535211267606 0.06044600938967136 
0 0.3701584507042254 0.23591549295774647 0.08538732394366197 0.04812206572769953 
0 0.1131161971830986 0.494424882629108 0.07130281690140845 0.040492957746478875 
0 0.10893485915492958 0.2147887323943662 0.06470070422535211 0.05046948356807512 
0 0.7830105633802817 0.4295774647887324 0.08098591549295775 0.07981220657276995 
0 0.14216549295774647 0.7053990610328639 0.07922535211267606 0.035211267605633804 
