0 0.8646566901408451 0.551349765258216 0.05149647887323944 0.04401408450704225 
0 0.8578345070422535 0.7907863849765259 0.04753521126760563 0.03227699530516432 
0 0.48327464788732394 0.8257042253521126 0.0528169014084507 0.035211267605633804 
0 0.8569542253521126 0.8221830985915493 0.05369718309859155 0.036384976525821594 
0 0.9082306338028169 0.829518779342723 0.050616197183098594 0.03931924882629108 
0 0.9075704225352113 0.7884389671361502 0.043133802816901406 0.03931924882629108 
0 0.960387323943662 0.7541079812206573 0.0448943661971831 0.04107981220657277 
0 0.9592869718309859 0.79518779342723 0.042693661971830985 0.035211267605633804 
0 0.9586267605633803 0.829518779342723 0.04841549295774648 0.03931924882629108 
0 0.04225352112676056 0.7684859154929577 0.04401408450704225 0.03814553990610329 
0 0.03345070422535211 0.8133802816901409 0.061619718309859156 0.03403755868544601 
0 0.08626760563380281 0.8157276995305164 0.061619718309859156 0.04107981220657277 
0 0.08670774647887323 0.7796361502347418 0.05193661971830986 0.03697183098591549 
0 0.09220950704225352 0.7394366197183099 0.05149647887323944 0.035211267605633804 
0 0.14172535211267606 0.7376760563380281 0.05193661971830986 0.04107981220657277 
0 0.14172535211267606 0.778169014084507 0.04929577464788732 0.04812206572769953 
0 0.14546654929577466 0.8177816901408451 0.04621478873239437 0.03345070422535211 
0 0.8642165492957746 0.7582159624413145 0.04621478873239437 0.035211267605633804 
0 0.9339788732394366 0.5595657276995305 0.05369718309859155 0.04870892018779343 
0 0.2623239436619718 0.8201291079812206 0.04841549295774648 0.04401408450704225 
0 0.26672535211267606 0.7796361502347418 0.06602112676056338 0.031103286384976527 
0 0.2623239436619718 0.7438380281690141 0.05457746478873239 0.03227699530516432 
0 0.3144806338028169 0.750293427230047 0.04533450704225352 0.03697183098591549 
0 0.3074383802816901 0.789906103286385 0.05941901408450704 0.028169014084507043 
0 0.31338028169014087 0.8215962441314554 0.056338028169014086 0.035211267605633804 
0 0.36619718309859156 0.8251173708920188 0.040492957746478875 0.028169014084507043 
0 0.36795774647887325 0.7890258215962441 0.04401408450704225 0.03227699530516432 
0 0.3694982394366197 0.7517605633802817 0.04709507042253521 0.028169014084507043 
0 0.37389964788732394 0.710093896713615 0.05413732394366197 0.04107981220657277 
0 0.43221830985915494 0.7136150234741784 0.058098591549295774 0.04225352112676056 
0 0.4282570422535211 0.7576291079812206 0.0528169014084507 0.03990610328638498 
0 0.4267165492957746 0.7948943661971831 0.04973591549295775 0.03814553990610329 
0 0.4295774647887324 0.829518779342723 0.0528169014084507 0.03931924882629108 
0 0.2110475352112676 0.8125 0.058538732394366196 0.03814553990610329 
0 0.20950704225352113 0.7737676056338029 0.0528169014084507 0.03345070422535211 
0 0.5347711267605634 0.7901995305164319 0.0528169014084507 0.03697183098591549 
0 0.48569542253521125 0.7561619718309859 0.050616197183098594 0.03697183098591549 
0 0.3529929577464789 0.9298708920187794 0.05193661971830986 0.03814553990610329 
0 0.35079225352112675 0.965962441314554 0.06514084507042253 0.057511737089201875 
0 0.4152728873239437 0.9630281690140845 0.0682218309859155 0.06338028169014084 
0 0.4746919014084507 0.9595070422535211 0.05501760563380282 0.07042253521126761 
0 0.5341109154929577 0.9571596244131455 0.050616197183098594 0.06572769953051644 
0 0.5983714788732394 0.9615610328638498 0.05413732394366197 0.06631455399061033 
0 0.6511883802816901 0.9624413145539906 0.04533450704225352 0.05868544600938967 
0 0.6908010563380281 0.9556924882629108 0.04533450704225352 0.04870892018779343 
0 0.304137323943662 0.9234154929577465 0.04841549295774648 0.04518779342723005 
0 0.7579225352112676 0.9683098591549296 0.06514084507042253 0.05868544600938967 
0 0.883362676056338 0.9081572769953051 0.058098591549295774 0.03227699530516432 
0 0.9027288732394366 0.9592136150234741 0.07042253521126761 0.07922535211267606 
0 0.9487235915492958 0.9014084507042254 0.05501760563380282 0.022300469483568074 
0 0.9654489436619719 0.948943661971831 0.05941901408450704 0.08215962441314555 
0 0.024867957746478875 0.9190140845070423 0.0488556338028169 0.03403755868544601 
0 0.022007042253521125 0.9551056338028169 0.043133802816901406 0.02640845070422535 
0 0.13930457746478872 0.9621478873239436 0.05501760563380282 0.02640845070422535 
0 0.7282130281690141 0.6159037558685446 0.058538732394366196 0.04988262910798122 
0 0.8230633802816901 0.9686032863849765 0.0721830985915493 0.06279342723004695 
0 0.3001760563380282 0.9688967136150235 0.0625 0.051643192488262914 
0 0.24141725352112675 0.9782863849765259 0.04181338028169014 0.04342723004694836 
0 0.19652288732394366 0.9788732394366197 0.04005281690140845 0.04225352112676056 
0 0.5345510563380281 0.7552816901408451 0.042693661971830985 0.035211267605633804 
0 0.538512323943662 0.8259976525821596 0.05941901408450704 0.03814553990610329 
0 0.5946302816901409 0.8213028169014085 0.05721830985915493 0.03227699530516432 
0 0.5988116197183099 0.784037558685446 0.05501760563380282 0.03403755868544601 
0 0.601012323943662 0.7350352112676056 0.05501760563380282 0.04988262910798122 
0 0.7084066901408451 0.749706572769953 0.04973591549295775 0.04988262910798122 
0 0.6439260563380281 0.8207159624413145 0.04841549295774648 0.03697183098591549 
0 0.7040052816901409 0.7919600938967136 0.04973591549295775 0.03814553990610329 
0 0.7007042253521126 0.8286384976525821 0.04753521126760563 0.04107981220657277 
0 0.7568221830985915 0.8265845070422535 0.04709507042253521 0.027582159624413145 
0 0.7618838028169014 0.795774647887324 0.04841549295774648 0.03403755868544601 
0 0.7579225352112676 0.7453051643192489 0.040492957746478875 0.04107981220657277 
0 0.8058978873239436 0.7488262910798122 0.04841549295774648 0.03990610328638498 
0 0.8118397887323944 0.7890258215962441 0.04709507042253521 0.03227699530516432 
0 0.8096390845070423 0.8303990610328639 0.03829225352112676 0.04107981220657277 
0 0.0840669014084507 0.9330985915492958 0.0528169014084507 0.0528169014084507 
0 0.06316021126760564 0.9818075117370892 0.04005281690140845 0.036384976525821594 
0 0.12037852112676056 0.9870892018779343 0.061179577464788734 0.025821596244131457 
0 0.14326584507042253 0.9160798122065728 0.050616197183098594 0.0539906103286385 
0 0.48899647887323944 0.7928403755868545 0.04841549295774648 0.03403755868544601 
0 0.7288732394366197 0.5575117370892019 0.05721830985915493 0.06455399061032864 
0 0.053036971830985914 0.5126173708920188 0.0682218309859155 0.04284037558685446 
0 0.3871038732394366 0.15316901408450703 0.06734154929577464 0.036384976525821594 
0 0.7772887323943662 0.1517018779342723 0.06602112676056338 0.03931924882629108 
0 0.7825704225352113 0.1164906103286385 0.06602112676056338 0.04284037558685446 
0 0.7849911971830986 0.07188967136150234 0.07262323943661972 0.04988262910798122 
0 0.715669014084507 0.06660798122065728 0.08362676056338028 0.05457746478873239 
0 0.7088468309859155 0.11707746478873239 0.07262323943661972 0.04401408450704225 
0 0.7029049295774648 0.159037558685446 0.07394366197183098 0.04812206572769953 
0 0.7022447183098591 0.19336854460093897 0.0682218309859155 0.03814553990610329 
0 0.7777288732394366 0.1965962441314554 0.06073943661971831 0.04107981220657277 
0 0.6199383802816901 0.17370892018779344 0.0682218309859155 0.051643192488262914 
0 0.628080985915493 0.0636737089201878 0.07394366197183098 0.06631455399061033 
0 0.5444542253521126 0.062206572769953054 0.0801056338028169 0.04812206572769953 
0 0.5422535211267606 0.10710093896713616 0.06954225352112677 0.04401408450704225 
0 0.5422535211267606 0.1437793427230047 0.07130281690140845 0.029342723004694836 
0 0.5411531690140845 0.1869131455399061 0.07174295774647887 0.03345070422535211 
0 0.4647887323943662 0.18896713615023475 0.06602112676056338 0.029342723004694836 
0 0.4652288732394366 0.15463615023474178 0.06954225352112677 0.02523474178403756 
0 0.6186179577464789 0.12235915492957747 0.05941901408450704 0.05457746478873239 
0 0.8536531690140845 0.204518779342723 0.06910211267605634 0.03931924882629108 
0 0.8558538732394366 0.16255868544600938 0.06734154929577464 0.04107981220657277 
0 0.8576144366197183 0.12089201877934272 0.06382042253521127 0.036384976525821594 
0 0.3089788732394366 0.2538145539906103 0.058098591549295774 0.03227699530516432 
0 0.30567781690140844 0.29401408450704225 0.06029929577464789 0.03051643192488263 
0 0.30941901408450706 0.3277582159624413 0.06602112676056338 0.03345070422535211 
0 0.3034771126760563 0.39524647887323944 0.06294014084507042 0.03697183098591549 
0 0.30303697183098594 0.3659037558685446 0.06382042253521127 0.031103286384976527 
0 0.2381161971830986 0.38497652582159625 0.061619718309859156 0.051643192488262914 
0 0.2425176056338028 0.33568075117370894 0.05721830985915493 0.0528169014084507 
0 0.14612676056338028 0.3835093896713615 0.07130281690140845 0.03931924882629108 
0 0.14788732394366197 0.3380281690140845 0.061619718309859156 0.04225352112676056 
0 0.1505281690140845 0.2934272300469484 0.058098591549295774 0.04107981220657277 
0 0.14766725352112675 0.24471830985915494 0.05501760563380282 0.035211267605633804 
0 0.06910211267605634 0.33949530516431925 0.06073943661971831 0.04518779342723005 
0 0.9236355633802817 0.20803990610328638 0.07262323943661972 0.03814553990610329 
0 0.9280369718309859 0.1693075117370892 0.05941901408450704 0.031103286384976527 
0 0.9273767605633803 0.1273474178403756 0.06690140845070422 0.046948356807511735 
0 0.9311179577464789 0.0710093896713615 0.07262323943661972 0.04225352112676056 
0 0.8628961267605634 0.07687793427230047 0.07262323943661972 0.051643192488262914 
0 0.46742957746478875 0.12588028169014084 0.07834507042253522 0.02640845070422535 
0 0.46346830985915494 0.0886150234741784 0.07922535211267606 0.036384976525821594 
0 0.4597271126760563 0.04841549295774648 0.06910211267605634 0.03814553990610329 
0 0.3842429577464789 0.04988262910798122 0.07042253521126761 0.035211267605633804 
0 0.037632042253521125 0.1056338028169014 0.05941901408450704 0.046948356807511735 
0 0.032350352112676055 0.062206572769953054 0.05501760563380282 0.04225352112676056 
0 0.6461267605633803 0.7808098591549296 0.05721830985915493 0.034624413145539906 
0 0.862455985915493 0.6126760563380281 0.06029929577464789 0.04812206572769953 
0 0.9427816901408451 0.5085093896713615 0.06514084507042253 0.04636150234741784 
0 0.735475352112676 0.29284037558685444 0.06338028169014084 0.056338028169014086 
0 0.9097711267605634 0.7511737089201878 0.04137323943661972 0.0528169014084507 
0 0.8006161971830986 0.5586854460093896 0.06338028169014084 0.0528169014084507 
0 0.9330985915492958 0.6100352112676056 0.058098591549295774 0.04988262910798122 
0 0.7942341549295775 0.6141431924882629 0.06029929577464789 0.051056338028169015 
0 0.06888204225352113 0.2919600938967136 0.05501760563380282 0.04870892018779343 
0 0.33274647887323944 0.5440140845070423 0.05897887323943662 0.03990610328638498 
0 0.09286971830985916 0.18339201877934272 0.06338028169014084 0.034624413145539906 
0 0.6463468309859155 0.7411971830985915 0.05237676056338028 0.03755868544600939 
0 0.18904049295774647 0.6050469483568075 0.07174295774647887 0.051643192488262914 
0 0.319762323943662 0.710387323943662 0.04709507042253521 0.04636150234741784 
0 0.06734154929577464 0.3902582159624413 0.06073943661971831 0.04812206572769953 
0 0.030149647887323945 0.1443661971830986 0.05501760563380282 0.03403755868544601 
0 0.3756602112676056 0.25938967136150237 0.07262323943661972 0.035211267605633804 
0 0.02992957746478873 0.1766431924882629 0.0528169014084507 0.028169014084507043 
0 0.09397007042253522 0.10240610328638497 0.05501760563380282 0.03227699530516432 
0 0.38600352112676056 0.09976525821596244 0.06073943661971831 0.035211267605633804 
0 0.3866637323943662 0.12822769953051644 0.07702464788732394 0.03345070422535211 
0 0.38974471830985913 0.18339201877934272 0.05941901408450704 0.04401408450704225 
0 0.3089788732394366 0.18544600938967137 0.0625 0.036384976525821594 
0 0.3122799295774648 0.14964788732394366 0.07350352112676056 0.029342723004694836 
0 0.3045774647887324 0.1164906103286385 0.058098591549295774 0.03931924882629108 
0 0.304137323943662 0.08714788732394366 0.06602112676056338 0.03345070422535211 
0 0.3067781690140845 0.04958920187793427 0.07130281690140845 0.03814553990610329 
0 0.2286531690140845 0.07394366197183098 0.06294014084507042 0.04225352112676056 
0 0.23525528169014084 0.11150234741784038 0.06470070422535211 0.04107981220657277 
0 0.22755281690140844 0.1517018779342723 0.05369718309859155 0.03697183098591549 
0 0.23415492957746478 0.18251173708920188 0.05369718309859155 0.03990610328638498 
0 0.16087147887323944 0.18251173708920188 0.05501760563380282 0.03051643192488263 
0 0.16153169014084506 0.1414319248826291 0.056338028169014086 0.03990610328638498 
0 0.15889084507042253 0.1068075117370892 0.0528169014084507 0.035211267605633804 
0 0.15647007042253522 0.06660798122065728 0.05501760563380282 0.03697183098591549 
0 0.0900088028169014 0.062206572769953054 0.05413732394366197 0.03403755868544601 
0 0.09110915492957747 0.13996478873239437 0.06690140845070422 0.031103286384976527 
0 0.3716989436619718 0.295481220657277 0.06470070422535211 0.03931924882629108 
0 0.9361795774647887 0.3703051643192488 0.0625 0.036384976525821594 
0 0.3716989436619718 0.36238262910798125 0.05413732394366197 0.03814553990610329 
0 0.18727992957746478 0.5578051643192489 0.06382042253521127 0.04988262910798122 
0 0.25880281690140844 0.4744718309859155 0.06602112676056338 0.03931924882629108 
0 0.25880281690140844 0.5161384976525821 0.061619718309859156 0.03814553990610329 
0 0.26100352112676056 0.5610328638497653 0.0528169014084507 0.045774647887323945 
0 0.2599031690140845 0.6071009389671361 0.06205985915492958 0.04401408450704225 
0 0.3248239436619718 0.6088615023474179 0.05721830985915493 0.04988262910798122 
0 0.3283450704225352 0.573650234741784 0.06602112676056338 0.02640845070422535 
0 0.32768485915492956 0.5126173708920188 0.058538732394366196 0.03345070422535211 
0 0.32504401408450706 0.4724178403755869 0.06382042253521127 0.035211267605633804 
0 0.39370598591549294 0.49002347417840375 0.06910211267605634 0.046948356807511735 
0 0.39744718309859156 0.533744131455399 0.06602112676056338 0.04401408450704225 
0 0.39590669014084506 0.5757042253521126 0.07174295774647887 0.036384976525821594 
0 0.394806338028169 0.6115023474178404 0.06514084507042253 0.035211267605633804 
0 0.47249119718309857 0.5199530516431925 0.050616197183098594 0.04225352112676056 
0 0.1894806338028169 0.5149647887323944 0.0682218309859155 0.04401408450704225 
0 0.46346830985915494 0.568368544600939 0.06602112676056338 0.03931924882629108 
0 0.53125 0.6144366197183099 0.0625 0.029342723004694836 
0 0.5290492957746479 0.5748239436619719 0.06690140845070422 0.03814553990610329 
0 0.5950704225352113 0.47975352112676056 0.06073943661971831 0.03814553990610329 
0 0.5944102112676056 0.5146713615023474 0.05941901408450704 0.046948356807511735 
0 0.5950704225352113 0.5472417840375586 0.05369718309859155 0.02640845070422535 
0 0.5957306338028169 0.5836267605633803 0.05941901408450704 0.041666666666666664 
0 0.5955105633802817 0.6203051643192489 0.06602112676056338 0.04107981220657277 
0 0.6648327464788732 0.619131455399061 0.05941901408450704 0.035211267605633804 
0 0.6621919014084507 0.5845070422535211 0.06470070422535211 0.03990610328638498 
0 0.7275528169014085 0.49853286384976525 0.061619718309859156 0.04988262910798122 
0 0.6626320422535211 0.4750586854460094 0.05501760563380282 0.03814553990610329 
0 0.6626320422535211 0.5146713615023474 0.05941901408450704 0.046948356807511735 
0 0.6648327464788732 0.5551643192488263 0.06382042253521127 0.04812206572769953 
0 0.37389964788732394 0.335093896713615 0.06910211267605634 0.03990610328638498 
0 0.4652288732394366 0.6161971830985915 0.0625 0.035211267605633804 
0 0.19234154929577466 0.4709507042253521 0.0625 0.03814553990610329 
0 0.5389524647887324 0.5384389671361502 0.06470070422535211 0.04401408450704225 
0 0.11575704225352113 0.5586854460093896 0.061619718309859156 0.04107981220657277 
0 0.37389964788732394 0.3987676056338028 0.06910211267605634 0.03814553990610329 
0 0.461487676056338 0.39465962441314556 0.05941901408450704 0.03814553990610329 
0 0.46258802816901406 0.363556338028169 0.07042253521126761 0.04988262910798122 
0 0.11971830985915492 0.5176056338028169 0.07394366197183098 0.046948356807511735 
0 0.45752640845070425 0.2793427230046948 0.06734154929577464 0.04225352112676056 
0 0.5360915492957746 0.28374413145539906 0.061619718309859156 0.06279342723004695 
0 0.5338908450704225 0.3430164319248826 0.06602112676056338 0.04988262910798122 
0 0.5338908450704225 0.403462441314554 0.06602112676056338 0.04988262910798122 
0 0.6038732394366197 0.2852112676056338 0.0625 0.03990610328638498 
0 0.6038732394366197 0.32922535211267606 0.056338028169014086 0.036384976525821594 
0 0.6027728873239436 0.37177230046948356 0.058538732394366196 0.04284037558685446 
0 0.6005721830985915 0.4055164319248826 0.055897887323943664 0.04225352112676056 
0 0.6709947183098591 0.39524647887323944 0.06029929577464789 0.04518779342723005 
0 0.6742957746478874 0.34683098591549294 0.05193661971830986 0.0539906103286385 
0 0.6683538732394366 0.2887323943661972 0.05501760563380282 0.046948356807511735 
0 0.4608274647887324 0.32335680751173707 0.07130281690140845 0.03990610328638498 
0 0.7330545774647887 0.39436619718309857 0.04621478873239437 0.046948356807511735 
0 0.734375 0.3512323943661972 0.050616197183098594 0.051056338028169015 
0 0.051056338028169015 0.6035798122065728 0.07042253521126761 0.04518779342723005 
0 0.051056338028169015 0.5548708920187794 0.06602112676056338 0.04284037558685446 
0 0.050836267605633804 0.47007042253521125 0.05941901408450704 0.036384976525821594 
0 0.9493838028169014 0.29694835680751175 0.0625 0.03990610328638498 
0 0.9379401408450704 0.33215962441314556 0.061619718309859156 0.045774647887323945 
0 0.9390404929577465 0.41784037558685444 0.0682218309859155 0.046948356807511735 
0 0.11597711267605634 0.6015258215962441 0.05941901408450704 0.035211267605633804 
0 0.8672975352112676 0.35269953051643194 0.05941901408450704 0.051643192488262914 
0 0.8683978873239436 0.29313380281690143 0.07922535211267606 0.061619718309859156 
0 0.8019366197183099 0.34330985915492956 0.06690140845070422 0.0528169014084507 
0 0.7953345070422535 0.28433098591549294 0.04929577464788732 0.04988262910798122 
0 0.8675176056338029 0.4107981220657277 0.061619718309859156 0.046948356807511735 
0 0.8025968309859155 0.40757042253521125 0.05501760563380282 0.06748826291079812 
0 0.8646566901408451 0.551349765258216 0.05149647887323944 0.04401408450704225 
0 0.8578345070422535 0.7907863849765259 0.04753521126760563 0.03227699530516432 
0 0.48327464788732394 0.8257042253521126 0.0528169014084507 0.035211267605633804 
0 0.8569542253521126 0.8221830985915493 0.05369718309859155 0.036384976525821594 
0 0.9082306338028169 0.829518779342723 0.050616197183098594 0.03931924882629108 
0 0.9075704225352113 0.7884389671361502 0.043133802816901406 0.03931924882629108 
0 0.960387323943662 0.7541079812206573 0.0448943661971831 0.04107981220657277 
0 0.9592869718309859 0.79518779342723 0.042693661971830985 0.035211267605633804 
0 0.9586267605633803 0.829518779342723 0.04841549295774648 0.03931924882629108 
0 0.04225352112676056 0.7684859154929577 0.04401408450704225 0.03814553990610329 
0 0.03345070422535211 0.8133802816901409 0.061619718309859156 0.03403755868544601 
0 0.08626760563380281 0.8157276995305164 0.061619718309859156 0.04107981220657277 
0 0.08670774647887323 0.7796361502347418 0.05193661971830986 0.03697183098591549 
0 0.09220950704225352 0.7394366197183099 0.05149647887323944 0.035211267605633804 
0 0.14172535211267606 0.7376760563380281 0.05193661971830986 0.04107981220657277 
0 0.14172535211267606 0.778169014084507 0.04929577464788732 0.04812206572769953 
0 0.14546654929577466 0.8177816901408451 0.04621478873239437 0.03345070422535211 
0 0.8642165492957746 0.7582159624413145 0.04621478873239437 0.035211267605633804 
0 0.9339788732394366 0.5595657276995305 0.05369718309859155 0.04870892018779343 
0 0.2623239436619718 0.8201291079812206 0.04841549295774648 0.04401408450704225 
0 0.26672535211267606 0.7796361502347418 0.06602112676056338 0.031103286384976527 
0 0.2623239436619718 0.7438380281690141 0.05457746478873239 0.03227699530516432 
0 0.3144806338028169 0.750293427230047 0.04533450704225352 0.03697183098591549 
0 0.3074383802816901 0.789906103286385 0.05941901408450704 0.028169014084507043 
0 0.31338028169014087 0.8215962441314554 0.056338028169014086 0.035211267605633804 
0 0.36619718309859156 0.8251173708920188 0.040492957746478875 0.028169014084507043 
0 0.36795774647887325 0.7890258215962441 0.04401408450704225 0.03227699530516432 
0 0.3694982394366197 0.7517605633802817 0.04709507042253521 0.028169014084507043 
0 0.37389964788732394 0.710093896713615 0.05413732394366197 0.04107981220657277 
0 0.43221830985915494 0.7136150234741784 0.058098591549295774 0.04225352112676056 
0 0.4282570422535211 0.7576291079812206 0.0528169014084507 0.03990610328638498 
0 0.4267165492957746 0.7948943661971831 0.04973591549295775 0.03814553990610329 
0 0.4295774647887324 0.829518779342723 0.0528169014084507 0.03931924882629108 
0 0.2110475352112676 0.8125 0.058538732394366196 0.03814553990610329 
0 0.20950704225352113 0.7737676056338029 0.0528169014084507 0.03345070422535211 
0 0.5347711267605634 0.7901995305164319 0.0528169014084507 0.03697183098591549 
0 0.48569542253521125 0.7561619718309859 0.050616197183098594 0.03697183098591549 
0 0.3529929577464789 0.9298708920187794 0.05193661971830986 0.03814553990610329 
0 0.35079225352112675 0.965962441314554 0.06514084507042253 0.057511737089201875 
0 0.4152728873239437 0.9630281690140845 0.0682218309859155 0.06338028169014084 
0 0.4746919014084507 0.9595070422535211 0.05501760563380282 0.07042253521126761 
0 0.5341109154929577 0.9571596244131455 0.050616197183098594 0.06572769953051644 
0 0.5983714788732394 0.9615610328638498 0.05413732394366197 0.06631455399061033 
0 0.6511883802816901 0.9624413145539906 0.04533450704225352 0.05868544600938967 
0 0.6908010563380281 0.9556924882629108 0.04533450704225352 0.04870892018779343 
0 0.304137323943662 0.9234154929577465 0.04841549295774648 0.04518779342723005 
0 0.7579225352112676 0.9683098591549296 0.06514084507042253 0.05868544600938967 
0 0.883362676056338 0.9081572769953051 0.058098591549295774 0.03227699530516432 
0 0.9027288732394366 0.9592136150234741 0.07042253521126761 0.07922535211267606 
0 0.9487235915492958 0.9014084507042254 0.05501760563380282 0.022300469483568074 
0 0.9654489436619719 0.948943661971831 0.05941901408450704 0.08215962441314555 
0 0.024867957746478875 0.9190140845070423 0.0488556338028169 0.03403755868544601 
0 0.022007042253521125 0.9551056338028169 0.043133802816901406 0.02640845070422535 
0 0.13930457746478872 0.9621478873239436 0.05501760563380282 0.02640845070422535 
0 0.7282130281690141 0.6159037558685446 0.058538732394366196 0.04988262910798122 
0 0.8230633802816901 0.9686032863849765 0.0721830985915493 0.06279342723004695 
0 0.3001760563380282 0.9688967136150235 0.0625 0.051643192488262914 
0 0.24141725352112675 0.9782863849765259 0.04181338028169014 0.04342723004694836 
0 0.19652288732394366 0.9788732394366197 0.04005281690140845 0.04225352112676056 
0 0.5345510563380281 0.7552816901408451 0.042693661971830985 0.035211267605633804 
0 0.538512323943662 0.8259976525821596 0.05941901408450704 0.03814553990610329 
0 0.5946302816901409 0.8213028169014085 0.05721830985915493 0.03227699530516432 
0 0.5988116197183099 0.784037558685446 0.05501760563380282 0.03403755868544601 
0 0.601012323943662 0.7350352112676056 0.05501760563380282 0.04988262910798122 
0 0.7084066901408451 0.749706572769953 0.04973591549295775 0.04988262910798122 
0 0.6439260563380281 0.8207159624413145 0.04841549295774648 0.03697183098591549 
0 0.7040052816901409 0.7919600938967136 0.04973591549295775 0.03814553990610329 
0 0.7007042253521126 0.8286384976525821 0.04753521126760563 0.04107981220657277 
0 0.7568221830985915 0.8265845070422535 0.04709507042253521 0.027582159624413145 
0 0.7618838028169014 0.795774647887324 0.04841549295774648 0.03403755868544601 
0 0.7579225352112676 0.7453051643192489 0.040492957746478875 0.04107981220657277 
0 0.8058978873239436 0.7488262910798122 0.04841549295774648 0.03990610328638498 
0 0.8118397887323944 0.7890258215962441 0.04709507042253521 0.03227699530516432 
0 0.8096390845070423 0.8303990610328639 0.03829225352112676 0.04107981220657277 
0 0.0840669014084507 0.9330985915492958 0.0528169014084507 0.0528169014084507 
0 0.06316021126760564 0.9818075117370892 0.04005281690140845 0.036384976525821594 
0 0.12037852112676056 0.9870892018779343 0.061179577464788734 0.025821596244131457 
0 0.14326584507042253 0.9160798122065728 0.050616197183098594 0.0539906103286385 
0 0.48899647887323944 0.7928403755868545 0.04841549295774648 0.03403755868544601 
0 0.7288732394366197 0.5575117370892019 0.05721830985915493 0.06455399061032864 
0 0.053036971830985914 0.5126173708920188 0.0682218309859155 0.04284037558685446 
0 0.3871038732394366 0.15316901408450703 0.06734154929577464 0.036384976525821594 
0 0.7772887323943662 0.1517018779342723 0.06602112676056338 0.03931924882629108 
0 0.7825704225352113 0.1164906103286385 0.06602112676056338 0.04284037558685446 
0 0.7849911971830986 0.07188967136150234 0.07262323943661972 0.04988262910798122 
0 0.715669014084507 0.06660798122065728 0.08362676056338028 0.05457746478873239 
0 0.7088468309859155 0.11707746478873239 0.07262323943661972 0.04401408450704225 
0 0.7029049295774648 0.159037558685446 0.07394366197183098 0.04812206572769953 
0 0.7022447183098591 0.19336854460093897 0.0682218309859155 0.03814553990610329 
0 0.7777288732394366 0.1965962441314554 0.06073943661971831 0.04107981220657277 
0 0.6199383802816901 0.17370892018779344 0.0682218309859155 0.051643192488262914 
0 0.628080985915493 0.0636737089201878 0.07394366197183098 0.06631455399061033 
0 0.5444542253521126 0.062206572769953054 0.0801056338028169 0.04812206572769953 
0 0.5422535211267606 0.10710093896713616 0.06954225352112677 0.04401408450704225 
0 0.5422535211267606 0.1437793427230047 0.07130281690140845 0.029342723004694836 
0 0.5411531690140845 0.1869131455399061 0.07174295774647887 0.03345070422535211 
0 0.4647887323943662 0.18896713615023475 0.06602112676056338 0.029342723004694836 
0 0.4652288732394366 0.15463615023474178 0.06954225352112677 0.02523474178403756 
0 0.6186179577464789 0.12235915492957747 0.05941901408450704 0.05457746478873239 
0 0.8536531690140845 0.204518779342723 0.06910211267605634 0.03931924882629108 
0 0.8558538732394366 0.16255868544600938 0.06734154929577464 0.04107981220657277 
0 0.8576144366197183 0.12089201877934272 0.06382042253521127 0.036384976525821594 
0 0.3089788732394366 0.2538145539906103 0.058098591549295774 0.03227699530516432 
0 0.30567781690140844 0.29401408450704225 0.06029929577464789 0.03051643192488263 
0 0.30941901408450706 0.3277582159624413 0.06602112676056338 0.03345070422535211 
0 0.3034771126760563 0.39524647887323944 0.06294014084507042 0.03697183098591549 
0 0.30303697183098594 0.3659037558685446 0.06382042253521127 0.031103286384976527 
0 0.2381161971830986 0.38497652582159625 0.061619718309859156 0.051643192488262914 
0 0.2425176056338028 0.33568075117370894 0.05721830985915493 0.0528169014084507 
0 0.14612676056338028 0.3835093896713615 0.07130281690140845 0.03931924882629108 
0 0.14788732394366197 0.3380281690140845 0.061619718309859156 0.04225352112676056 
0 0.1505281690140845 0.2934272300469484 0.058098591549295774 0.04107981220657277 
0 0.14766725352112675 0.24471830985915494 0.05501760563380282 0.035211267605633804 
0 0.06910211267605634 0.33949530516431925 0.06073943661971831 0.04518779342723005 
0 0.9236355633802817 0.20803990610328638 0.07262323943661972 0.03814553990610329 
0 0.9280369718309859 0.1693075117370892 0.05941901408450704 0.031103286384976527 
0 0.9273767605633803 0.1273474178403756 0.06690140845070422 0.046948356807511735 
0 0.9311179577464789 0.0710093896713615 0.07262323943661972 0.04225352112676056 
0 0.8628961267605634 0.07687793427230047 0.07262323943661972 0.051643192488262914 
0 0.46742957746478875 0.12588028169014084 0.07834507042253522 0.02640845070422535 
0 0.46346830985915494 0.0886150234741784 0.07922535211267606 0.036384976525821594 
0 0.4597271126760563 0.04841549295774648 0.06910211267605634 0.03814553990610329 
0 0.3842429577464789 0.04988262910798122 0.07042253521126761 0.035211267605633804 
0 0.037632042253521125 0.1056338028169014 0.05941901408450704 0.046948356807511735 
0 0.032350352112676055 0.062206572769953054 0.05501760563380282 0.04225352112676056 
0 0.6461267605633803 0.7808098591549296 0.05721830985915493 0.034624413145539906 
0 0.862455985915493 0.6126760563380281 0.06029929577464789 0.04812206572769953 
0 0.9427816901408451 0.5085093896713615 0.06514084507042253 0.04636150234741784 
0 0.735475352112676 0.29284037558685444 0.06338028169014084 0.056338028169014086 
0 0.9097711267605634 0.7511737089201878 0.04137323943661972 0.0528169014084507 
0 0.8006161971830986 0.5586854460093896 0.06338028169014084 0.0528169014084507 
0 0.9330985915492958 0.6100352112676056 0.058098591549295774 0.04988262910798122 
0 0.7942341549295775 0.6141431924882629 0.06029929577464789 0.051056338028169015 
0 0.06888204225352113 0.2919600938967136 0.05501760563380282 0.04870892018779343 
0 0.33274647887323944 0.5440140845070423 0.05897887323943662 0.03990610328638498 
0 0.09286971830985916 0.18339201877934272 0.06338028169014084 0.034624413145539906 
0 0.6463468309859155 0.7411971830985915 0.05237676056338028 0.03755868544600939 
0 0.18904049295774647 0.6050469483568075 0.07174295774647887 0.051643192488262914 
0 0.319762323943662 0.710387323943662 0.04709507042253521 0.04636150234741784 
0 0.06734154929577464 0.3902582159624413 0.06073943661971831 0.04812206572769953 
0 0.030149647887323945 0.1443661971830986 0.05501760563380282 0.03403755868544601 
0 0.3756602112676056 0.25938967136150237 0.07262323943661972 0.035211267605633804 
0 0.02992957746478873 0.1766431924882629 0.0528169014084507 0.028169014084507043 
0 0.09397007042253522 0.10240610328638497 0.05501760563380282 0.03227699530516432 
0 0.38600352112676056 0.09976525821596244 0.06073943661971831 0.035211267605633804 
0 0.3866637323943662 0.12822769953051644 0.07702464788732394 0.03345070422535211 
0 0.38974471830985913 0.18339201877934272 0.05941901408450704 0.04401408450704225 
0 0.3089788732394366 0.18544600938967137 0.0625 0.036384976525821594 
0 0.3122799295774648 0.14964788732394366 0.07350352112676056 0.029342723004694836 
0 0.3045774647887324 0.1164906103286385 0.058098591549295774 0.03931924882629108 
0 0.304137323943662 0.08714788732394366 0.06602112676056338 0.03345070422535211 
0 0.3067781690140845 0.04958920187793427 0.07130281690140845 0.03814553990610329 
0 0.2286531690140845 0.07394366197183098 0.06294014084507042 0.04225352112676056 
0 0.23525528169014084 0.11150234741784038 0.06470070422535211 0.04107981220657277 
0 0.22755281690140844 0.1517018779342723 0.05369718309859155 0.03697183098591549 
0 0.23415492957746478 0.18251173708920188 0.05369718309859155 0.03990610328638498 
0 0.16087147887323944 0.18251173708920188 0.05501760563380282 0.03051643192488263 
0 0.16153169014084506 0.1414319248826291 0.056338028169014086 0.03990610328638498 
0 0.15889084507042253 0.1068075117370892 0.0528169014084507 0.035211267605633804 
0 0.15647007042253522 0.06660798122065728 0.05501760563380282 0.03697183098591549 
0 0.0900088028169014 0.062206572769953054 0.05413732394366197 0.03403755868544601 
0 0.09110915492957747 0.13996478873239437 0.06690140845070422 0.031103286384976527 
0 0.3716989436619718 0.295481220657277 0.06470070422535211 0.03931924882629108 
0 0.9361795774647887 0.3703051643192488 0.0625 0.036384976525821594 
0 0.3716989436619718 0.36238262910798125 0.05413732394366197 0.03814553990610329 
0 0.18727992957746478 0.5578051643192489 0.06382042253521127 0.04988262910798122 
0 0.25880281690140844 0.4744718309859155 0.06602112676056338 0.03931924882629108 
0 0.25880281690140844 0.5161384976525821 0.061619718309859156 0.03814553990610329 
0 0.26100352112676056 0.5610328638497653 0.0528169014084507 0.045774647887323945 
0 0.2599031690140845 0.6071009389671361 0.06205985915492958 0.04401408450704225 
0 0.3248239436619718 0.6088615023474179 0.05721830985915493 0.04988262910798122 
0 0.3283450704225352 0.573650234741784 0.06602112676056338 0.02640845070422535 
0 0.32768485915492956 0.5126173708920188 0.058538732394366196 0.03345070422535211 
0 0.32504401408450706 0.4724178403755869 0.06382042253521127 0.035211267605633804 
0 0.39370598591549294 0.49002347417840375 0.06910211267605634 0.046948356807511735 
0 0.39744718309859156 0.533744131455399 0.06602112676056338 0.04401408450704225 
0 0.39590669014084506 0.5757042253521126 0.07174295774647887 0.036384976525821594 
0 0.394806338028169 0.6115023474178404 0.06514084507042253 0.035211267605633804 
0 0.47249119718309857 0.5199530516431925 0.050616197183098594 0.04225352112676056 
0 0.1894806338028169 0.5149647887323944 0.0682218309859155 0.04401408450704225 
0 0.46346830985915494 0.568368544600939 0.06602112676056338 0.03931924882629108 
0 0.53125 0.6144366197183099 0.0625 0.029342723004694836 
0 0.5290492957746479 0.5748239436619719 0.06690140845070422 0.03814553990610329 
0 0.5950704225352113 0.47975352112676056 0.06073943661971831 0.03814553990610329 
0 0.5944102112676056 0.5146713615023474 0.05941901408450704 0.046948356807511735 
0 0.5950704225352113 0.5472417840375586 0.05369718309859155 0.02640845070422535 
0 0.5957306338028169 0.5836267605633803 0.05941901408450704 0.041666666666666664 
0 0.5955105633802817 0.6203051643192489 0.06602112676056338 0.04107981220657277 
0 0.6648327464788732 0.619131455399061 0.05941901408450704 0.035211267605633804 
0 0.6621919014084507 0.5845070422535211 0.06470070422535211 0.03990610328638498 
0 0.7275528169014085 0.49853286384976525 0.061619718309859156 0.04988262910798122 
0 0.6626320422535211 0.4750586854460094 0.05501760563380282 0.03814553990610329 
0 0.6626320422535211 0.5146713615023474 0.05941901408450704 0.046948356807511735 
0 0.6648327464788732 0.5551643192488263 0.06382042253521127 0.04812206572769953 
0 0.37389964788732394 0.335093896713615 0.06910211267605634 0.03990610328638498 
0 0.4652288732394366 0.6161971830985915 0.0625 0.035211267605633804 
0 0.19234154929577466 0.4709507042253521 0.0625 0.03814553990610329 
0 0.5389524647887324 0.5384389671361502 0.06470070422535211 0.04401408450704225 
0 0.11575704225352113 0.5586854460093896 0.061619718309859156 0.04107981220657277 
0 0.37389964788732394 0.3987676056338028 0.06910211267605634 0.03814553990610329 
0 0.461487676056338 0.39465962441314556 0.05941901408450704 0.03814553990610329 
0 0.46258802816901406 0.363556338028169 0.07042253521126761 0.04988262910798122 
0 0.11971830985915492 0.5176056338028169 0.07394366197183098 0.046948356807511735 
0 0.45752640845070425 0.2793427230046948 0.06734154929577464 0.04225352112676056 
0 0.5360915492957746 0.28374413145539906 0.061619718309859156 0.06279342723004695 
0 0.5338908450704225 0.3430164319248826 0.06602112676056338 0.04988262910798122 
0 0.5338908450704225 0.403462441314554 0.06602112676056338 0.04988262910798122 
0 0.6038732394366197 0.2852112676056338 0.0625 0.03990610328638498 
0 0.6038732394366197 0.32922535211267606 0.056338028169014086 0.036384976525821594 
0 0.6027728873239436 0.37177230046948356 0.058538732394366196 0.04284037558685446 
0 0.6005721830985915 0.4055164319248826 0.055897887323943664 0.04225352112676056 
0 0.6709947183098591 0.39524647887323944 0.06029929577464789 0.04518779342723005 
0 0.6742957746478874 0.34683098591549294 0.05193661971830986 0.0539906103286385 
0 0.6683538732394366 0.2887323943661972 0.05501760563380282 0.046948356807511735 
0 0.4608274647887324 0.32335680751173707 0.07130281690140845 0.03990610328638498 
0 0.7330545774647887 0.39436619718309857 0.04621478873239437 0.046948356807511735 
0 0.734375 0.3512323943661972 0.050616197183098594 0.051056338028169015 
0 0.051056338028169015 0.6035798122065728 0.07042253521126761 0.04518779342723005 
0 0.051056338028169015 0.5548708920187794 0.06602112676056338 0.04284037558685446 
0 0.050836267605633804 0.47007042253521125 0.05941901408450704 0.036384976525821594 
0 0.9493838028169014 0.29694835680751175 0.0625 0.03990610328638498 
0 0.9379401408450704 0.33215962441314556 0.061619718309859156 0.045774647887323945 
0 0.9390404929577465 0.41784037558685444 0.0682218309859155 0.046948356807511735 
0 0.11597711267605634 0.6015258215962441 0.05941901408450704 0.035211267605633804 
0 0.8672975352112676 0.35269953051643194 0.05941901408450704 0.051643192488262914 
0 0.8683978873239436 0.29313380281690143 0.07922535211267606 0.061619718309859156 
0 0.8019366197183099 0.34330985915492956 0.06690140845070422 0.0528169014084507 
0 0.7953345070422535 0.28433098591549294 0.04929577464788732 0.04988262910798122 
0 0.8675176056338029 0.4107981220657277 0.061619718309859156 0.046948356807511735 
0 0.8025968309859155 0.40757042253521125 0.05501760563380282 0.06748826291079812 
0 0.8646566901408451 0.551349765258216 0.05149647887323944 0.04401408450704225 
0 0.8578345070422535 0.7907863849765259 0.04753521126760563 0.03227699530516432 
0 0.48327464788732394 0.8257042253521126 0.0528169014084507 0.035211267605633804 
0 0.8569542253521126 0.8221830985915493 0.05369718309859155 0.036384976525821594 
0 0.9082306338028169 0.829518779342723 0.050616197183098594 0.03931924882629108 
0 0.9075704225352113 0.7884389671361502 0.043133802816901406 0.03931924882629108 
0 0.960387323943662 0.7541079812206573 0.0448943661971831 0.04107981220657277 
0 0.9592869718309859 0.79518779342723 0.042693661971830985 0.035211267605633804 
0 0.9586267605633803 0.829518779342723 0.04841549295774648 0.03931924882629108 
0 0.04225352112676056 0.7684859154929577 0.04401408450704225 0.03814553990610329 
0 0.03345070422535211 0.8133802816901409 0.061619718309859156 0.03403755868544601 
0 0.08626760563380281 0.8157276995305164 0.061619718309859156 0.04107981220657277 
0 0.08670774647887323 0.7796361502347418 0.05193661971830986 0.03697183098591549 
0 0.09220950704225352 0.7394366197183099 0.05149647887323944 0.035211267605633804 
0 0.14172535211267606 0.7376760563380281 0.05193661971830986 0.04107981220657277 
0 0.14172535211267606 0.778169014084507 0.04929577464788732 0.04812206572769953 
0 0.14546654929577466 0.8177816901408451 0.04621478873239437 0.03345070422535211 
0 0.8642165492957746 0.7582159624413145 0.04621478873239437 0.035211267605633804 
0 0.9339788732394366 0.5595657276995305 0.05369718309859155 0.04870892018779343 
0 0.2623239436619718 0.8201291079812206 0.04841549295774648 0.04401408450704225 
0 0.26672535211267606 0.7796361502347418 0.06602112676056338 0.031103286384976527 
0 0.2623239436619718 0.7438380281690141 0.05457746478873239 0.03227699530516432 
0 0.3144806338028169 0.750293427230047 0.04533450704225352 0.03697183098591549 
0 0.3074383802816901 0.789906103286385 0.05941901408450704 0.028169014084507043 
0 0.31338028169014087 0.8215962441314554 0.056338028169014086 0.035211267605633804 
0 0.36619718309859156 0.8251173708920188 0.040492957746478875 0.028169014084507043 
0 0.36795774647887325 0.7890258215962441 0.04401408450704225 0.03227699530516432 
0 0.3694982394366197 0.7517605633802817 0.04709507042253521 0.028169014084507043 
0 0.37389964788732394 0.710093896713615 0.05413732394366197 0.04107981220657277 
0 0.43221830985915494 0.7136150234741784 0.058098591549295774 0.04225352112676056 
0 0.4282570422535211 0.7576291079812206 0.0528169014084507 0.03990610328638498 
0 0.4267165492957746 0.7948943661971831 0.04973591549295775 0.03814553990610329 
0 0.4295774647887324 0.829518779342723 0.0528169014084507 0.03931924882629108 
0 0.2110475352112676 0.8125 0.058538732394366196 0.03814553990610329 
0 0.20950704225352113 0.7737676056338029 0.0528169014084507 0.03345070422535211 
0 0.5347711267605634 0.7901995305164319 0.0528169014084507 0.03697183098591549 
0 0.48569542253521125 0.7561619718309859 0.050616197183098594 0.03697183098591549 
0 0.3529929577464789 0.9298708920187794 0.05193661971830986 0.03814553990610329 
0 0.35079225352112675 0.965962441314554 0.06514084507042253 0.057511737089201875 
0 0.4152728873239437 0.9630281690140845 0.0682218309859155 0.06338028169014084 
0 0.4746919014084507 0.9595070422535211 0.05501760563380282 0.07042253521126761 
0 0.5341109154929577 0.9571596244131455 0.050616197183098594 0.06572769953051644 
0 0.5983714788732394 0.9615610328638498 0.05413732394366197 0.06631455399061033 
0 0.6511883802816901 0.9624413145539906 0.04533450704225352 0.05868544600938967 
0 0.6908010563380281 0.9556924882629108 0.04533450704225352 0.04870892018779343 
0 0.304137323943662 0.9234154929577465 0.04841549295774648 0.04518779342723005 
0 0.7579225352112676 0.9683098591549296 0.06514084507042253 0.05868544600938967 
0 0.883362676056338 0.9081572769953051 0.058098591549295774 0.03227699530516432 
0 0.9027288732394366 0.9592136150234741 0.07042253521126761 0.07922535211267606 
0 0.9487235915492958 0.9014084507042254 0.05501760563380282 0.022300469483568074 
0 0.9654489436619719 0.948943661971831 0.05941901408450704 0.08215962441314555 
0 0.024867957746478875 0.9190140845070423 0.0488556338028169 0.03403755868544601 
0 0.022007042253521125 0.9551056338028169 0.043133802816901406 0.02640845070422535 
0 0.13930457746478872 0.9621478873239436 0.05501760563380282 0.02640845070422535 
0 0.7282130281690141 0.6159037558685446 0.058538732394366196 0.04988262910798122 
0 0.8230633802816901 0.9686032863849765 0.0721830985915493 0.06279342723004695 
0 0.3001760563380282 0.9688967136150235 0.0625 0.051643192488262914 
0 0.24141725352112675 0.9782863849765259 0.04181338028169014 0.04342723004694836 
0 0.19652288732394366 0.9788732394366197 0.04005281690140845 0.04225352112676056 
0 0.5345510563380281 0.7552816901408451 0.042693661971830985 0.035211267605633804 
0 0.538512323943662 0.8259976525821596 0.05941901408450704 0.03814553990610329 
0 0.5946302816901409 0.8213028169014085 0.05721830985915493 0.03227699530516432 
0 0.5988116197183099 0.784037558685446 0.05501760563380282 0.03403755868544601 
0 0.601012323943662 0.7350352112676056 0.05501760563380282 0.04988262910798122 
0 0.7084066901408451 0.749706572769953 0.04973591549295775 0.04988262910798122 
0 0.6439260563380281 0.8207159624413145 0.04841549295774648 0.03697183098591549 
0 0.7040052816901409 0.7919600938967136 0.04973591549295775 0.03814553990610329 
0 0.7007042253521126 0.8286384976525821 0.04753521126760563 0.04107981220657277 
0 0.7568221830985915 0.8265845070422535 0.04709507042253521 0.027582159624413145 
0 0.7618838028169014 0.795774647887324 0.04841549295774648 0.03403755868544601 
0 0.7579225352112676 0.7453051643192489 0.040492957746478875 0.04107981220657277 
0 0.8058978873239436 0.7488262910798122 0.04841549295774648 0.03990610328638498 
0 0.8118397887323944 0.7890258215962441 0.04709507042253521 0.03227699530516432 
0 0.8096390845070423 0.8303990610328639 0.03829225352112676 0.04107981220657277 
0 0.0840669014084507 0.9330985915492958 0.0528169014084507 0.0528169014084507 
0 0.06316021126760564 0.9818075117370892 0.04005281690140845 0.036384976525821594 
0 0.12037852112676056 0.9870892018779343 0.061179577464788734 0.025821596244131457 
0 0.14326584507042253 0.9160798122065728 0.050616197183098594 0.0539906103286385 
0 0.48899647887323944 0.7928403755868545 0.04841549295774648 0.03403755868544601 
0 0.7288732394366197 0.5575117370892019 0.05721830985915493 0.06455399061032864 
0 0.053036971830985914 0.5126173708920188 0.0682218309859155 0.04284037558685446 
0 0.3871038732394366 0.15316901408450703 0.06734154929577464 0.036384976525821594 
0 0.7772887323943662 0.1517018779342723 0.06602112676056338 0.03931924882629108 
0 0.7825704225352113 0.1164906103286385 0.06602112676056338 0.04284037558685446 
0 0.7849911971830986 0.07188967136150234 0.07262323943661972 0.04988262910798122 
0 0.715669014084507 0.06660798122065728 0.08362676056338028 0.05457746478873239 
0 0.7088468309859155 0.11707746478873239 0.07262323943661972 0.04401408450704225 
0 0.7029049295774648 0.159037558685446 0.07394366197183098 0.04812206572769953 
0 0.7022447183098591 0.19336854460093897 0.0682218309859155 0.03814553990610329 
0 0.7777288732394366 0.1965962441314554 0.06073943661971831 0.04107981220657277 
0 0.6199383802816901 0.17370892018779344 0.0682218309859155 0.051643192488262914 
0 0.628080985915493 0.0636737089201878 0.07394366197183098 0.06631455399061033 
0 0.5444542253521126 0.062206572769953054 0.0801056338028169 0.04812206572769953 
0 0.5422535211267606 0.10710093896713616 0.06954225352112677 0.04401408450704225 
0 0.5422535211267606 0.1437793427230047 0.07130281690140845 0.029342723004694836 
0 0.5411531690140845 0.1869131455399061 0.07174295774647887 0.03345070422535211 
0 0.4647887323943662 0.18896713615023475 0.06602112676056338 0.029342723004694836 
0 0.4652288732394366 0.15463615023474178 0.06954225352112677 0.02523474178403756 
0 0.6186179577464789 0.12235915492957747 0.05941901408450704 0.05457746478873239 
0 0.8536531690140845 0.204518779342723 0.06910211267605634 0.03931924882629108 
0 0.8558538732394366 0.16255868544600938 0.06734154929577464 0.04107981220657277 
0 0.8576144366197183 0.12089201877934272 0.06382042253521127 0.036384976525821594 
0 0.3089788732394366 0.2538145539906103 0.058098591549295774 0.03227699530516432 
0 0.30567781690140844 0.29401408450704225 0.06029929577464789 0.03051643192488263 
0 0.30941901408450706 0.3277582159624413 0.06602112676056338 0.03345070422535211 
0 0.3034771126760563 0.39524647887323944 0.06294014084507042 0.03697183098591549 
0 0.30303697183098594 0.3659037558685446 0.06382042253521127 0.031103286384976527 
0 0.2381161971830986 0.38497652582159625 0.061619718309859156 0.051643192488262914 
0 0.2425176056338028 0.33568075117370894 0.05721830985915493 0.0528169014084507 
0 0.14612676056338028 0.3835093896713615 0.07130281690140845 0.03931924882629108 
0 0.14788732394366197 0.3380281690140845 0.061619718309859156 0.04225352112676056 
0 0.1505281690140845 0.2934272300469484 0.058098591549295774 0.04107981220657277 
0 0.14766725352112675 0.24471830985915494 0.05501760563380282 0.035211267605633804 
0 0.06910211267605634 0.33949530516431925 0.06073943661971831 0.04518779342723005 
0 0.9236355633802817 0.20803990610328638 0.07262323943661972 0.03814553990610329 
0 0.9280369718309859 0.1693075117370892 0.05941901408450704 0.031103286384976527 
0 0.9273767605633803 0.1273474178403756 0.06690140845070422 0.046948356807511735 
0 0.9311179577464789 0.0710093896713615 0.07262323943661972 0.04225352112676056 
0 0.8628961267605634 0.07687793427230047 0.07262323943661972 0.051643192488262914 
0 0.46742957746478875 0.12588028169014084 0.07834507042253522 0.02640845070422535 
0 0.46346830985915494 0.0886150234741784 0.07922535211267606 0.036384976525821594 
0 0.4597271126760563 0.04841549295774648 0.06910211267605634 0.03814553990610329 
0 0.3842429577464789 0.04988262910798122 0.07042253521126761 0.035211267605633804 
0 0.037632042253521125 0.1056338028169014 0.05941901408450704 0.046948356807511735 
0 0.032350352112676055 0.062206572769953054 0.05501760563380282 0.04225352112676056 
0 0.6461267605633803 0.7808098591549296 0.05721830985915493 0.034624413145539906 
0 0.862455985915493 0.6126760563380281 0.06029929577464789 0.04812206572769953 
0 0.9427816901408451 0.5085093896713615 0.06514084507042253 0.04636150234741784 
0 0.735475352112676 0.29284037558685444 0.06338028169014084 0.056338028169014086 
0 0.9097711267605634 0.7511737089201878 0.04137323943661972 0.0528169014084507 
0 0.8006161971830986 0.5586854460093896 0.06338028169014084 0.0528169014084507 
0 0.9330985915492958 0.6100352112676056 0.058098591549295774 0.04988262910798122 
0 0.7942341549295775 0.6141431924882629 0.06029929577464789 0.051056338028169015 
0 0.06888204225352113 0.2919600938967136 0.05501760563380282 0.04870892018779343 
0 0.33274647887323944 0.5440140845070423 0.05897887323943662 0.03990610328638498 
0 0.09286971830985916 0.18339201877934272 0.06338028169014084 0.034624413145539906 
0 0.6463468309859155 0.7411971830985915 0.05237676056338028 0.03755868544600939 
0 0.18904049295774647 0.6050469483568075 0.07174295774647887 0.051643192488262914 
0 0.319762323943662 0.710387323943662 0.04709507042253521 0.04636150234741784 
0 0.06734154929577464 0.3902582159624413 0.06073943661971831 0.04812206572769953 
0 0.030149647887323945 0.1443661971830986 0.05501760563380282 0.03403755868544601 
0 0.3756602112676056 0.25938967136150237 0.07262323943661972 0.035211267605633804 
0 0.02992957746478873 0.1766431924882629 0.0528169014084507 0.028169014084507043 
0 0.09397007042253522 0.10240610328638497 0.05501760563380282 0.03227699530516432 
0 0.38600352112676056 0.09976525821596244 0.06073943661971831 0.035211267605633804 
0 0.3866637323943662 0.12822769953051644 0.07702464788732394 0.03345070422535211 
0 0.38974471830985913 0.18339201877934272 0.05941901408450704 0.04401408450704225 
0 0.3089788732394366 0.18544600938967137 0.0625 0.036384976525821594 
0 0.3122799295774648 0.14964788732394366 0.07350352112676056 0.029342723004694836 
0 0.3045774647887324 0.1164906103286385 0.058098591549295774 0.03931924882629108 
0 0.304137323943662 0.08714788732394366 0.06602112676056338 0.03345070422535211 
0 0.3067781690140845 0.04958920187793427 0.07130281690140845 0.03814553990610329 
0 0.2286531690140845 0.07394366197183098 0.06294014084507042 0.04225352112676056 
0 0.23525528169014084 0.11150234741784038 0.06470070422535211 0.04107981220657277 
0 0.22755281690140844 0.1517018779342723 0.05369718309859155 0.03697183098591549 
0 0.23415492957746478 0.18251173708920188 0.05369718309859155 0.03990610328638498 
0 0.16087147887323944 0.18251173708920188 0.05501760563380282 0.03051643192488263 
0 0.16153169014084506 0.1414319248826291 0.056338028169014086 0.03990610328638498 
0 0.15889084507042253 0.1068075117370892 0.0528169014084507 0.035211267605633804 
0 0.15647007042253522 0.06660798122065728 0.05501760563380282 0.03697183098591549 
0 0.0900088028169014 0.062206572769953054 0.05413732394366197 0.03403755868544601 
0 0.09110915492957747 0.13996478873239437 0.06690140845070422 0.031103286384976527 
0 0.3716989436619718 0.295481220657277 0.06470070422535211 0.03931924882629108 
0 0.9361795774647887 0.3703051643192488 0.0625 0.036384976525821594 
0 0.3716989436619718 0.36238262910798125 0.05413732394366197 0.03814553990610329 
0 0.18727992957746478 0.5578051643192489 0.06382042253521127 0.04988262910798122 
0 0.25880281690140844 0.4744718309859155 0.06602112676056338 0.03931924882629108 
0 0.25880281690140844 0.5161384976525821 0.061619718309859156 0.03814553990610329 
0 0.26100352112676056 0.5610328638497653 0.0528169014084507 0.045774647887323945 
0 0.2599031690140845 0.6071009389671361 0.06205985915492958 0.04401408450704225 
0 0.3248239436619718 0.6088615023474179 0.05721830985915493 0.04988262910798122 
0 0.3283450704225352 0.573650234741784 0.06602112676056338 0.02640845070422535 
0 0.32768485915492956 0.5126173708920188 0.058538732394366196 0.03345070422535211 
0 0.32504401408450706 0.4724178403755869 0.06382042253521127 0.035211267605633804 
0 0.39370598591549294 0.49002347417840375 0.06910211267605634 0.046948356807511735 
0 0.39744718309859156 0.533744131455399 0.06602112676056338 0.04401408450704225 
0 0.39590669014084506 0.5757042253521126 0.07174295774647887 0.036384976525821594 
0 0.394806338028169 0.6115023474178404 0.06514084507042253 0.035211267605633804 
0 0.47249119718309857 0.5199530516431925 0.050616197183098594 0.04225352112676056 
0 0.1894806338028169 0.5149647887323944 0.0682218309859155 0.04401408450704225 
0 0.46346830985915494 0.568368544600939 0.06602112676056338 0.03931924882629108 
0 0.53125 0.6144366197183099 0.0625 0.029342723004694836 
0 0.5290492957746479 0.5748239436619719 0.06690140845070422 0.03814553990610329 
0 0.5950704225352113 0.47975352112676056 0.06073943661971831 0.03814553990610329 
0 0.5944102112676056 0.5146713615023474 0.05941901408450704 0.046948356807511735 
0 0.5950704225352113 0.5472417840375586 0.05369718309859155 0.02640845070422535 
0 0.5957306338028169 0.5836267605633803 0.05941901408450704 0.041666666666666664 
0 0.5955105633802817 0.6203051643192489 0.06602112676056338 0.04107981220657277 
0 0.6648327464788732 0.619131455399061 0.05941901408450704 0.035211267605633804 
0 0.6621919014084507 0.5845070422535211 0.06470070422535211 0.03990610328638498 
0 0.7275528169014085 0.49853286384976525 0.061619718309859156 0.04988262910798122 
0 0.6626320422535211 0.4750586854460094 0.05501760563380282 0.03814553990610329 
0 0.6626320422535211 0.5146713615023474 0.05941901408450704 0.046948356807511735 
0 0.6648327464788732 0.5551643192488263 0.06382042253521127 0.04812206572769953 
0 0.37389964788732394 0.335093896713615 0.06910211267605634 0.03990610328638498 
0 0.4652288732394366 0.6161971830985915 0.0625 0.035211267605633804 
0 0.19234154929577466 0.4709507042253521 0.0625 0.03814553990610329 
0 0.5389524647887324 0.5384389671361502 0.06470070422535211 0.04401408450704225 
0 0.11575704225352113 0.5586854460093896 0.061619718309859156 0.04107981220657277 
0 0.37389964788732394 0.3987676056338028 0.06910211267605634 0.03814553990610329 
0 0.461487676056338 0.39465962441314556 0.05941901408450704 0.03814553990610329 
0 0.46258802816901406 0.363556338028169 0.07042253521126761 0.04988262910798122 
0 0.11971830985915492 0.5176056338028169 0.07394366197183098 0.046948356807511735 
0 0.45752640845070425 0.2793427230046948 0.06734154929577464 0.04225352112676056 
0 0.5360915492957746 0.28374413145539906 0.061619718309859156 0.06279342723004695 
0 0.5338908450704225 0.3430164319248826 0.06602112676056338 0.04988262910798122 
0 0.5338908450704225 0.403462441314554 0.06602112676056338 0.04988262910798122 
0 0.6038732394366197 0.2852112676056338 0.0625 0.03990610328638498 
0 0.6038732394366197 0.32922535211267606 0.056338028169014086 0.036384976525821594 
0 0.6027728873239436 0.37177230046948356 0.058538732394366196 0.04284037558685446 
0 0.6005721830985915 0.4055164319248826 0.055897887323943664 0.04225352112676056 
0 0.6709947183098591 0.39524647887323944 0.06029929577464789 0.04518779342723005 
0 0.6742957746478874 0.34683098591549294 0.05193661971830986 0.0539906103286385 
0 0.6683538732394366 0.2887323943661972 0.05501760563380282 0.046948356807511735 
0 0.4608274647887324 0.32335680751173707 0.07130281690140845 0.03990610328638498 
0 0.7330545774647887 0.39436619718309857 0.04621478873239437 0.046948356807511735 
0 0.734375 0.3512323943661972 0.050616197183098594 0.051056338028169015 
0 0.051056338028169015 0.6035798122065728 0.07042253521126761 0.04518779342723005 
0 0.051056338028169015 0.5548708920187794 0.06602112676056338 0.04284037558685446 
0 0.050836267605633804 0.47007042253521125 0.05941901408450704 0.036384976525821594 
0 0.9493838028169014 0.29694835680751175 0.0625 0.03990610328638498 
0 0.9379401408450704 0.33215962441314556 0.061619718309859156 0.045774647887323945 
0 0.9390404929577465 0.41784037558685444 0.0682218309859155 0.046948356807511735 
0 0.11597711267605634 0.6015258215962441 0.05941901408450704 0.035211267605633804 
0 0.8672975352112676 0.35269953051643194 0.05941901408450704 0.051643192488262914 
0 0.8683978873239436 0.29313380281690143 0.07922535211267606 0.061619718309859156 
0 0.8019366197183099 0.34330985915492956 0.06690140845070422 0.0528169014084507 
0 0.7953345070422535 0.28433098591549294 0.04929577464788732 0.04988262910798122 
0 0.8675176056338029 0.4107981220657277 0.061619718309859156 0.046948356807511735 
0 0.8025968309859155 0.40757042253521125 0.05501760563380282 0.06748826291079812 
